Crime ID,Month,Reported by,Falls within,Longitude,Latitude,Location,LSOA code,LSOA name,Crime type,Last outcome category,Context
09fed2cb4ee7a0b163cbf6972eb02abdc384c898f5c968c11c37d80c1261f70e,2019-01,North Wales Police,North Wales Police,-2.920150,53.179469,On or near High Street,E01018332,Cheshire West and Chester 043A,Burglary,Investigation complete; no suspect identified,
80d7c9791889451d8a6929bf179a638991ceda04fb9d4fccbf83c25adcc582f4,2019-01,North Wales Police,North Wales Police,-2.920150,53.179469,On or near High Street,E01018332,Cheshire West and Chester 043A,Shoplifting,Investigation complete; no suspect identified,
34fb19a2d3b6379f9e567a0546171f76446c6603073f2dfd5d27821c60b62b09,2019-01,North Wales Police,North Wales Police,-2.920150,53.179469,On or near High Street,E01018332,Cheshire West and Chester 043A,Shoplifting,Investigation complete; no suspect identified,
ca53a8b9e995132cae0fbae422bcdaa4023502598d1ac40a41dd84efbbe07e53,2019-01,North Wales Police,North Wales Police,-2.920150,53.179469,On or near High Street,E01018332,Cheshire West and Chester 043A,Shoplifting,Investigation complete; no suspect identified,
e1a608b2d5b0f2192acbacae8d1b25126c5dfde7ae8a56a6f208e9437aeaa691,2019-01,North Wales Police,North Wales Police,-2.925943,53.172647,On or near Halkett Close,E01018352,Cheshire West and Chester 044B,Violence and sexual offences,Unable to prosecute suspect,
,2019-01,North Wales Police,North Wales Police,-3.816662,53.316803,On or near Kingsway,W01000132,Conwy 001A,Anti-social behaviour,,
,2019-01,North Wales Police,North Wales Police,-3.812011,53.320074,On or near Curzon Road,W01000132,Conwy 001A,Anti-social behaviour,,
,2019-01,North Wales Police,North Wales Police,-3.811888,53.317172,On or near Balfour Road,W01000132,Conwy 001A,Anti-social behaviour,,
,2019-01,North Wales Police,North Wales Police,-3.811975,53.319580,On or near Morley Road,W01000132,Conwy 001A,Anti-social behaviour,,
,2019-01,North Wales Police,North Wales Police,-3.811959,53.321675,On or near Back East Parade,W01000132,Conwy 001A,Anti-social behaviour,,
1a3d97e2afb51c525b48c0450f83941748e5c58e6acb2f325c455ef3926c94a6,2019-01,North Wales Police,North Wales Police,-3.810926,53.321385,On or near Victoria Street,W01000132,Conwy 001A,Burglary,Under investigation,
6656d5e9c93c6338b3010453c7cdc35c090d58aafec871fd267fef4f83b6c7d7,2019-01,North Wales Police,North Wales Police,-3.812069,53.321071,On or near Pleasant Street,W01000132,Conwy 001A,Burglary,Investigation complete; no suspect identified,
dec4d5a41687ab6fd7ec162cebb0a065187d51dc10c8cf561944848a4b7c991f,2019-01,North Wales Police,North Wales Police,-3.810926,53.321385,On or near Victoria Street,W01000132,Conwy 001A,Criminal damage and arson,Investigation complete; no suspect identified,
5be602944cda109ec2a7b0c59fffbfde1ae35ea41947e4507e5275fbe6e13fe4,2019-01,North Wales Police,North Wales Police,-3.811959,53.321675,On or near Back East Parade,W01000132,Conwy 001A,Other theft,Investigation complete; no suspect identified,
f33ac54edba86f70f643553be019d20358d65d5cb5395584c16e2319292c5034,2019-01,North Wales Police,North Wales Police,-3.814938,53.318285,On or near Clarence Drive,W01000132,Conwy 001A,Other theft,Unable to prosecute suspect,
ef360ae31f59b38e8540311b81d3f90c3b4c7b34b87930ae0c44a87ad6de4140,2019-01,North Wales Police,North Wales Police,-3.814938,53.318285,On or near Clarence Drive,W01000132,Conwy 001A,Public order,Investigation complete; no suspect identified,
65f1db7637dc0e9e06adab9e590f884170c647abc60c5f6a45ba0ebbc5650e83,2019-01,North Wales Police,North Wales Police,-3.811356,53.320542,On or near Supermarket,W01000132,Conwy 001A,Shoplifting,Investigation complete; no suspect identified,
b7df86382b21a6c1fa7e1e29ba6e60e68fdd6f827323e913d235ace2036ff6dd,2019-01,North Wales Police,North Wales Police,-3.810926,53.321385,On or near Victoria Street,W01000132,Conwy 001A,Shoplifting,Unable to prosecute suspect,
b2a6fe17afe4e068d0af4e2563d18b98fc0b2012766668a898ba845c639c945b,2019-01,North Wales Police,North Wales Police,-3.814938,53.318285,On or near Clarence Drive,W01000132,Conwy 001A,Vehicle crime,Under investigation,
360790ba9790b8606c748c57b66d87f63d8506c9dd85c1d42d4711f10b7f1a2e,2019-01,North Wales Police,North Wales Police,-3.814938,53.318285,On or near Clarence Drive,W01000132,Conwy 001A,Violence and sexual offences,Under investigation,
0743628bcbe5bd9a6b7b5c570f12926e2090fa225d25ead089a5dfc1a0b29297,2019-01,North Wales Police,North Wales Police,-3.814938,53.318285,On or near Clarence Drive,W01000132,Conwy 001A,Violence and sexual offences,Unable to prosecute suspect,
f1c308bb25ae7fc3268c6bd48681addef856432b12ccde513f047bed6939f6ab,2019-01,North Wales Police,North Wales Police,-3.812011,53.320074,On or near Curzon Road,W01000132,Conwy 001A,Violence and sexual offences,Unable to prosecute suspect,
2e751f453805d26285776b49a3721b0f00215267a55ad81abbb9796f12fcf264,2019-01,North Wales Police,North Wales Police,-3.810926,53.321385,On or near Victoria Street,W01000132,Conwy 001A,Violence and sexual offences,Under investigation,
,2019-01,North Wales Police,North Wales Police,-3.831356,53.325838,On or near North Parade,W01000146,Conwy 001B,Anti-social behaviour,,
,2019-01,North Wales Police,North Wales Police,-3.831395,53.324641,On or near George Street,W01000146,Conwy 001B,Anti-social behaviour,,
,2019-01,North Wales Police,North Wales Police,-3.833087,53.325928,On or near Masonic Street,W01000146,Conwy 001B,Anti-social behaviour,,
,2019-01,North Wales Police,North Wales Police,-3.833087,53.325928,On or near Masonic Street,W01000146,Conwy 001B,Anti-social behaviour,,
,2019-01,North Wales Police,North Wales Police,-3.833087,53.325928,On or near Masonic Street,W01000146,Conwy 001B,Anti-social behaviour,,
10ab10e4350b992e0e7208d9c34d8f3b256ac32309696f1d16695ff69900b90a,2019-01,North Wales Police,North Wales Police,-3.834770,53.322818,On or near Breton Street,W01000146,Conwy 001B,Burglary,Investigation complete; no suspect identified,
b71adefa97f08832cb4ef8248854a3c49e271d439f23d1e664be6bf9c6574674,2019-01,North Wales Police,North Wales Police,-3.835530,53.322681,On or near Maelgwy Road,W01000146,Conwy 001B,Burglary,Investigation complete; no suspect identified,
d8fc0ea656c5f2c8a9643f211fb4ea583bbf9c2fe7e5f06d0e2eec51d78b8273,2019-01,North Wales Police,North Wales Police,-3.834071,53.326830,On or near Tudno Street,W01000146,Conwy 001B,Criminal damage and arson,Awaiting court outcome,
21ab5e9b2d705d006ea77f847efe665ac6ea4a2f86669acd414c7f32d0e0dc4e,2019-01,North Wales Police,North Wales Police,-3.832459,53.327052,On or near Court Street,W01000146,Conwy 001B,Criminal damage and arson,Investigation complete; no suspect identified,
1a5257f92994cd1abbe86745fad660453c2f78ce9d04f9c248684779d137e5b1,2019-01,North Wales Police,North Wales Police,-3.832459,53.327052,On or near Court Street,W01000146,Conwy 001B,Criminal damage and arson,Unable to prosecute suspect,
db0e7c203a5340cfb03015cef5a92f573762eea47f885080d48892ab0e00d5ea,2019-01,North Wales Police,North Wales Police,-3.837068,53.326334,On or near Ty'N-Y-Maes Hill,W01000146,Conwy 001B,Criminal damage and arson,Unable to prosecute suspect,
a0a26a648729d62e50bb1ee0ef25a2c158641bf2ba90acfa73721bf80945666e,2019-01,North Wales Police,North Wales Police,-3.831911,53.325478,On or near Mostyn Street,W01000146,Conwy 001B,Criminal damage and arson,Investigation complete; no suspect identified,
a3fcd3c683741e68e2a36064949a97c174d1651db76f20ed81e2bd0293aa0929,2019-01,North Wales Police,North Wales Police,-3.832449,53.324715,On or near Windsor Passage,W01000146,Conwy 001B,Drugs,Offender given a caution,
f85378700ccc269acf4eb3be09db44097581a53396c7c48e4830cbecea2b1d4b,2019-01,North Wales Police,North Wales Police,-3.830501,53.325158,On or near Ty Isa Road,W01000146,Conwy 001B,Other theft,Under investigation,
cf73e18d3f90778aa94a3554c377a2d57807ff579948049f14dac20b3174fecb,2019-01,North Wales Police,North Wales Police,-3.832449,53.324715,On or near Windsor Passage,W01000146,Conwy 001B,Public order,Unable to prosecute suspect,
8765ecb857a6ccf76685541eee849d00398fdfeea71dd6f65b8d65b8cee9c5e7,2019-01,North Wales Police,North Wales Police,-3.832449,53.324715,On or near Windsor Passage,W01000146,Conwy 001B,Public order,Offender given community sentence,
0a5e203ebc97dd3ce12a217dbf540aeb7f2ec49fa4feefeecf2409c6858d9e7b,2019-01,North Wales Police,North Wales Police,-3.833488,53.327576,On or near Tan-Yr-Ogof Road,W01000146,Conwy 001B,Public order,Under investigation,
d16b34c0958b29f20e904464139196d708c58d035888ea9b68b7e09a0d89a49a,2019-01,North Wales Police,North Wales Police,-3.833087,53.325928,On or near Masonic Street,W01000146,Conwy 001B,Public order,Further investigation is not in the public interest,
0858c90b1d38e91b083508d08b24e2fbc8bebd65d4031d8652ce4c4b0853b955,2019-01,North Wales Police,North Wales Police,-3.832449,53.324715,On or near Windsor Passage,W01000146,Conwy 001B,Public order,Unable to prosecute suspect,
bec46ebe9440e5cc69f5e6ee7a3d479bb750768a5bcc387b1b509145808ed5f9,2019-01,North Wales Police,North Wales Police,-3.843334,53.321904,On or near Lon Yr Abaty,W01000146,Conwy 001B,Public order,Unable to prosecute suspect,
7782d9acec9eed85e93a28e0d9b362515d8094858bbfb353d7847118a1d51794,2019-01,North Wales Police,North Wales Police,-3.831911,53.325478,On or near Mostyn Street,W01000146,Conwy 001B,Shoplifting,Under investigation,
4522b5f35f5adbca2d00669d753e3627406d3246bc0894663ed6c59621b32236,2019-01,North Wales Police,North Wales Police,-3.831395,53.324641,On or near George Street,W01000146,Conwy 001B,Shoplifting,Offender given community sentence,
b52ac6bf8ff04e6faea8c4081e57b5a368be22e39aae3d2d1e39f81ecb90fc97,2019-01,North Wales Police,North Wales Police,-3.833306,53.323686,On or near Back Holland Terrace,W01000146,Conwy 001B,Violence and sexual offences,Under investigation,
bf3c99e12c455d9ee12794b3832da68b4230d274f559da822ed4a8b61dd32399,2019-01,North Wales Police,North Wales Police,-3.835009,53.326626,On or near Water Street,W01000146,Conwy 001B,Violence and sexual offences,Investigation complete; no suspect identified,
09b6187287f6b9ce5db97eeec36e50b91bfa06047b4b3934900d4b6ac5c5735f,2019-01,North Wales Police,North Wales Police,-3.831911,53.325478,On or near Mostyn Street,W01000146,Conwy 001B,Violence and sexual offences,Unable to prosecute suspect,
e43af5143474c3265998547b23cc4c5ec483a17d948f9df1688af08308fcb5b6,2019-01,North Wales Police,North Wales Police,-3.830501,53.325158,On or near Ty Isa Road,W01000146,Conwy 001B,Violence and sexual offences,Under investigation,
c52c6827bdebf1f54f939295960d1d8867c6c8ff2a25d8d9e4fcac6523687263,2019-01,North Wales Police,North Wales Police,-3.833087,53.325928,On or near Masonic Street,W01000146,Conwy 001B,Violence and sexual offences,Defendant found not guilty,
6d51bc38347470c6f77db46593b34539dbf13304aa7b8dc8c06b716e20459daf,2019-01,North Wales Police,North Wales Police,-3.831918,53.326692,On or near Vardre Lane,W01000146,Conwy 001B,Violence and sexual offences,Unable to prosecute suspect,
f370a963bbd0966f34b902567275b9402f124e3632fa96db68bf456293b4f3f1,2019-01,North Wales Police,North Wales Police,-3.834778,53.325102,On or near Clement Street,W01000146,Conwy 001B,Violence and sexual offences,Under investigation,
31ea02b66650d712ba512cd8b5299ca74486c4c911d9cc677e6f8526522c5905,2019-01,North Wales Police,North Wales Police,-3.833087,53.325928,On or near Masonic Street,W01000146,Conwy 001B,Violence and sexual offences,Unable to prosecute suspect,
f0a1c910ea02f8555b3eb5375390cf31d052486abde6d5433486ca9091e749d3,2019-01,North Wales Police,North Wales Police,-3.832380,53.324150,On or near Chapel Street,W01000146,Conwy 001B,Violence and sexual offences,Unable to prosecute suspect,
80a2b64f7a9a12ce72a1025342be58c0f780cab87a32bd436ad3f235debe204f,2019-01,North Wales Police,North Wales Police,-3.834071,53.326830,On or near Tudno Street,W01000146,Conwy 001B,Violence and sexual offences,Formal action is not in the public interest,
e9fd79b0b918bac9fa8cc8588a391d599d82c8c00cb2d764afee389cf4511f49,2019-01,North Wales Police,North Wales Police,-3.834618,53.323126,On or near Clifton Road,W01000146,Conwy 001B,Violence and sexual offences,Unable to prosecute suspect,
5795b8c85e4b8a7f68826d5c6be5c7d15872b3b74a3de40b12469fbf6eca6140,2019-01,North Wales Police,North Wales Police,-3.830673,53.325659,On or near Back South Parade,W01000146,Conwy 001B,Violence and sexual offences,Under investigation,
5a591308c6845ea8b8519e99e153f9b2c964a29b52dab9fbf630256ca7359f13,2019-01,North Wales Police,North Wales Police,-3.833488,53.327576,On or near Tan-Yr-Ogof Road,W01000146,Conwy 001B,Violence and sexual offences,Under investigation,
dc75bd0505839b1bd82f5bae7cc318c15b45d319cb01c9067492d71b34f9de47,2019-01,North Wales Police,North Wales Police,-3.830673,53.325659,On or near Back South Parade,W01000146,Conwy 001B,Violence and sexual offences,Unable to prosecute suspect,
,2019-01,North Wales Police,North Wales Police,-3.860778,53.329077,On or near Marine Drive,W01000147,Conwy 001C,Anti-social behaviour,,
53378c9d05ebe2c8baff2abf1a9449e9070ea446dfb39b9f23acba494805155e,2019-01,North Wales Police,North Wales Police,-3.852371,53.332264,On or near Park/Open Space,W01000147,Conwy 001C,Criminal damage and arson,Investigation complete; no suspect identified,
ae00297ee8539c3576b6e4b0b7f02a6b70b44f5f4ef7db1754fdb1e28412f4df,2019-01,North Wales Police,North Wales Police,-3.836452,53.321768,On or near St Andrew'S Place,W01000147,Conwy 001C,Criminal damage and arson,Investigation complete; no suspect identified,
1069959f3c5d5bc1b96d89a73e2b461465f55841a73eb64f49848f07a1d70a68,2019-01,North Wales Police,North Wales Police,-3.852371,53.332264,On or near Park/Open Space,W01000147,Conwy 001C,Criminal damage and arson,Investigation complete; no suspect identified,
4643cf4d3c30900faade65a4601c89a68f1b271bff2f615c2727e2c8f7511731,2019-01,North Wales Police,North Wales Police,-3.841295,53.319185,On or near Lloyd Street West,W01000147,Conwy 001C,Public order,Investigation complete; no suspect identified,
,2019-01,North Wales Police,North Wales Police,-3.832731,53.317644,On or near King'S Avenue,W01000169,Conwy 001D,Anti-social behaviour,,
,2019-01,North Wales Police,North Wales Police,-3.834750,53.320248,On or near St Seiriol'S Road,W01000169,Conwy 001D,Anti-social behaviour,,
,2019-01,North Wales Police,North Wales Police,-3.830177,53.323545,On or near Norwood Passage,W01000169,Conwy 001D,Anti-social behaviour,,
,2019-01,North Wales Police,North Wales Police,-3.828270,53.321093,On or near Albion Street,W01000169,Conwy 001D,Anti-social behaviour,,
,2019-01,North Wales Police,North Wales Police,-3.828230,53.324025,On or near Somerset Street,W01000169,Conwy 001D,Anti-social behaviour,,
,2019-01,North Wales Police,North Wales Police,-3.829024,53.320461,On or near Jubilee Street,W01000169,Conwy 001D,Anti-social behaviour,,
,2019-01,North Wales Police,North Wales Police,-3.825471,53.323051,On or near Bodafon Street,W01000169,Conwy 001D,Anti-social behaviour,,
,2019-01,North Wales Police,North Wales Police,-3.830097,53.323798,On or near Reform Street,W01000169,Conwy 001D,Anti-social behaviour,,
,2019-01,North Wales Police,North Wales Police,-3.825471,53.323051,On or near Bodafon Street,W01000169,Conwy 001D,Anti-social behaviour,,
,2019-01,North Wales Police,North Wales Police,-3.825471,53.323051,On or near Bodafon Street,W01000169,Conwy 001D,Anti-social behaviour,,
,2019-01,North Wales Police,North Wales Police,-3.829024,53.320461,On or near Jubilee Street,W01000169,Conwy 001D,Anti-social behaviour,,
,2019-01,North Wales Police,North Wales Police,-3.829370,53.324699,On or near St George'S Place,W01000169,Conwy 001D,Anti-social behaviour,,
,2019-01,North Wales Police,North Wales Police,-3.829808,53.322292,On or near Further/Higher Educational Building,W01000169,Conwy 001D,Anti-social behaviour,,
,2019-01,North Wales Police,North Wales Police,-3.828230,53.324025,On or near Somerset Street,W01000169,Conwy 001D,Anti-social behaviour,,
,2019-01,North Wales Police,North Wales Police,-3.825471,53.323051,On or near Bodafon Street,W01000169,Conwy 001D,Anti-social behaviour,,
,2019-01,North Wales Police,North Wales Police,-3.825471,53.323051,On or near Bodafon Street,W01000169,Conwy 001D,Anti-social behaviour,,
,2019-01,North Wales Police,North Wales Police,-3.825471,53.323051,On or near Bodafon Street,W01000169,Conwy 001D,Anti-social behaviour,,
42822604e900c3ac521c0aabd94e3cf8d44862e2ea623cdf03584ac66972ead7,2019-01,North Wales Police,North Wales Police,-3.831767,53.320707,On or near St David'S Place,W01000169,Conwy 001D,Burglary,Investigation complete; no suspect identified,
99a90fe31d32c9c03c61a9b329e73a1b46e5c3d9c2d27a760a2c3b29296e209b,2019-01,North Wales Police,North Wales Police,-3.826436,53.321391,On or near Back Charlton Street,W01000169,Conwy 001D,Burglary,Investigation complete; no suspect identified,
14006b3b21edffe69c76ca4def03d3424f51c85b60db75aad5e2ab84fee83c1c,2019-01,North Wales Police,North Wales Police,-3.831531,53.319767,On or near St David'S Road,W01000169,Conwy 001D,Criminal damage and arson,Unable to prosecute suspect,
024b4a68769a9e11281fc18cf7d01d48097d3116db2ee5c4149671fa0ae784d2,2019-01,North Wales Police,North Wales Police,-3.829370,53.324699,On or near St George'S Place,W01000169,Conwy 001D,Possession of weapons,Awaiting court outcome,
32834907686f8894c5dd58ece4ee144e3bab76de92ed42fd87b6f6fe42424ec3,2019-01,North Wales Police,North Wales Police,-3.830177,53.323545,On or near Norwood Passage,W01000169,Conwy 001D,Public order,Unable to prosecute suspect,
29faff4713db8c6cce147682f4a71cce11d222cf95f637ab5c3fc2cf31b7899c,2019-01,North Wales Police,North Wales Police,-3.829355,53.323297,On or near Parking Area,W01000169,Conwy 001D,Public order,Under investigation,
ae561526e4fd0730937a1c9433c0cf736b0d3dc49b72e9d06200f50af02b7f06,2019-01,North Wales Police,North Wales Police,-3.829355,53.323297,On or near Parking Area,W01000169,Conwy 001D,Shoplifting,Under investigation,
7f41bfa12a4cbec8aae4eb0eda0fb168dad6820537fb1b0e99afb8493193c186,2019-01,North Wales Police,North Wales Police,-3.826800,53.323597,On or near Clonmel Street,W01000169,Conwy 001D,Shoplifting,Investigation complete; no suspect identified,
cb202161b4d1367e563466351cfc0cc6897de55a1a6e1819cfca4ff3874275ea,2019-01,North Wales Police,North Wales Police,-3.829355,53.323297,On or near Parking Area,W01000169,Conwy 001D,Shoplifting,Awaiting court outcome,
9d529f06c58995f3d10e35ace10c5df35b0c62a49179bb7ccc73e336f135474d,2019-01,North Wales Police,North Wales Police,-3.826800,53.323597,On or near Clonmel Street,W01000169,Conwy 001D,Vehicle crime,Investigation complete; no suspect identified,
5a6b1b206593a8989a3788c2802b447fb90aa51743fda3fc1db460cb25cbabca,2019-01,North Wales Police,North Wales Police,-3.834750,53.320248,On or near St Seiriol'S Road,W01000169,Conwy 001D,Violence and sexual offences,Unable to prosecute suspect,
89370298afefefbc2fa7a2ca0d5e94857490764ff958fc0d6b2af281359f438e,2019-01,North Wales Police,North Wales Police,-3.828270,53.321093,On or near Albion Street,W01000169,Conwy 001D,Violence and sexual offences,Under investigation,
1ea7501195de6376c271b3c1344e11f6b165348fcf629a8b8749caa689bc1b57,2019-01,North Wales Police,North Wales Police,-3.828270,53.321093,On or near Albion Street,W01000169,Conwy 001D,Violence and sexual offences,Under investigation,
12c0eb3d0857280b4ea7a61e8a0c5cd26a969f82743595326bf048aa3f254929,2019-01,North Wales Police,North Wales Police,-3.834253,53.319158,On or near St Seiriol'S Gardens,W01000169,Conwy 001D,Violence and sexual offences,Awaiting court outcome,
78114e40c474105cd42ad4ab1edb04182fcd60ef5c27c26dcef3f72b56431ad4,2019-01,North Wales Police,North Wales Police,-3.834253,53.319158,On or near St Seiriol'S Gardens,W01000169,Conwy 001D,Violence and sexual offences,Awaiting court outcome,
212cd2e74f9a98470874baa7e57061821949c1d6d0dd9f202a78049cd948d2a1,2019-01,North Wales Police,North Wales Police,-3.834750,53.320248,On or near St Seiriol'S Road,W01000169,Conwy 001D,Violence and sexual offences,Under investigation,
45c793a4d47bcf1a3582edf0025a50ed0c7bc67b83d76d44f2e35bd176c790f5,2019-01,North Wales Police,North Wales Police,-3.830420,53.320116,On or near Thorpe Street,W01000169,Conwy 001D,Violence and sexual offences,Action to be taken by another organisation,
582a683dbc497b50ff48417b189dc55680126f2762fcf446aa9925bbb4ce028b,2019-01,North Wales Police,North Wales Police,-3.825930,53.321848,On or near John Street,W01000169,Conwy 001D,Violence and sexual offences,Under investigation,
dee366f1e33e5d700f239a33d0f61485eb16ddc44fa5196abd3f800cbc978987,2019-01,North Wales Police,North Wales Police,-3.834750,53.320248,On or near St Seiriol'S Road,W01000169,Conwy 001D,Violence and sexual offences,Under investigation,
07bdca6f5786e080e7964fa13dd61340c52b1418eafff3ce3a778feaca71092d,2019-01,North Wales Police,North Wales Police,-3.834750,53.320248,On or near St Seiriol'S Road,W01000169,Conwy 001D,Violence and sexual offences,Unable to prosecute suspect,
aec8422ea0d324720b9ebaa9d02083ba0c2ad43156c96db623a6b908a4310417,2019-01,North Wales Police,North Wales Police,-3.834253,53.319158,On or near St Seiriol'S Gardens,W01000169,Conwy 001D,Violence and sexual offences,Awaiting court outcome,
632f5455ebe633de0e92a01b51a1bec0f944cac726bf78a8b74a8d1d355c3008,2019-01,North Wales Police,North Wales Police,-3.829355,53.323297,On or near Parking Area,W01000169,Conwy 001D,Violence and sexual offences,Under investigation,
31152b1143dafe3ef7a069dcb66e9abc8d694943c8193d2a614ffca71b872c87,2019-01,North Wales Police,North Wales Police,-3.833360,53.322498,On or near Lloyd Street,W01000169,Conwy 001D,Violence and sexual offences,Defendant found not guilty,
fee589a35b01abfa52924676b6b168bd51e3c82e2fe4aa30fd9b0d2573d2dbda,2019-01,North Wales Police,North Wales Police,-3.834005,53.316879,On or near King'S Drive,W01000169,Conwy 001D,Violence and sexual offences,Under investigation,
a295f05680013b0473de7bb6be41c0e23d5a56402c29eb8a9edc8b3e94fa3bdd,2019-01,North Wales Police,North Wales Police,-3.830420,53.320116,On or near Thorpe Street,W01000169,Conwy 001D,Violence and sexual offences,Unable to prosecute suspect,
6eec0cc2f48632934cc57d54c9e378640ff3d57cc725073eb9cef688f19bc9fb,2019-01,North Wales Police,North Wales Police,-3.825584,53.321845,On or near Back John Street,W01000169,Conwy 001D,Violence and sexual offences,Unable to prosecute suspect,
c6ddd3f100edc7fe540b0b9b584761a7bd00bfa4577b817e0ec059a033588b1b,2019-01,North Wales Police,North Wales Police,-3.834253,53.319158,On or near St Seiriol'S Gardens,W01000169,Conwy 001D,Violence and sexual offences,Awaiting court outcome,
e5e603c159fd5f28bca5a037758037f93d727bf42705a53adb8c7210ea496315,2019-01,North Wales Police,North Wales Police,-3.834750,53.320248,On or near St Seiriol'S Road,W01000169,Conwy 001D,Violence and sexual offences,Further investigation is not in the public interest,
08c19b10aa59c093d2c40a91cd69221b7f4083aeeadc944725f254a57fa5ebe0,2019-01,North Wales Police,North Wales Police,-3.829370,53.324699,On or near St George'S Place,W01000169,Conwy 001D,Violence and sexual offences,Awaiting court outcome,
7a554d6e83cea78345c4229b4ba8a8b77195413170261fcb53aabe71c63d519f,2019-01,North Wales Police,North Wales Police,-3.825930,53.321848,On or near John Street,W01000169,Conwy 001D,Violence and sexual offences,Under investigation,
294624cde06e651e9d0af9263339423f16c76d6be1cefc384a2ee43e13cd0d30,2019-01,North Wales Police,North Wales Police,-3.834005,53.316879,On or near King'S Drive,W01000169,Conwy 001D,Other crime,Under investigation,
,2019-01,North Wales Police,North Wales Police,-3.816266,53.318795,On or near Clarence Crescent,W01000186,Conwy 001E,Anti-social behaviour,,
,2019-01,North Wales Police,North Wales Police,-3.822889,53.317786,On or near Jackson'S Court,W01000186,Conwy 001E,Anti-social behaviour,,
,2019-01,North Wales Police,North Wales Police,-3.820399,53.320297,On or near Tudor Crescent,W01000186,Conwy 001E,Anti-social behaviour,,
,2019-01,North Wales Police,North Wales Police,-3.824059,53.318470,On or near Supermarket,W01000186,Conwy 001E,Anti-social behaviour,,
,2019-01,North Wales Police,North Wales Police,-3.823419,53.316834,On or near Ffordd Dewi,W01000186,Conwy 001E,Anti-social behaviour,,
,2019-01,North Wales Police,North Wales Police,-3.823426,53.322291,On or near Moon Street,W01000186,Conwy 001E,Anti-social behaviour,,
,2019-01,North Wales Police,North Wales Police,-3.818768,53.317975,On or near Supermarket,W01000186,Conwy 001E,Anti-social behaviour,,
,2019-01,North Wales Police,North Wales Police,-3.824206,53.317685,On or near Ffordd Penrhyn,W01000186,Conwy 001E,Anti-social behaviour,,
,2019-01,North Wales Police,North Wales Police,-3.824206,53.317685,On or near Ffordd Penrhyn,W01000186,Conwy 001E,Anti-social behaviour,,
,2019-01,North Wales Police,North Wales Police,-3.822889,53.317786,On or near Jackson'S Court,W01000186,Conwy 001E,Anti-social behaviour,,
,2019-01,North Wales Police,North Wales Police,-3.821601,53.317860,On or near Ffordd Morfa,W01000186,Conwy 001E,Anti-social behaviour,,
,2019-01,North Wales Police,North Wales Police,-3.821601,53.317860,On or near Ffordd Morfa,W01000186,Conwy 001E,Anti-social behaviour,,
,2019-01,North Wales Police,North Wales Police,-3.816266,53.318795,On or near Clarence Crescent,W01000186,Conwy 001E,Anti-social behaviour,,
,2019-01,North Wales Police,North Wales Police,-3.824059,53.318470,On or near Supermarket,W01000186,Conwy 001E,Anti-social behaviour,,
,2019-01,North Wales Police,North Wales Police,-3.818768,53.317975,On or near Supermarket,W01000186,Conwy 001E,Anti-social behaviour,,
,2019-01,North Wales Police,North Wales Police,-3.822860,53.317113,On or near Canol Creuddyn,W01000186,Conwy 001E,Anti-social behaviour,,
468f44bd729cef42b843611b3294871408cd6cdee881b893329217546201f26e,2019-01,North Wales Police,North Wales Police,-3.819504,53.316912,On or near Conway Road,W01000186,Conwy 001E,Bicycle theft,Investigation complete; no suspect identified,
fcc3ed75a8416b2a160eec271f4e5c9d870c872b4cfb94e318a9c2a9ffe3a4f1,2019-01,North Wales Police,North Wales Police,-3.814041,53.319423,On or near Maes Clyd,W01000186,Conwy 001E,Burglary,Investigation complete; no suspect identified,
82533a21019711ac193e82e11af3aff0548855e3443c1b2bd171b01d7d1c67f3,2019-01,North Wales Police,North Wales Police,-3.824024,53.322579,On or near Vaughan Street,W01000186,Conwy 001E,Burglary,Investigation complete; no suspect identified,
70d8b4c75bacb4b3197586145c5c69dc61a9d7bfd3aafda0b3793cb070c1955c,2019-01,North Wales Police,North Wales Police,-3.824024,53.322579,On or near Vaughan Street,W01000186,Conwy 001E,Burglary,Investigation complete; no suspect identified,
3e04f8e7b5b9e36e88927df8cf93a0b44dd4fc5e02f49b09141e7aa162375662,2019-01,North Wales Police,North Wales Police,-3.820399,53.320297,On or near Tudor Crescent,W01000186,Conwy 001E,Criminal damage and arson,Investigation complete; no suspect identified,
0d68d5bb442cc85a0043e0e5a237d5a572e37d58a7971622be03f6e57f81265b,2019-01,North Wales Police,North Wales Police,-3.822889,53.317786,On or near Jackson'S Court,W01000186,Conwy 001E,Criminal damage and arson,Unable to prosecute suspect,
331b8184e08fa9ef2d29b21daee4d1f4fe43d443a0e6a937cf97fcee129abe20,2019-01,North Wales Police,North Wales Police,-3.824958,53.320883,On or near Garage Street,W01000186,Conwy 001E,Criminal damage and arson,Under investigation,
c7b22ae7d5ed74486ede09f69921a465a312a470493d8749b68a93b67cc4aade,2019-01,North Wales Police,North Wales Police,-3.825342,53.319340,On or near Dobinson'S Lane,W01000186,Conwy 001E,Criminal damage and arson,Investigation complete; no suspect identified,
28758d3eb147057618c563e027322cff2042bd5426e84418a1a723c13c26b644,2019-01,North Wales Police,North Wales Police,-3.824958,53.320883,On or near Garage Street,W01000186,Conwy 001E,Criminal damage and arson,Investigation complete; no suspect identified,
44dc29e69ed1d994405ff8ef3ebd06b09c4acaaa02013e6decb1f95e605bcdc5,2019-01,North Wales Police,North Wales Police,-3.815239,53.321472,On or near Ty'N Y Ffrith Road,W01000186,Conwy 001E,Criminal damage and arson,Investigation complete; no suspect identified,
0f1ec27367676367bce2da6eda9f407dd93db6cbc57307f98ce3ddffce74a286,2019-01,North Wales Police,North Wales Police,-3.824206,53.317685,On or near Ffordd Penrhyn,W01000186,Conwy 001E,Criminal damage and arson,Investigation complete; no suspect identified,
6e0f727a981f051175b4345f0991619e6e1ca90c6ccb2a340b6bccb39955867f,2019-01,North Wales Police,North Wales Police,-3.815136,53.318696,On or near Cae Clyd,W01000186,Conwy 001E,Criminal damage and arson,Under investigation,
ae7f9b455be16027053bb8eecb185d9914149b6a0d910fd7e6e994596aeca84d,2019-01,North Wales Police,North Wales Police,-3.824958,53.320883,On or near Garage Street,W01000186,Conwy 001E,Drugs,Offender given a drugs possession warning,
ca3eee320cc25b8a1cf7f91bc6737954fa90f82543b66555edf9062f57ab8ef9,2019-01,North Wales Police,North Wales Police,-3.822860,53.317113,On or near Canol Creuddyn,W01000186,Conwy 001E,Other theft,Unable to prosecute suspect,
72eeae648285db455576b39fd0cdff30ab72c9fc68cd59e55b801a95a0490b50,2019-01,North Wales Police,North Wales Police,-3.823005,53.319807,On or near Petrol Station,W01000186,Conwy 001E,Public order,Unable to prosecute suspect,
f47480d4f0f389dcd16a8bf61a45527f7950f5ab9c7e456258142f0f7ac247bd,2019-01,North Wales Police,North Wales Police,-3.823005,53.319807,On or near Petrol Station,W01000186,Conwy 001E,Public order,Unable to prosecute suspect,
bf6c301336f94b317dd4b453d07dbb782d01336faebc4a360ca9ac6c7b1a6261,2019-01,North Wales Police,North Wales Police,-3.818768,53.317975,On or near Supermarket,W01000186,Conwy 001E,Public order,Under investigation,
805dfc2cde6f6be50cb9091225bc5d7579effc1739ba33bf3af31b47009b5dfd,2019-01,North Wales Police,North Wales Police,-3.824206,53.317685,On or near Ffordd Penrhyn,W01000186,Conwy 001E,Public order,Under investigation,
19465f4f02c75ff0c6847bf09e734c3b2f36ab19a2870cd7a7bb18c99ec18293,2019-01,North Wales Police,North Wales Police,-3.824059,53.318470,On or near Supermarket,W01000186,Conwy 001E,Shoplifting,Under investigation,
136e7bb0115c621a6091b59cd3a97d47613c04a4f15a4f105303ff241cbe03b8,2019-01,North Wales Police,North Wales Police,-3.821802,53.322226,On or near Adelphi Street,W01000186,Conwy 001E,Shoplifting,Under investigation,
2ed5ef6adf29126bb37a38706e5cf5070b20302b55fed283e85b9a24d5cdde34,2019-01,North Wales Police,North Wales Police,-3.821802,53.322226,On or near Adelphi Street,W01000186,Conwy 001E,Shoplifting,Awaiting court outcome,
4a45aea65f71af90bf9e599a96e993ab70a0a5edd42c0dfa131cdd3726ab6ed3,2019-01,North Wales Police,North Wales Police,-3.824059,53.318470,On or near Supermarket,W01000186,Conwy 001E,Shoplifting,Awaiting court outcome,
dd7c6b6b8de67995ed3a7c0680037bcecc4b77b6096699864c5e700043f34f11,2019-01,North Wales Police,North Wales Police,-3.821802,53.322226,On or near Adelphi Street,W01000186,Conwy 001E,Shoplifting,Offender sent to prison,
e692a9cafb59bed4c64e1a6470e472b70a54a0c7bece5989b2a57efbfb9b0ad4,2019-01,North Wales Police,North Wales Police,-3.824059,53.318470,On or near Supermarket,W01000186,Conwy 001E,Shoplifting,Offender sent to prison,
38e7453d735209944000d73b5762a3d3fb98e2ac89c3c7fd18056b6d87c5a32e,2019-01,North Wales Police,North Wales Police,-3.823426,53.322291,On or near Moon Street,W01000186,Conwy 001E,Shoplifting,Under investigation,
fb949ce809e07e9d7b0f6e4a321448f46511438ad6f7f67affbd112eac07d64c,2019-01,North Wales Police,North Wales Police,-3.818768,53.317975,On or near Supermarket,W01000186,Conwy 001E,Shoplifting,Under investigation,
92e8f1155fcbd26434bbdaf811ac5bcaefdf01517ecf0ac19cf0d49251676506,2019-01,North Wales Police,North Wales Police,-3.816756,53.321836,On or near Theatre/Concert Hall,W01000186,Conwy 001E,Shoplifting,Awaiting court outcome,
7d1384c5a808213b186e23fca3b1e79ec23b6de4b446b1aa3038531a8ad9f11d,2019-01,North Wales Police,North Wales Police,-3.821802,53.322226,On or near Adelphi Street,W01000186,Conwy 001E,Shoplifting,Investigation complete; no suspect identified,
ff7b70a31d1a1f26e5a019166d67cab1fd13bc41cc5c9d2486f62330069ed79f,2019-01,North Wales Police,North Wales Police,-3.821802,53.322226,On or near Adelphi Street,W01000186,Conwy 001E,Shoplifting,Awaiting court outcome,
d0b2ca33e84aed4d3ee030bf6b5df0667c5583b3eec1aceb6634784aa0c669ce,2019-01,North Wales Police,North Wales Police,-3.823426,53.322291,On or near Moon Street,W01000186,Conwy 001E,Shoplifting,Awaiting court outcome,
43a081e1d29e6f77d5f9a4ad69fba95024e8ba013138e2b82bc96f978b00619f,2019-01,North Wales Police,North Wales Police,-3.824059,53.318470,On or near Supermarket,W01000186,Conwy 001E,Shoplifting,Under investigation,
dcb166e72de1cd58f4b11ef96625910950bed3fb6581417bfe61c481e017e9d0,2019-01,North Wales Police,North Wales Police,-3.824059,53.318470,On or near Supermarket,W01000186,Conwy 001E,Shoplifting,Unable to prosecute suspect,
a1f655a5713bfc45f2693fc4169247ceb5639dd7514f067c1a3e4223550972da,2019-01,North Wales Police,North Wales Police,-3.818768,53.317975,On or near Supermarket,W01000186,Conwy 001E,Shoplifting,Unable to prosecute suspect,
d24d824c52a66219214d29d3436221f3a89e6199c4efc598b8ecfc98ec1546e4,2019-01,North Wales Police,North Wales Police,-3.823426,53.322291,On or near Moon Street,W01000186,Conwy 001E,Shoplifting,Offender given suspended prison sentence,
980f7f1423675615e8ba62d775a49a2c1f9281023918e6ff7bef68121b2834d7,2019-01,North Wales Police,North Wales Police,-3.824059,53.318470,On or near Supermarket,W01000186,Conwy 001E,Shoplifting,Investigation complete; no suspect identified,
39a4af02af08756a549950cbe22dcf9789fcc1e758986f55cede1c2203dcb0df,2019-01,North Wales Police,North Wales Police,-3.824059,53.318470,On or near Supermarket,W01000186,Conwy 001E,Shoplifting,Awaiting court outcome,
d95b9e572adb0ef02b0fca7df7bea11ee59b2489342a0b87ae6601db3c9d1890,2019-01,North Wales Police,North Wales Police,-3.818768,53.317975,On or near Supermarket,W01000186,Conwy 001E,Shoplifting,Offender given community sentence,
90f2a7a8b4083d6b9f3f328df1e8e1243c9e6665202e3cceb70323339f020314,2019-01,North Wales Police,North Wales Police,-3.818768,53.317975,On or near Supermarket,W01000186,Conwy 001E,Shoplifting,Offender otherwise dealt with,
b1a354c8134ac95ee22853e037728a7738fe3cc6eb850047aa02644304261de8,2019-01,North Wales Police,North Wales Police,-3.816756,53.321836,On or near Theatre/Concert Hall,W01000186,Conwy 001E,Shoplifting,Investigation complete; no suspect identified,
6c42827dd568ebe7fe19f1b6489e5cc54a68481dbdc277032c06d356627bfcc6,2019-01,North Wales Police,North Wales Police,-3.816756,53.321836,On or near Theatre/Concert Hall,W01000186,Conwy 001E,Shoplifting,Under investigation,
d7c0331658185262c51d4e982f6acefd66daa33f3f070c228b2875552992037d,2019-01,North Wales Police,North Wales Police,-3.825342,53.319340,On or near Dobinson'S Lane,W01000186,Conwy 001E,Violence and sexual offences,Unable to prosecute suspect,
e84cff2714511fc5319a1e180918edd93ac8e811e278789af9a6eac7c5083e23,2019-01,North Wales Police,North Wales Police,-3.814041,53.319423,On or near Maes Clyd,W01000186,Conwy 001E,Violence and sexual offences,Under investigation,
cee2141a0993aedc492434405c5b25b29e96f506a8d0fdc36aa6e8dee460d9d7,2019-01,North Wales Police,North Wales Police,-3.820277,53.316738,On or near Belvedere Place,W01000186,Conwy 001E,Violence and sexual offences,Unable to prosecute suspect,
7ec6da016203d4e932fd0db060be00c6eb1d717d69965341663955e59849bebf,2019-01,North Wales Police,North Wales Police,-3.821601,53.317860,On or near Ffordd Morfa,W01000186,Conwy 001E,Violence and sexual offences,Awaiting court outcome,
c42831d9432cb47bb39b10b938c8f93e1b0243fa0a50f88d5aff6ebed0098756,2019-01,North Wales Police,North Wales Police,-3.821601,53.317860,On or near Ffordd Morfa,W01000186,Conwy 001E,Violence and sexual offences,Unable to prosecute suspect,
568890cd4850fcc3a342b0468818116f8429789188ecb0f36cf13a297ebf0ba7,2019-01,North Wales Police,North Wales Police,-3.821601,53.317860,On or near Ffordd Morfa,W01000186,Conwy 001E,Violence and sexual offences,Awaiting court outcome,
69a685949f608905cada20c48244b91ce1b4ca9b3d166a713b5025bc274a5a6c,2019-01,North Wales Police,North Wales Police,-3.824059,53.318470,On or near Supermarket,W01000186,Conwy 001E,Violence and sexual offences,Unable to prosecute suspect,
be24b15cbf04f0076a7ae9feda76828ad7bf07e73699777e792ee48348122864,2019-01,North Wales Police,North Wales Police,-3.820399,53.320297,On or near Tudor Crescent,W01000186,Conwy 001E,Violence and sexual offences,Unable to prosecute suspect,
22e032bad0aa37ec75c5c75f1a29bd69aa7d6288c157271c84f2fef6d1974314,2019-01,North Wales Police,North Wales Police,-3.825443,53.321343,On or near Vaughan Street,W01000186,Conwy 001E,Violence and sexual offences,Awaiting court outcome,
cd20210d23f39dc757337b374d7ac987fc1e22263355311290164bbaa0a583a0,2019-01,North Wales Police,North Wales Police,-3.815239,53.321472,On or near Ty'N Y Ffrith Road,W01000186,Conwy 001E,Violence and sexual offences,Unable to prosecute suspect,
2f2eb1bdce59f886e7bdf88deb4717076666e864a272ca84c06d67836859cedb,2019-01,North Wales Police,North Wales Police,-3.815239,53.321472,On or near Ty'N Y Ffrith Road,W01000186,Conwy 001E,Violence and sexual offences,Investigation complete; no suspect identified,
cff0d60292375411260090bd03c0c85cc2ca6f2a0d9c9ffc617147a82a64b084,2019-01,North Wales Police,North Wales Police,-3.813976,53.319675,On or near Lon Y Ffrith,W01000186,Conwy 001E,Violence and sexual offences,Unable to prosecute suspect,
80f103c8df1845467a74d71df2c6505086e40ca5eee06da0507afd276de6147b,2019-01,North Wales Police,North Wales Police,-3.815239,53.321472,On or near Ty'N Y Ffrith Road,W01000186,Conwy 001E,Violence and sexual offences,Unable to prosecute suspect,
b4edb2f9211a03a62b42fbd8d06cc929df1c88e26af062e50527f638edd4d8d7,2019-01,North Wales Police,North Wales Police,-3.822889,53.317786,On or near Jackson'S Court,W01000186,Conwy 001E,Violence and sexual offences,Unable to prosecute suspect,
09d2862146f67643f077b68c293845f7b3a79d29ef4dfc9ca9f62374e157c926,2019-01,North Wales Police,North Wales Police,-3.824206,53.317685,On or near Ffordd Penrhyn,W01000186,Conwy 001E,Violence and sexual offences,Unable to prosecute suspect,
c21b5f4b620cea0544dab45d368c4a29b0c88660bc9e264c63e0d33528591a4a,2019-01,North Wales Police,North Wales Police,-3.823419,53.316834,On or near Ffordd Dewi,W01000186,Conwy 001E,Violence and sexual offences,Under investigation,
2faa26687b35445bbe0e2cada0b167a5f87ca627cd3666c17d869b0b4f42da5a,2019-01,North Wales Police,North Wales Police,-3.816756,53.321836,On or near Theatre/Concert Hall,W01000186,Conwy 001E,Violence and sexual offences,Unable to prosecute suspect,
32118b0a5b784fe1473e7aa74c2481bec19ea938b149cc4ae9b9e469a5ca0a9c,2019-01,North Wales Police,North Wales Police,-3.816756,53.321836,On or near Theatre/Concert Hall,W01000186,Conwy 001E,Violence and sexual offences,Action to be taken by another organisation,
728c1fc5f0ad357f7717f5823fad16c419e951baccae127f1ce10bfaf5a9f533,2019-01,North Wales Police,North Wales Police,-3.826700,53.318780,On or near Davies' Way,W01000186,Conwy 001E,Violence and sexual offences,Unable to prosecute suspect,
b9b15fe3fc07c71aded92c34508e26e3ecb41af3b426e701cac0c99ab8fd6d7e,2019-01,North Wales Police,North Wales Police,-3.821601,53.317860,On or near Ffordd Morfa,W01000186,Conwy 001E,Violence and sexual offences,Awaiting court outcome,
2f11a7df13483f3137a803cb4a3edfbf45fdbe8e1d8f475e520b282636ec8bf2,2019-01,North Wales Police,North Wales Police,-3.815239,53.321472,On or near Ty'N Y Ffrith Road,W01000186,Conwy 001E,Violence and sexual offences,Unable to prosecute suspect,
de87bd312d8d156e13550a9daa1f59a2e1402e7207b205f1af94cda5801cb4d3,2019-01,North Wales Police,North Wales Police,-3.822860,53.317113,On or near Canol Creuddyn,W01000186,Conwy 001E,Violence and sexual offences,Unable to prosecute suspect,
,2019-01,North Wales Police,North Wales Police,-3.813662,53.315104,On or near Lorina Grove,W01000133,Conwy 002A,Anti-social behaviour,,
c3f3b41f43f8824b574494d60e164e58d52004904b8b2c32447abe4abd99f467,2019-01,North Wales Police,North Wales Police,-3.804952,53.318590,On or near St Margaret'S Drive,W01000133,Conwy 002A,Public order,Action to be taken by another organisation,
b19daebf9f4482b1cec72f3ecfc6fba9f2da5577f0e6e5e52246dc5b1f455268,2019-01,North Wales Police,North Wales Police,-3.811306,53.314771,On or near Queen'S Gardens,W01000133,Conwy 002A,Violence and sexual offences,Unable to prosecute suspect,
97daf2cfb0ca79a06b62d040c96065632e2b24cfcabf2ec9059c4176d644ddbd,2019-01,North Wales Police,North Wales Police,-3.813670,53.315643,On or near Alice Gardens,W01000133,Conwy 002A,Violence and sexual offences,Unable to prosecute suspect,
,2019-01,North Wales Police,North Wales Police,-3.834675,53.315007,On or near Alexandra Road,W01000168,Conwy 002B,Anti-social behaviour,,
,2019-01,North Wales Police,North Wales Police,-3.833903,53.315568,On or near Ffordd Dulyn,W01000168,Conwy 002B,Anti-social behaviour,,
,2019-01,North Wales Police,North Wales Police,-3.836636,53.313125,On or near Fairways,W01000168,Conwy 002B,Anti-social behaviour,,
,2019-01,North Wales Police,North Wales Police,-3.836636,53.313125,On or near Fairways,W01000168,Conwy 002B,Anti-social behaviour,,
,2019-01,North Wales Police,North Wales Police,-3.836636,53.313125,On or near Fairways,W01000168,Conwy 002B,Anti-social behaviour,,
,2019-01,North Wales Police,North Wales Police,-3.834675,53.315007,On or near Alexandra Road,W01000168,Conwy 002B,Anti-social behaviour,,
03248e8f58a0233d588f0e069b47aaade9a81a643aafed67aaee9161c0391626,2019-01,North Wales Police,North Wales Police,-3.834675,53.315007,On or near Alexandra Road,W01000168,Conwy 002B,Other theft,Unable to prosecute suspect,
8afff80e61c7b04f4a5cc5fa89c8153d2fe47068112e34bb49b31a2223c89c78,2019-01,North Wales Police,North Wales Police,-3.837472,53.315809,On or near Bryniau Road,W01000168,Conwy 002B,Other theft,Investigation complete; no suspect identified,
09292532c024175fb09f94a545ce1d8e32fd506b13a01bb4bdc95c8605d6b2c2,2019-01,North Wales Police,North Wales Police,-3.837472,53.315809,On or near Bryniau Road,W01000168,Conwy 002B,Other theft,Investigation complete; no suspect identified,
0c5dfb2a4f3c7b220a3aa19b5cfaab1eea516c763cf2436188b191e707ccfada,2019-01,North Wales Police,North Wales Police,-3.836636,53.313125,On or near Fairways,W01000168,Conwy 002B,Other theft,Under investigation,
52babf54d6b7070b24e36272fe6385f5a62ab0328bfa4cad070ea2406bc66881,2019-01,North Wales Police,North Wales Police,-3.836636,53.313125,On or near Fairways,W01000168,Conwy 002B,Public order,Under investigation,
80d7bfa6df2b3143ff530a5683ec0acbde4eb29befb02be0632ae5db99e5eeb6,2019-01,North Wales Police,North Wales Police,-3.836651,53.317674,On or near Denness Place,W01000168,Conwy 002B,Public order,Unable to prosecute suspect,
1c2e4d65380082269269d85135381d4f1b6f692f0f006b0494c49b27a4138999,2019-01,North Wales Police,North Wales Police,-3.834675,53.315007,On or near Alexandra Road,W01000168,Conwy 002B,Public order,Under investigation,
828adb38830935c4f714c2569358814832de53a9d0640a6d190c8dd0d97e85ef,2019-01,North Wales Police,North Wales Police,-3.836636,53.313125,On or near Fairways,W01000168,Conwy 002B,Public order,Under investigation,
1098db676ac91648c4125021403039bfd3fb3805f5746c70370cad8b747077f0,2019-01,North Wales Police,North Wales Police,-3.833627,53.316822,On or near King'S Road,W01000168,Conwy 002B,Violence and sexual offences,Unable to prosecute suspect,
b64bf6414b66ee6c840e6fe56c5c5fe09d132ead520d144f86fae653c789ca8f,2019-01,North Wales Police,North Wales Police,-3.836636,53.313125,On or near Fairways,W01000168,Conwy 002B,Violence and sexual offences,Under investigation,
8e583bea802223e06869c1ae04d3c30da578c3f629f30e64c9cb67f3c1974cde,2019-01,North Wales Police,North Wales Police,-3.834675,53.315007,On or near Alexandra Road,W01000168,Conwy 002B,Violence and sexual offences,Unable to prosecute suspect,
76a197dac2bb1b5fe6a4b45680d2e2647ea7c126047e62896156757ce15864c6,2019-01,North Wales Police,North Wales Police,-3.835925,53.315806,On or near Mowbray Road,W01000168,Conwy 002B,Violence and sexual offences,Unable to prosecute suspect,
90ca8d5466861de22e6c479eb11f1e44fff5dedc7a2ab8ff894c681fcf419003,2019-01,North Wales Police,North Wales Police,-3.834675,53.315007,On or near Alexandra Road,W01000168,Conwy 002B,Violence and sexual offences,Awaiting court outcome,
161f532a0ee39aeb22d63c3a90c4b7d0557ae6172494d134faed503ec05b2979,2019-01,North Wales Police,North Wales Police,-3.836636,53.313125,On or near Fairways,W01000168,Conwy 002B,Violence and sexual offences,Under investigation,
631d3ac85cda80c7483b46155c33e7d6f41b54362a61a8888bc66e4b989a4674,2019-01,North Wales Police,North Wales Police,-3.837472,53.315809,On or near Bryniau Road,W01000168,Conwy 002B,Violence and sexual offences,Under investigation,
1ad89912e277ef78c6e08da0b449df395fabb835215587c2b0350ba342b8f631,2019-01,North Wales Police,North Wales Police,-3.836636,53.313125,On or near Fairways,W01000168,Conwy 002B,Violence and sexual offences,Under investigation,
,2019-01,North Wales Police,North Wales Police,-3.823876,53.316279,On or near Ffordd Dwyfor,W01000187,Conwy 002C,Anti-social behaviour,,
,2019-01,North Wales Police,North Wales Police,-3.824855,53.316722,On or near Ffordd Gwynedd,W01000187,Conwy 002C,Anti-social behaviour,,
,2019-01,North Wales Police,North Wales Police,-3.826725,53.313044,On or near Ffordd Elisabeth,W01000187,Conwy 002C,Anti-social behaviour,,
,2019-01,North Wales Police,North Wales Police,-3.824855,53.316722,On or near Ffordd Gwynedd,W01000187,Conwy 002C,Anti-social behaviour,,
,2019-01,North Wales Police,North Wales Police,-3.826725,53.313044,On or near Ffordd Elisabeth,W01000187,Conwy 002C,Anti-social behaviour,,
,2019-01,North Wales Police,North Wales Police,-3.824855,53.316722,On or near Ffordd Gwynedd,W01000187,Conwy 002C,Anti-social behaviour,,
,2019-01,North Wales Police,North Wales Police,-3.826222,53.314274,On or near Maesdu Road,W01000187,Conwy 002C,Anti-social behaviour,,
,2019-01,North Wales Police,North Wales Police,-3.824855,53.316722,On or near Ffordd Gwynedd,W01000187,Conwy 002C,Anti-social behaviour,,
,2019-01,North Wales Police,North Wales Police,-3.825174,53.312591,On or near Maes-Y-Cwm,W01000187,Conwy 002C,Anti-social behaviour,,
,2019-01,North Wales Police,North Wales Police,-3.830333,53.312458,On or near Hospital Road,W01000187,Conwy 002C,Anti-social behaviour,,
,2019-01,North Wales Police,North Wales Police,-3.826725,53.313044,On or near Ffordd Elisabeth,W01000187,Conwy 002C,Anti-social behaviour,,
,2019-01,North Wales Police,North Wales Police,-3.826725,53.313044,On or near Ffordd Elisabeth,W01000187,Conwy 002C,Anti-social behaviour,,
11730a8c8c3a48e416791c6aee76905a86ace4205ca196a78a1b9fc49b9314ff,2019-01,North Wales Police,North Wales Police,-3.825174,53.312591,On or near Maes-Y-Cwm,W01000187,Conwy 002C,Bicycle theft,Investigation complete; no suspect identified,
52dc04a8dc8ea3f7837d892df478561527bc5a53aeb1a898ece4ffd5d10f7e82,2019-01,North Wales Police,North Wales Police,-3.829752,53.313267,On or near Lloyd George Close,W01000187,Conwy 002C,Bicycle theft,Unable to prosecute suspect,
a58742c2916f984bb57c15531336d055c34524f7ff58ee3681e8382ff93b9ad0,2019-01,North Wales Police,North Wales Police,-3.829752,53.313267,On or near Lloyd George Close,W01000187,Conwy 002C,Bicycle theft,Investigation complete; no suspect identified,
18a9559821cd01ee81fb24afd957fabfd20e17fd94cbab0971f68e9c030c9ef1,2019-01,North Wales Police,North Wales Police,-3.825174,53.312591,On or near Maes-Y-Cwm,W01000187,Conwy 002C,Burglary,Investigation complete; no suspect identified,
7daee3b9fe1d562ddac9a88aeb927ed079f9c7ba447f64d5fa705172239db5f7,2019-01,North Wales Police,North Wales Police,-3.824855,53.316722,On or near Ffordd Gwynedd,W01000187,Conwy 002C,Burglary,Unable to prosecute suspect,
0cc41988f0d06a97c185c67cdd4d330adfcede7205d5a728efa6685f603fd041,2019-01,North Wales Police,North Wales Police,-3.824020,53.312276,On or near Cwm Howard Lane,W01000187,Conwy 002C,Criminal damage and arson,Unable to prosecute suspect,
f4bdf995c0066d9e778b2a2b80a40c559c6a69c94693dd50ef14cb1865a90041,2019-01,North Wales Police,North Wales Police,-3.824020,53.312276,On or near Cwm Howard Lane,W01000187,Conwy 002C,Criminal damage and arson,Investigation complete; no suspect identified,
d480fa78b8f8f7344b331774ed44870524ee8c9c8f6ecc20d902a4edb461306a,2019-01,North Wales Police,North Wales Police,-3.828397,53.311427,On or near Hospital,W01000187,Conwy 002C,Criminal damage and arson,Further investigation is not in the public interest,
eee45ed82ef920ac4eca91189bc2a522739a1936e1e082263d440f254d3b4ed6,2019-01,North Wales Police,North Wales Police,-3.823242,53.314104,On or near Parking Area,W01000187,Conwy 002C,Criminal damage and arson,Unable to prosecute suspect,
f47337d1f0d06b24a996f5cff274fe63e72218125797984cdb9e004ee2fd98cb,2019-01,North Wales Police,North Wales Police,-3.829752,53.313267,On or near Lloyd George Close,W01000187,Conwy 002C,Drugs,Under investigation,
4c7534ea2e58b13e6dd76d7ea241ce93f1e9408c8939709770919b150634247a,2019-01,North Wales Police,North Wales Police,-3.824020,53.312276,On or near Cwm Howard Lane,W01000187,Conwy 002C,Other theft,Unable to prosecute suspect,
ff2bb98641bfdc0c6e5a401022ed7c85ed4dc6eb0fd7f04b93d113caaffe9278,2019-01,North Wales Police,North Wales Police,-3.826725,53.313044,On or near Ffordd Elisabeth,W01000187,Conwy 002C,Other theft,Unable to prosecute suspect,
76eae5295c42134741834f12b38ae84fdc857912213491b18f92c96e33a663bf,2019-01,North Wales Police,North Wales Police,-3.824855,53.316722,On or near Ffordd Gwynedd,W01000187,Conwy 002C,Public order,Under investigation,
279ba6f9966ee4fc5d00a6edfa9646ad42269d59b47ca6c06e035d72494c96e0,2019-01,North Wales Police,North Wales Police,-3.825174,53.312591,On or near Maes-Y-Cwm,W01000187,Conwy 002C,Public order,Unable to prosecute suspect,
4cf4f65a7068f9035e510022dad0e2735391d2a16299abcfefec27af704e7592,2019-01,North Wales Police,North Wales Police,-3.823242,53.314104,On or near Parking Area,W01000187,Conwy 002C,Public order,Under investigation,
a1ba54a96db1333f34e19c210e6284a833fa51dab53f8abb4e4112774cf604ba,2019-01,North Wales Police,North Wales Police,-3.824855,53.316722,On or near Ffordd Gwynedd,W01000187,Conwy 002C,Public order,Under investigation,
5061bfdeb080e61e06b8e64bdf945d531765793f7caa5702e37425f5e8ff7b24,2019-01,North Wales Police,North Wales Police,-3.829752,53.313267,On or near Lloyd George Close,W01000187,Conwy 002C,Robbery,Under investigation,
f01e0a307b5cb4a0dacdfe8f3c577993f2012e47e31d87f46120e20dda52b806,2019-01,North Wales Police,North Wales Police,-3.824855,53.316722,On or near Ffordd Gwynedd,W01000187,Conwy 002C,Violence and sexual offences,Under investigation,
6e0736f46e4c558198059f0ca7f9b176abde59602928cdd8e9d85f11d6678207,2019-01,North Wales Police,North Wales Police,-3.826725,53.313044,On or near Ffordd Elisabeth,W01000187,Conwy 002C,Violence and sexual offences,Under investigation,
1dd6ad4f80516d94af61c4021a6d5f65bd24f049c057ecc65be937a306b1d7ae,2019-01,North Wales Police,North Wales Police,-3.826725,53.313044,On or near Ffordd Elisabeth,W01000187,Conwy 002C,Violence and sexual offences,Under investigation,
88ecbaccde1da16dee4b84251b13b44e81a4ca4a3b312295d3152f5766a9e6f0,2019-01,North Wales Police,North Wales Police,-3.826834,53.312440,On or near Maes Yr Orsedd,W01000187,Conwy 002C,Violence and sexual offences,Under investigation,
d88b9b53e7eac7712df3061c4106b094d58f6da17fcdb892ac7a1cafcf0b5089,2019-01,North Wales Police,North Wales Police,-3.825174,53.312591,On or near Maes-Y-Cwm,W01000187,Conwy 002C,Violence and sexual offences,Action to be taken by another organisation,
313369bbc4232807174117ef12339605b382719dbcd7fa36c1ce2a881cea1d14,2019-01,North Wales Police,North Wales Police,-3.825174,53.312591,On or near Maes-Y-Cwm,W01000187,Conwy 002C,Violence and sexual offences,Under investigation,
5249b8a0f502d88158121c9a560432c26d9c506c8eb3ed8604597fb4b07db20a,2019-01,North Wales Police,North Wales Police,-3.825174,53.312591,On or near Maes-Y-Cwm,W01000187,Conwy 002C,Violence and sexual offences,Unable to prosecute suspect,
b89673f96256010740426624cc937879c1d575a8fd2593d01f2a33b00b04117f,2019-01,North Wales Police,North Wales Police,-3.824855,53.316722,On or near Ffordd Gwynedd,W01000187,Conwy 002C,Violence and sexual offences,Unable to prosecute suspect,
f7b83480102a3b05ee574891aa36dc3296138b281de0ad83c8ce0ea646ec1d43,2019-01,North Wales Police,North Wales Police,-3.828397,53.311427,On or near Hospital,W01000187,Conwy 002C,Violence and sexual offences,Further investigation is not in the public interest,
4480f9253fcd45a1ed7821e4f894e3c79f8256ed7ffd7b287bb7ac31b415e327,2019-01,North Wales Police,North Wales Police,-3.828397,53.311427,On or near Hospital,W01000187,Conwy 002C,Violence and sexual offences,Further investigation is not in the public interest,
e436254f637faa4189c441edba634c9205ecc2f8da6bb600891372f0ea15e487,2019-01,North Wales Police,North Wales Police,-3.826725,53.313044,On or near Ffordd Elisabeth,W01000187,Conwy 002C,Violence and sexual offences,Further investigation is not in the public interest,
519125d7d82e583d29134ab67138bbfe6db7f0b0fdc157a185cac20409627822,2019-01,North Wales Police,North Wales Police,-3.824855,53.316722,On or near Ffordd Gwynedd,W01000187,Conwy 002C,Violence and sexual offences,Unable to prosecute suspect,
3525c3de445d82634c8830fa1f826ea5981f36d7361189f1fa8cdca2af2d0c08,2019-01,North Wales Police,North Wales Police,-3.824020,53.312276,On or near Cwm Howard Lane,W01000187,Conwy 002C,Violence and sexual offences,Under investigation,
dff9794839734a81af217c07964d65a963f77a2343242d723740a9797d38bd74,2019-01,North Wales Police,North Wales Police,-3.828495,53.312307,On or near Ffordd Yr Orsedd,W01000187,Conwy 002C,Violence and sexual offences,Formal action is not in the public interest,
,2019-01,North Wales Police,North Wales Police,-3.823592,53.311743,On or near Ewloe Drive,W01000188,Conwy 002D,Anti-social behaviour,,
,2019-01,North Wales Police,North Wales Police,-3.823592,53.311743,On or near Ewloe Drive,W01000188,Conwy 002D,Anti-social behaviour,,
,2019-01,North Wales Police,North Wales Police,-3.818286,53.316166,On or near Lon Cymru,W01000188,Conwy 002D,Anti-social behaviour,,
,2019-01,North Wales Police,North Wales Police,-3.823592,53.311743,On or near Ewloe Drive,W01000188,Conwy 002D,Anti-social behaviour,,
,2019-01,North Wales Police,North Wales Police,-3.823592,53.311743,On or near Ewloe Drive,W01000188,Conwy 002D,Anti-social behaviour,,
5ccd1d7fa640d7e48a620514e475749d3009bf8fb780562b675c532989736d41,2019-01,North Wales Police,North Wales Police,-3.818286,53.316166,On or near Lon Cymru,W01000188,Conwy 002D,Criminal damage and arson,Investigation complete; no suspect identified,
f94c4926fb9a7ef291440f2e9affc2fe0239e12e58dafc334fd34f86eb35b5e2,2019-01,North Wales Police,North Wales Police,-3.818286,53.316166,On or near Lon Cymru,W01000188,Conwy 002D,Criminal damage and arson,Unable to prosecute suspect,
80bf006dd3cfc0886c218783fc5a5151bfbe29fbf40903953791f20da38c36ff,2019-01,North Wales Police,North Wales Police,-3.818286,53.316166,On or near Lon Cymru,W01000188,Conwy 002D,Criminal damage and arson,Investigation complete; no suspect identified,
3f2e0e670ee7012f77f7f852781529497bb754243bf8b6fe4d44f102f9e8ea23,2019-01,North Wales Police,North Wales Police,-3.818004,53.316593,On or near Conway Road,W01000188,Conwy 002D,Criminal damage and arson,Investigation complete; no suspect identified,
af9c95c575a18c1d6bcc2511e37749228f687bdb1c31425aea2f2917cee88bb9,2019-01,North Wales Police,North Wales Police,-3.818286,53.316166,On or near Lon Cymru,W01000188,Conwy 002D,Other theft,Under investigation,
e43846e8578d39a0ecb36c7d8cccfeafd5965aa1f4f132ebdab8f3400a80964b,2019-01,North Wales Police,North Wales Police,-3.823592,53.311743,On or near Ewloe Drive,W01000188,Conwy 002D,Violence and sexual offences,Under investigation,
,2019-01,North Wales Police,North Wales Police,-3.750031,53.301276,On or near Horton Drive,W01000154,Conwy 003A,Anti-social behaviour,,
fe6cc2bcfa180ca9631cb25d7c3a376d3d17304e9f5a26ac2e2965f11d0467ad,2019-01,North Wales Police,North Wales Police,-3.750031,53.301276,On or near Horton Drive,W01000154,Conwy 003A,Criminal damage and arson,Under investigation,
c855651746f11d7fea54eb69293900da1472c30037d833bd593bfef1380b3d90,2019-01,North Wales Police,North Wales Police,-3.759090,53.298230,On or near Bron-Y-Nant Road,W01000154,Conwy 003A,Other theft,Investigation complete; no suspect identified,
c083f83dc73dd54b1ebcf8aaad3c2f95a639755a5521bf1dfb78cd82517cb327,2019-01,North Wales Police,North Wales Police,-3.750031,53.301276,On or near Horton Drive,W01000154,Conwy 003A,Violence and sexual offences,Unable to prosecute suspect,
2e3a541aaa08a92497997fd165ac87dbb63a9f6f5d57fdd2359a91dbaa4d78da,2019-01,North Wales Police,North Wales Police,-3.796823,53.309120,On or near Park/Open Space,W01000173,Conwy 003B,Violence and sexual offences,Further investigation is not in the public interest,
7591b9387fea308c740b35ee2f62be6065cb315f031fa96ac05b4c26b9cc3896,2019-01,North Wales Police,North Wales Police,-3.796823,53.309120,On or near Park/Open Space,W01000173,Conwy 003B,Violence and sexual offences,Further investigation is not in the public interest,
282d8b4ec9725b82f1f6c144c28a839ceff6cd9cd24ddfc9614a774405dff688,2019-01,North Wales Police,North Wales Police,-3.779775,53.312819,On or near Derwen Park,W01000173,Conwy 003B,Violence and sexual offences,Under investigation,
5ec7d28ad55d9a0f4d4edcf34ec8bf7317d4dbeeda38ecbe23348395ccde9385,2019-01,North Wales Police,North Wales Police,-3.781171,53.314623,On or near Ward Close,W01000173,Conwy 003B,Violence and sexual offences,Unable to prosecute suspect,
a6832a64213c2a97b42a60991d8e213aa8b0d933d957799191e9eb31388fd3b5,2019-01,North Wales Police,North Wales Police,-3.796823,53.309120,On or near Park/Open Space,W01000173,Conwy 003B,Violence and sexual offences,Further investigation is not in the public interest,
,2019-01,North Wales Police,North Wales Police,-3.775813,53.316096,On or near Trafford Park,W01000174,Conwy 003C,Anti-social behaviour,,
,2019-01,North Wales Police,North Wales Police,-3.775057,53.317762,On or near Petrol Station,W01000174,Conwy 003C,Anti-social behaviour,,
175b4b3a0a16abbfe421e300ef5e38eff63252de842c74c7293c2d61d7db3b99,2019-01,North Wales Police,North Wales Police,-3.775813,53.316096,On or near Trafford Park,W01000174,Conwy 003C,Public order,Unable to prosecute suspect,
698e994f14b07a291dd6d483783f398f8a20d81e643187597308cf6e7b3934d2,2019-01,North Wales Police,North Wales Police,-3.775377,53.312453,On or near Penrhyn Madoc,W01000175,Conwy 003D,Burglary,Investigation complete; no suspect identified,
9b8aa8edbc219d79492fe5596c48e2c97299d4237f16cf3b6cd1373104c073d7,2019-01,North Wales Police,North Wales Police,-3.770104,53.314167,On or near Penrhyn Park,W01000175,Conwy 003D,Other theft,Local resolution,
579738407cfb3ec00a9db30c6eacbfe71a9b6eb87ff1ce32b306940f92dfd88a,2019-01,North Wales Police,North Wales Police,-3.776639,53.314295,On or near Plas Tudno,W01000175,Conwy 003D,Violence and sexual offences,Unable to prosecute suspect,
e409af8216d3ac9761b88a3e59af3a08d9e38399d2e7a69cfb04ac5c95492f02,2019-01,North Wales Police,North Wales Police,-3.775048,53.320800,On or near Penrhyn Close,W01000175,Conwy 003D,Violence and sexual offences,Further investigation is not in the public interest,
,2019-01,North Wales Police,North Wales Police,-3.738961,53.309151,On or near Rhos Promenade,W01000155,Conwy 004A,Anti-social behaviour,,
c27f664c71daf12fb9ff2d76d90c49d1f246d07cf2b1a7d3b3877fcbb9f3e34f,2019-01,North Wales Police,North Wales Police,-3.745433,53.303689,On or near Brompton Avenue,W01000155,Conwy 004A,Burglary,Awaiting court outcome,
38b58163a6f715aa73d7f872a51b9b0cb53fc82ee7b72a1e83ad2ff4a3a26342,2019-01,North Wales Police,North Wales Police,-3.740435,53.307008,On or near Everard Road,W01000155,Conwy 004A,Other theft,Investigation complete; no suspect identified,
9e8f0f83b3b7a7b3d5bc2ff69371ae6fef582e7cba4e448bdd23816f1ff1c29d,2019-01,North Wales Police,North Wales Police,-3.739641,53.304098,On or near Holbeck Road,W01000155,Conwy 004A,Robbery,Under investigation,
8c50669f20d507e15509560b953b7e4f9b79236428508ac8902ef5610d676a37,2019-01,North Wales Police,North Wales Police,-3.741326,53.308262,On or near Mauldeth Road,W01000155,Conwy 004A,Shoplifting,Under investigation,
9408519be4b5867b7376f97937cf0deca0db39a49fd48e306e9616ffac69d429,2019-01,North Wales Police,North Wales Police,-3.738961,53.309151,On or near Rhos Promenade,W01000155,Conwy 004A,Shoplifting,Investigation complete; no suspect identified,
e64dbeed9cdc4c6828afc7478701f695d1a3e76041dd73a0c5f653aff32e4177,2019-01,North Wales Police,North Wales Police,-3.742697,53.304332,On or near Whitehall Road,W01000155,Conwy 004A,Vehicle crime,Under investigation,
0175c837cc12525f525da0a1bdcd5f35c1ff78040ab5a00314d4e55018e4fbef,2019-01,North Wales Police,North Wales Police,-3.742697,53.304332,On or near Whitehall Road,W01000155,Conwy 004A,Violence and sexual offences,Unable to prosecute suspect,
8e199d352288375423a68a0c7c822d0d496ccd7cb6e17cb3a7c7629f6888e971,2019-01,North Wales Police,North Wales Police,-3.740435,53.307008,On or near Everard Road,W01000155,Conwy 004A,Violence and sexual offences,Unable to prosecute suspect,
eadb00ace2c6de3be5a6079ed9729392c365a43c519e90b1206f5b84369a38dd,2019-01,North Wales Police,North Wales Police,-3.743145,53.300954,On or near Willoughby Road,W01000155,Conwy 004A,Violence and sexual offences,Unable to prosecute suspect,
,2019-01,North Wales Police,North Wales Police,-3.741689,53.313112,On or near Trillo Avenue,W01000156,Conwy 004B,Anti-social behaviour,,
35e99568c7953745c6e5f53a33b41f5419032ddac6b18adba6cc98783cf55667,2019-01,North Wales Police,North Wales Police,-3.751083,53.314880,On or near Rhyd Drive,W01000156,Conwy 004B,Burglary,Investigation complete; no suspect identified,
d0eb582c0d2eb8bac695fcdcd95a51fccb8dbb867de146ed3447912211f584e8,2019-01,North Wales Police,North Wales Police,-3.748836,53.313888,On or near The Crescent,W01000156,Conwy 004B,Criminal damage and arson,Investigation complete; no suspect identified,
5ff9accb90e4e8b901f6d7e764f1fdf6b9617ac14870cb08e07a24f0ba1296de,2019-01,North Wales Police,North Wales Police,-3.756664,53.316614,On or near Glan-Y-Mor Road,W01000156,Conwy 004B,Criminal damage and arson,Offender fined,
0606a391c970a2865146b855f350d13d486f57460233c1fa8b3bbc0b31fb6556,2019-01,North Wales Police,North Wales Police,-3.740409,53.311548,On or near Parking Area,W01000156,Conwy 004B,Public order,Unable to prosecute suspect,
3a057224560339491ce8ac07ff6aa8d6f8eeaa7e60d832a39276376ddeb05506,2019-01,North Wales Police,North Wales Police,-3.740807,53.310985,On or near Colwyn Avenue,W01000156,Conwy 004B,Shoplifting,Investigation complete; no suspect identified,
a02302ee085063b9ae7fc552996687814660812f7eb8e4ddfe0ca9793284dce1,2019-01,North Wales Police,North Wales Police,-3.740807,53.310985,On or near Colwyn Avenue,W01000156,Conwy 004B,Violence and sexual offences,Unable to prosecute suspect,
cdaac83feaa332e0a24853dee4fd8e2225054572735ff6e2a02bcc37e08e6450,2019-01,North Wales Police,North Wales Police,-3.740807,53.310985,On or near Colwyn Avenue,W01000156,Conwy 004B,Violence and sexual offences,Under investigation,
2a3250d17b4dee64386001513ca214eb7466b96126901d6f9dc1bb65e0244c81,2019-01,North Wales Police,North Wales Police,-3.744995,53.312838,On or near Abbey Road,W01000156,Conwy 004B,Violence and sexual offences,Under investigation,
f01a35d79122c533fcc2676c099f69ba00b806de9a844de7ad7cf494a67488e6,2019-01,North Wales Police,North Wales Police,-3.756664,53.316614,On or near Glan-Y-Mor Road,W01000156,Conwy 004B,Violence and sexual offences,Unable to prosecute suspect,
da4c2779bc9dd3d101835fb805edf49e4d91041d74814604f63071ba54a391d8,2019-01,North Wales Police,North Wales Police,-3.747203,53.313238,On or near Cranford Crescent,W01000156,Conwy 004B,Violence and sexual offences,Unable to prosecute suspect,
dbeb0f31edc47e11dbd544b44e3ca76782c719fcb97874179147ae4004dd26c4,2019-01,North Wales Police,North Wales Police,-3.740807,53.310985,On or near Colwyn Avenue,W01000156,Conwy 004B,Violence and sexual offences,Under investigation,
32cf3968f5a577a1627aa00a34fbd337d9a0592c431f0c40706d8880fd673cbd,2019-01,North Wales Police,North Wales Police,-3.742574,53.310150,On or near Colwyn Crescent,W01000156,Conwy 004B,Violence and sexual offences,Unable to prosecute suspect,
,2019-01,North Wales Police,North Wales Police,-3.743105,53.309180,On or near Hospital,W01000157,Conwy 004C,Anti-social behaviour,,
34769555c2acdbcc32616346e856f1a932a328ffaeeb61dd414c334e94ba0a36,2019-01,North Wales Police,North Wales Police,-3.751779,53.312065,On or near First Avenue,W01000157,Conwy 004C,Criminal damage and arson,Investigation complete; no suspect identified,
088e71252d4d145721bc59a40b17e6b81851a3ac4f75d15b1fc9d33b123cf2ec,2019-01,North Wales Police,North Wales Police,-3.747231,53.310253,On or near Elwy Road,W01000157,Conwy 004C,Other theft,Under investigation,
a9c27559480fae1e504e8e17b356517720af42b2d3b770ad9c3d442da9dc38ff,2019-01,North Wales Police,North Wales Police,-3.743509,53.311368,On or near Hawthorn Avenue,W01000157,Conwy 004C,Other theft,Under investigation,
9217607278a3ad7aa190439d477e6c1f579a2458e5f2474e7af1921223f533ea,2019-01,North Wales Police,North Wales Police,-3.747231,53.310253,On or near Elwy Road,W01000157,Conwy 004C,Other theft,Investigation complete; no suspect identified,
1e9b9cd72c422e1f8f4a02a924125993a7e82a48d4848e591aac34b93585c28f,2019-01,North Wales Police,North Wales Police,-3.743509,53.311368,On or near Hawthorn Avenue,W01000157,Conwy 004C,Violence and sexual offences,Under investigation,
edf5f186f319bcd75f558ca8856cbfb113a20ff2f0f2bab86f744701d1dc61cd,2019-01,North Wales Police,North Wales Police,-3.748960,53.309940,On or near Bryn Menai,W01000157,Conwy 004C,Violence and sexual offences,Under investigation,
eb781a8043729da16307ffe4539668069f1461cf93ca83fbda3bd1ab4afd514a,2019-01,North Wales Police,North Wales Police,-3.745721,53.308917,On or near Llwyn Onn,W01000157,Conwy 004C,Violence and sexual offences,Unable to prosecute suspect,
a3a8906c78fe478e8033aeba1e56aef48739012a5822e64b5a4b06f81a394f45,2019-01,North Wales Police,North Wales Police,-3.748960,53.309940,On or near Bryn Menai,W01000157,Conwy 004C,Violence and sexual offences,Under investigation,
28fbfe0f7b116abef95e28d6cdab3da33b41b456b160f87aba1b5295cbd4b030,2019-01,North Wales Police,North Wales Police,-3.745721,53.308917,On or near Llwyn Onn,W01000157,Conwy 004C,Violence and sexual offences,Unable to prosecute suspect,
89e11de8dfaac052c331401576a435807336f56ed3f39a338e4befbec5dc4d4e,2019-01,North Wales Police,North Wales Police,-3.748656,53.309108,On or near Bryn Eglwys,W01000157,Conwy 004C,Violence and sexual offences,Formal action is not in the public interest,
a53324c4dc28bb883847fe4c62e1787a2c38feaff627d1c05845f71ace7d17ce,2019-01,North Wales Police,North Wales Police,-3.748656,53.309108,On or near Bryn Eglwys,W01000157,Conwy 004C,Violence and sexual offences,Under investigation,
5f2b40ce46323cffd4b3402b6d9a4196f78a2ee9597cc81e517d16a7645367eb,2019-01,North Wales Police,North Wales Police,-3.748960,53.309940,On or near Bryn Menai,W01000157,Conwy 004C,Other crime,Action to be taken by another organisation,
,2019-01,North Wales Police,North Wales Police,-3.758704,53.311100,On or near Sports/Recreation Area,W01000158,Conwy 004D,Anti-social behaviour,,
,2019-01,North Wales Police,North Wales Police,-3.750462,53.311077,On or near Church Road,W01000158,Conwy 004D,Anti-social behaviour,,
,2019-01,North Wales Police,North Wales Police,-3.750347,53.308625,On or near Y Berllan,W01000158,Conwy 004D,Anti-social behaviour,,
,2019-01,North Wales Police,North Wales Police,-3.758704,53.311100,On or near Sports/Recreation Area,W01000158,Conwy 004D,Anti-social behaviour,,
,2019-01,North Wales Police,North Wales Police,-3.756051,53.308271,On or near Petrol Station,W01000158,Conwy 004D,Anti-social behaviour,,
,2019-01,North Wales Police,North Wales Police,-3.752222,53.311537,On or near Second Avenue,W01000158,Conwy 004D,Anti-social behaviour,,
ab471a9beaa55aea00277430f06ac187800b9d8a6734a9134a0902a50d35fb91,2019-01,North Wales Police,North Wales Police,-3.750347,53.308625,On or near Y Berllan,W01000158,Conwy 004D,Criminal damage and arson,Unable to prosecute suspect,
2ff06aa803f3139179a87cf22a16f46329a27580d33c224c1bfe759055b91fec,2019-01,North Wales Police,North Wales Police,-3.755895,53.311411,On or near Rochester Way,W01000158,Conwy 004D,Other theft,Investigation complete; no suspect identified,
736ebb5debd417029d51ae29b53cb4a79339fea9e433466f7685072a8c9cfeed,2019-01,North Wales Police,North Wales Police,-3.752222,53.311537,On or near Second Avenue,W01000158,Conwy 004D,Other theft,Investigation complete; no suspect identified,
c3c305a27195535391fa0dc4f93407183fe2e34d0f0bf3899823bd867235a4ed,2019-01,North Wales Police,North Wales Police,-3.756051,53.308271,On or near Petrol Station,W01000158,Conwy 004D,Shoplifting,Investigation complete; no suspect identified,
a2f38373d5089484483b5a698cf6f8d237af1e8e8e6ff0717479668ea05e59db,2019-01,North Wales Police,North Wales Police,-3.756051,53.308271,On or near Petrol Station,W01000158,Conwy 004D,Shoplifting,Offender fined,
00838f74ef08d0e2133430c91388f0e345dceb2b4d6cd2fc47730fe2004f6893,2019-01,North Wales Police,North Wales Police,-3.756051,53.308271,On or near Petrol Station,W01000158,Conwy 004D,Shoplifting,Offender fined,
f7b8456d9bb880ac371f7ef1143ba32c0bd810b9af2a069d45e6601df088ce70,2019-01,North Wales Police,North Wales Police,-3.750347,53.308625,On or near Y Berllan,W01000158,Conwy 004D,Violence and sexual offences,Under investigation,
108aa53189b5dc4e236d10c6bc07e4fa2b960ed3411edeac867b28397693bdc1,2019-01,North Wales Police,North Wales Police,-3.750347,53.308625,On or near Y Berllan,W01000158,Conwy 004D,Violence and sexual offences,Unable to prosecute suspect,
4c0a6619585ede78c22fbef672f755170ed035c6bf7507d4eb5009c6d3c302be,2019-01,North Wales Police,North Wales Police,-3.758704,53.311100,On or near Sports/Recreation Area,W01000158,Conwy 004D,Violence and sexual offences,Unable to prosecute suspect,
71c829d04ddd95da1aa5c7cd16574762a220938fcad622c55bb5decf5b1aaa71,2019-01,North Wales Police,North Wales Police,-3.750347,53.308625,On or near Y Berllan,W01000158,Conwy 004D,Violence and sexual offences,Unable to prosecute suspect,
d8a3325978243b0a1caa4e70fb5084efd4ff4831b7a079f7dc8efdb1d7826ee8,2019-01,North Wales Police,North Wales Police,-3.750347,53.308625,On or near Y Berllan,W01000158,Conwy 004D,Violence and sexual offences,Unable to prosecute suspect,
5839cd4ad31b3af4c467a226a45790f72933ae1a8ef9157da53500dc364f1384,2019-01,North Wales Police,North Wales Police,-3.750347,53.308625,On or near Y Berllan,W01000158,Conwy 004D,Violence and sexual offences,Unable to prosecute suspect,
ec263b23547d8dc1def39f0145422358e908fe5fe776553677dcff90faf2fd2c,2019-01,North Wales Police,North Wales Police,-3.756559,53.307850,On or near Bryn Defaid,W01000158,Conwy 004D,Other crime,Under investigation,
,2019-01,North Wales Police,North Wales Police,-3.518155,53.310836,On or near Hospital,W01000149,Conwy 005A,Anti-social behaviour,,
,2019-01,North Wales Police,North Wales Police,-3.521439,53.307773,On or near Windsor Grove,W01000149,Conwy 005A,Anti-social behaviour,,
a0ffc366a08d47b04582214be09b576325db12d79a7340d6ac19c8daae55cf37,2019-01,North Wales Police,North Wales Police,-3.518155,53.310836,On or near Hospital,W01000149,Conwy 005A,Burglary,Investigation complete; no suspect identified,
129842fef87e64a56cf3e97e1b1da48f4963763b6644965dbfcccd5c5c00b4e4,2019-01,North Wales Police,North Wales Police,-3.521730,53.311330,On or near Supermarket,W01000149,Conwy 005A,Criminal damage and arson,Investigation complete; no suspect identified,
5de6e7f63bf76a42b068c66afda9d7d78d51dfa46e0f79bd84742e85e9b74463,2019-01,North Wales Police,North Wales Police,-3.515847,53.311342,On or near Kendal Road,W01000149,Conwy 005A,Other theft,Investigation complete; no suspect identified,
7562910cac9c648240ce6243e038d2d39b4d5a8da967a9d8d4d9bedc019c8b8c,2019-01,North Wales Police,North Wales Police,-3.518155,53.310836,On or near Hospital,W01000149,Conwy 005A,Other theft,Unable to prosecute suspect,
4fc04bbf8bdc413714be3c15466eefcb7b23dac00d062b030151732e5ae78b83,2019-01,North Wales Police,North Wales Police,-3.521802,53.309980,On or near Foryd Road,W01000149,Conwy 005A,Other theft,Under investigation,
cd76628c4b8ff3dcb79e9afe37bc5d1d58a84531fbd0f33f6098a6587840c07e,2019-01,North Wales Police,North Wales Police,-3.522474,53.305243,On or near Llys Branwen,W01000149,Conwy 005A,Other theft,Investigation complete; no suspect identified,
442137e5abed98e759e47917192ea95e706229ae6c8fc863ff786650b344cd01,2019-01,North Wales Police,North Wales Police,-3.521730,53.311330,On or near Supermarket,W01000149,Conwy 005A,Public order,Awaiting court outcome,
e0b72596cb0d42584353026943024e18ad5c55610956787525ccdb68d35690c2,2019-01,North Wales Police,North Wales Police,-3.519349,53.309373,On or near Rhoddfa Bronwen,W01000149,Conwy 005A,Public order,Unable to prosecute suspect,
5de390b297da4fa589975914080a357d9f8c141a9f3944c7598219fdf67e94f8,2019-01,North Wales Police,North Wales Police,-3.521730,53.311330,On or near Supermarket,W01000149,Conwy 005A,Public order,Unable to prosecute suspect,
d825c7201c9a94ab373adf68c64fcc7205b62f7eb508bd26cdf966c749477fa7,2019-01,North Wales Police,North Wales Police,-3.521730,53.311330,On or near Supermarket,W01000149,Conwy 005A,Public order,Unable to prosecute suspect,
3f2c7fa0eedb2503ea0e30b23daad7ccdca084d5e546eaee074a85d74be826c3,2019-01,North Wales Police,North Wales Police,-3.523653,53.305884,On or near Parc Morfa,W01000149,Conwy 005A,Public order,Under investigation,
e0d6f1ec27f8be8ac06fb5c8324a2499c3032cc7933295303de58c81754dfc80,2019-01,North Wales Police,North Wales Police,-3.521730,53.311330,On or near Supermarket,W01000149,Conwy 005A,Shoplifting,Awaiting court outcome,
d901f1e7700a617f5564ad89fa9f582669d29993440c4122bf7434980d94bcc6,2019-01,North Wales Police,North Wales Police,-3.521730,53.311330,On or near Supermarket,W01000149,Conwy 005A,Shoplifting,Awaiting court outcome,
3d9029161485158580cc7d2d99228cf12e60d5dc6be82766e9afbcf98dd2cbe2,2019-01,North Wales Police,North Wales Police,-3.521730,53.311330,On or near Supermarket,W01000149,Conwy 005A,Shoplifting,Awaiting court outcome,
6b36c4a75771162887f21fecc84609397a30ab940ab85ba81e2c2243ddfd790b,2019-01,North Wales Police,North Wales Police,-3.528556,53.308276,On or near Kinmel Crescent,W01000149,Conwy 005A,Vehicle crime,Investigation complete; no suspect identified,
e7ca9076485e95c366482134ac08d9666460f347be8cfdfcf34927b6c76142a8,2019-01,North Wales Police,North Wales Police,-3.528222,53.309017,On or near Clwyd Gardens,W01000149,Conwy 005A,Violence and sexual offences,Action to be taken by another organisation,
5d7eab8a1da8aa8e89ddfe806f00fd9b63298b39bf969cbfff689ae000b051e3,2019-01,North Wales Police,North Wales Police,-3.522474,53.305243,On or near Llys Branwen,W01000149,Conwy 005A,Violence and sexual offences,Investigation complete; no suspect identified,
aaaead748930fd9dcc36cd2fe2dcbaac72f3acb3c0cf04568b79c58bd6c25a69,2019-01,North Wales Police,North Wales Police,-3.522474,53.305243,On or near Llys Branwen,W01000149,Conwy 005A,Violence and sexual offences,Investigation complete; no suspect identified,
f8b037861ce477c09765dac1686955e01be730ecaeb0a5ac06d32001132d675a,2019-01,North Wales Police,North Wales Police,-3.522140,53.308088,On or near Harrison Drive,W01000149,Conwy 005A,Violence and sexual offences,Unable to prosecute suspect,
2d62b058699ffcb0b215a61c182233498b1d38473aa7184b73a8d1dae8b1c209,2019-01,North Wales Police,North Wales Police,-3.529283,53.309300,On or near Aled Gardens,W01000149,Conwy 005A,Violence and sexual offences,Unable to prosecute suspect,
dd1a2e0802d902ba0dad7fe8ce0f4c12a60963475004334d9c4465e57beaccfb,2019-01,North Wales Police,North Wales Police,-3.518155,53.310836,On or near Hospital,W01000149,Conwy 005A,Violence and sexual offences,Unable to prosecute suspect,
64ed498d032c70799cfe1ae0f43dd2e8cebffad9bc35846e77214fe1fd58ad2b,2019-01,North Wales Police,North Wales Police,-3.522355,53.307780,On or near Aspen Grove,W01000149,Conwy 005A,Violence and sexual offences,Awaiting court outcome,
48ca10ffd6f17c9758f65b1e3047e1fed9282939b78e0fe252a84c1756fa0a8a,2019-01,North Wales Police,North Wales Police,-3.528556,53.308276,On or near Kinmel Crescent,W01000149,Conwy 005A,Violence and sexual offences,Under investigation,
ed48bec7f511117586655a81d6e80609af860ca8e9b413dfdfb25dd9fb34086f,2019-01,North Wales Police,North Wales Police,-3.528222,53.309017,On or near Clwyd Gardens,W01000149,Conwy 005A,Violence and sexual offences,Under investigation,
bbdd79edefe58dc5b473b11dac5814e6b0b5fe5c2bd955d12a3b30237193d81b,2019-01,North Wales Police,North Wales Police,-3.522140,53.308088,On or near Harrison Drive,W01000149,Conwy 005A,Violence and sexual offences,Unable to prosecute suspect,
a9ef99cb486658a401cc7c7e5c7c02628435f7b670858c49814a5d273af4b0d4,2019-01,North Wales Police,North Wales Police,-3.528556,53.308276,On or near Kinmel Crescent,W01000149,Conwy 005A,Other crime,Unable to prosecute suspect,
fe6d0ee61cb923c2b9017b67d737eb4edfdf33f8ab902e920e8e282dc47db08a,2019-01,North Wales Police,North Wales Police,-3.514234,53.296314,On or near Kingsway,W01000150,Conwy 005B,Other theft,Investigation complete; no suspect identified,
d9db90e80dba7faf90fc01b749cc98dfd8af7a276133966a448d804fbc3191e4,2019-01,North Wales Police,North Wales Police,-3.517163,53.306138,On or near Glandwr Crescent,W01000150,Conwy 005B,Violence and sexual offences,Unable to prosecute suspect,
df407906aa730fb56b1bfe494d589f20fc952788a884401318bb6f9f56d8bc9a,2019-01,North Wales Police,North Wales Police,-3.517163,53.306138,On or near Glandwr Crescent,W01000150,Conwy 005B,Violence and sexual offences,Unable to prosecute suspect,
ed617a5d05914f1b3bc1e6a9fc3965220e6fa58db674410121b4ade3e53cb7bc,2019-01,North Wales Police,North Wales Police,-3.514684,53.303518,On or near Llys Trahearne,W01000150,Conwy 005B,Violence and sexual offences,Awaiting court outcome,
cc0b8b38e13b7ff574ec5ee62eb651ac3f1ba4705e1f6c970483aaf2ce3893d5,2019-01,North Wales Police,North Wales Police,-3.520493,53.307768,On or near Tudor Grove,W01000150,Conwy 005B,Violence and sexual offences,Under investigation,
729b3117a90fdc4b2c725fae0b4d196559d7dd3fe2628420f9bab624f0654cf0,2019-01,North Wales Police,North Wales Police,-3.520493,53.307768,On or near Tudor Grove,W01000150,Conwy 005B,Violence and sexual offences,Under investigation,
8b0c77c4928e3c6c6975600505e784df11c21314ee6c86d813383ec9934324a2,2019-01,North Wales Police,North Wales Police,-3.517163,53.306138,On or near Glandwr Crescent,W01000150,Conwy 005B,Other crime,Under investigation,
,2019-01,North Wales Police,North Wales Police,-3.515972,53.304697,On or near Cadwalader,W01000151,Conwy 005C,Anti-social behaviour,,
3d759ab9d194e256e01f657561d6dc44e8fc429214aa815325f14782cc1a11e5,2019-01,North Wales Police,North Wales Police,-3.515972,53.304697,On or near Cadwalader,W01000151,Conwy 005C,Burglary,Investigation complete; no suspect identified,
f4c696e098913df528a4ac6ecb65f7dca10c8a3579f551563e1123b165d2bf69,2019-01,North Wales Police,North Wales Police,-3.533315,53.304529,On or near Sports/Recreation Area,W01000151,Conwy 005C,Criminal damage and arson,Unable to prosecute suspect,
a77ddcc9a51f77a5762f8f55fc5decfcb98d1b5aaba17c4bcd5dba3163414841,2019-01,North Wales Police,North Wales Police,-3.521670,53.302026,On or near Argoed,W01000151,Conwy 005C,Public order,Under investigation,
d2eb09166f3605b29c029d4c276030097a45eec85d24a1cf9e600e0969972dc6,2019-01,North Wales Police,North Wales Police,-3.519717,53.302833,On or near Maesgwyn,W01000151,Conwy 005C,Public order,Under investigation,
3958050a82ccce91f78855ba08ac8701f1f7fc21222859f82e893aaab091b312,2019-01,North Wales Police,North Wales Police,-3.513686,53.304150,On or near Llys Cynffig,W01000151,Conwy 005C,Violence and sexual offences,Unable to prosecute suspect,
3fc05b2882e6ce3cd56fcf5ad3fca5aa38ba38ccd58fe312a97f7c4c8a1fcc50,2019-01,North Wales Police,North Wales Police,-3.523960,53.301440,On or near Cynlas,W01000151,Conwy 005C,Violence and sexual offences,Unable to prosecute suspect,
d53bef8c7afa833cc99e4231729836ff891bedceda66a75dbb93ac97aacf1752,2019-01,North Wales Police,North Wales Police,-3.510580,53.303731,On or near Llys Bala,W01000151,Conwy 005C,Violence and sexual offences,Unable to prosecute suspect,
bb4a2319534161e4d8854a5804145bc43e9820e39839a5239b3e9d8a8da0a2ca,2019-01,North Wales Police,North Wales Police,-3.510580,53.303731,On or near Llys Bala,W01000151,Conwy 005C,Violence and sexual offences,Unable to prosecute suspect,
4a04cc9603f276d2b366c37b40d09cbe68caf2c2f9a759e4cf7cc25ae3473138,2019-01,North Wales Police,North Wales Police,-3.513686,53.304150,On or near Llys Cynffig,W01000151,Conwy 005C,Violence and sexual offences,Under investigation,
7610dfafe189bbfe4e8e69b42663d35382648b32fe3122fe144ba4004ae99f3a,2019-01,North Wales Police,North Wales Police,-3.509955,53.304306,On or near Llys Conwy,W01000151,Conwy 005C,Violence and sexual offences,Unable to prosecute suspect,
,2019-01,North Wales Police,North Wales Police,-3.517691,53.312127,On or near Moelwyn Avenue North,W01000152,Conwy 005D,Anti-social behaviour,,
,2019-01,North Wales Police,North Wales Police,-3.517144,53.312781,On or near Betws Avenue,W01000152,Conwy 005D,Anti-social behaviour,,
186d0b24269bae6d33b72e7f0fe01b034c015a7e2d6b02eb51931ef030f916bf,2019-01,North Wales Police,North Wales Police,-3.516754,53.309406,On or near Trem Elwy,W01000152,Conwy 005D,Criminal damage and arson,Defendant found not guilty,
40fdb92aa3c24e50d8c4c341b50ee7dbb301b764863786f5bde524a0338977c1,2019-01,North Wales Police,North Wales Police,-3.517691,53.312127,On or near Moelwyn Avenue North,W01000152,Conwy 005D,Other theft,Investigation complete; no suspect identified,
203ca79262b1a3d47ec8fa72d02d44810c2419669cfc358b4a8e3e981e8ed1d0,2019-01,North Wales Police,North Wales Police,-3.517691,53.312127,On or near Moelwyn Avenue North,W01000152,Conwy 005D,Other theft,Under investigation,
ced82e01e1fcdb296b2f9999b83d4920fe4a81eb8696ef89eabd8aa4bd0e296a,2019-01,North Wales Police,North Wales Police,-3.510962,53.308185,On or near Pedestrian Subway,W01000152,Conwy 005D,Other theft,Investigation complete; no suspect identified,
afcc901ed8f6080aee2144d9d140e3ae945a8113b28962ed7cc24e19b81d20e7,2019-01,North Wales Police,North Wales Police,-3.511567,53.312142,On or near Llys Glanrafon,W01000152,Conwy 005D,Other theft,Investigation complete; no suspect identified,
fe6f4d573df3d697f8abc7a8de7da928d5e74403e1ccf65395ce5e0d830d0233,2019-01,North Wales Police,North Wales Police,-3.517144,53.312781,On or near Betws Avenue,W01000152,Conwy 005D,Public order,Unable to prosecute suspect,
2f41b4c1662a5a8d112331be2529d119be431a2d1afad121bffb5a6f25b74bfd,2019-01,North Wales Police,North Wales Police,-3.517691,53.312127,On or near Moelwyn Avenue North,W01000152,Conwy 005D,Violence and sexual offences,Under investigation,
8116758beff5a4f448692ab433f581a5773f787c79530ade8d19bb36ec50ae8e,2019-01,North Wales Police,North Wales Police,-3.548976,53.302690,On or near Gaingc Road,W01000184,Conwy 005E,Burglary,Investigation complete; no suspect identified,
7f5d9737b70f509a75ca114445c7933a006ba3086776a19902b495920b2151e9,2019-01,North Wales Police,North Wales Police,-3.540172,53.303254,On or near Bryn Road,W01000184,Conwy 005E,Burglary,Under investigation,
211c64c8288650c91d64eca39551115ff3ec7905d4ef3a1b20fb7f15ef3d3378,2019-01,North Wales Police,North Wales Police,-3.548976,53.302690,On or near Gaingc Road,W01000184,Conwy 005E,Burglary,Investigation complete; no suspect identified,
ed74e6d0c8711eb7b50c2baa9751806592e1030352e2c015f91dfde2e1ba0fe2,2019-01,North Wales Police,North Wales Police,-3.536751,53.299082,On or near Trem Cinmel,W01000184,Conwy 005E,Other theft,Under investigation,
046d38b4f81d91cc3b40356407c8fa1ffb2b73231d663d1d55a64f263678bab8,2019-01,North Wales Police,North Wales Police,-3.535270,53.297959,On or near Meadow Gardens,W01000184,Conwy 005E,Other theft,Under investigation,
9201a0855b391113b27fcc4a8e1765a9f3d68cc7f3ce2430179674710afa69de,2019-01,North Wales Police,North Wales Police,-3.541905,53.299699,On or near Llys Nant,W01000184,Conwy 005E,Public order,Unable to prosecute suspect,
75251d9c7e478a8cc68cad4904a99bb5f3bc83bd9259158bd2554ba1d09824a9,2019-01,North Wales Police,North Wales Police,-3.533762,53.300271,On or near Llys Edward,W01000184,Conwy 005E,Vehicle crime,Investigation complete; no suspect identified,
c23f27451258a58597d1317f28a9809fce1763f15a2d92237a9953bf808042ea,2019-01,North Wales Police,North Wales Police,-3.532597,53.297059,On or near Ffordd-Y-Berllan,W01000184,Conwy 005E,Violence and sexual offences,Under investigation,
0185e91c54334cf864fe98bd57c814879086c693795c01276f62f60792a7983d,2019-01,North Wales Police,North Wales Police,-3.535270,53.297959,On or near Meadow Gardens,W01000184,Conwy 005E,Violence and sexual offences,Awaiting court outcome,
a7df4c9c472030b2f6d757d02ebf0a1361ee870f3c46439ad8e25a097b194d5a,2019-01,North Wales Police,North Wales Police,-3.536751,53.299082,On or near Trem Cinmel,W01000184,Conwy 005E,Violence and sexual offences,Under investigation,
ccd71bc375fee6bad64bbce0550d06823c43b907cebd304ce3b907c07b365778,2019-01,North Wales Police,North Wales Police,-3.536751,53.299082,On or near Trem Cinmel,W01000184,Conwy 005E,Violence and sexual offences,Under investigation,
747fbd125b1f85132be6ff46b5350059e3a2859ea91ac4490cc54ef9cb63d7a4,2019-01,North Wales Police,North Wales Police,-3.534028,53.300978,On or near Llys Glyndwr,W01000184,Conwy 005E,Violence and sexual offences,Under investigation,
5d56aa46cb56dcddd3ebe18652165d5fef6274537066b1541c766020edde1224,2019-01,North Wales Police,North Wales Police,-3.533762,53.300271,On or near Llys Edward,W01000184,Conwy 005E,Violence and sexual offences,Unable to prosecute suspect,
e8eb5536f821d504c5736178576f77d8c8a6d06e88df389e2ba1932f35207523,2019-01,North Wales Police,North Wales Police,-3.536751,53.299082,On or near Trem Cinmel,W01000184,Conwy 005E,Violence and sexual offences,Unable to prosecute suspect,
348f54d8c5ba2c2e496fe4c4020ab5e1e8d1a8b54e4524b7db6ab08fa4eccf69,2019-01,North Wales Police,North Wales Police,-3.535745,53.301172,On or near Llys Llewelyn,W01000184,Conwy 005E,Violence and sexual offences,Unable to prosecute suspect,
,2019-01,North Wales Police,North Wales Police,-3.836579,53.302015,On or near Traeth Melyn,W01000135,Conwy 006A,Anti-social behaviour,,
,2019-01,North Wales Police,North Wales Police,-3.815561,53.302885,On or near Parc Lon Pedr,W01000135,Conwy 006A,Anti-social behaviour,,
f6870f6932eca7d87d35978c5dbdd93918a733f44ff3183c19f5ef0c103b6b62,2019-01,North Wales Police,North Wales Police,-3.812861,53.302225,On or near St Anne'S Gardens,W01000135,Conwy 006A,Criminal damage and arson,Investigation complete; no suspect identified,
465362730ae23674d6be14e98547896d7b2a0394f52769d5cd16b27585b7ae71,2019-01,North Wales Police,North Wales Police,-3.815561,53.302885,On or near Parc Lon Pedr,W01000135,Conwy 006A,Public order,Unable to prosecute suspect,
5645146bbc7d60a6fb009e16e3fece3c9cd8bca6904af3e095024041575be547,2019-01,North Wales Police,North Wales Police,-3.836579,53.302015,On or near Traeth Melyn,W01000135,Conwy 006A,Public order,Unable to prosecute suspect,
59e367ac6a75254447ce1c750d98f8cf404cd82e2cd73336c79bdb71c656b16d,2019-01,North Wales Police,North Wales Police,-3.812861,53.302225,On or near St Anne'S Gardens,W01000135,Conwy 006A,Violence and sexual offences,Action to be taken by another organisation,
952fb6dc201728aceaeb4d2938c8507e9011511e07fc055f6904484982d77945,2019-01,North Wales Police,North Wales Police,-3.812861,53.302225,On or near St Anne'S Gardens,W01000135,Conwy 006A,Violence and sexual offences,Under investigation,
,2019-01,North Wales Police,North Wales Police,-3.820868,53.293580,On or near Heulfryn,W01000136,Conwy 006B,Anti-social behaviour,,
,2019-01,North Wales Police,North Wales Police,-3.822925,53.291499,On or near Park Road,W01000136,Conwy 006B,Anti-social behaviour,,
,2019-01,North Wales Police,North Wales Police,-3.822925,53.291499,On or near Park Road,W01000136,Conwy 006B,Anti-social behaviour,,
5bc4b3b7f1255ce627105814600411378680b9de07b4132b97291392e4b1ea08,2019-01,North Wales Police,North Wales Police,-3.825244,53.292057,On or near Ty Mawr Road,W01000136,Conwy 006B,Criminal damage and arson,Unable to prosecute suspect,
e801505eca1d4979b5eaff16653bcb2cc2968df226ae985fbacd08b1f996854a,2019-01,North Wales Police,North Wales Police,-3.824816,53.292234,On or near Peniel Street,W01000136,Conwy 006B,Criminal damage and arson,Awaiting court outcome,
109e15cb4446a65472ab45c1c3bf534868157f5a744b134c6e235c87a2204d74,2019-01,North Wales Police,North Wales Police,-3.822949,53.289952,On or near Glan-Y-Mor Road,W01000136,Conwy 006B,Other theft,Investigation complete; no suspect identified,
c2d1b8cdd2a4199ecf2fbc03830e17830452675468ab6abdc9060c3542f0fcb7,2019-01,North Wales Police,North Wales Police,-3.822949,53.289952,On or near Glan-Y-Mor Road,W01000136,Conwy 006B,Shoplifting,Investigation complete; no suspect identified,
7ad819b9452026419ae7f335d168862625acc393d803c0cc079288124b57f379,2019-01,North Wales Police,North Wales Police,-3.824751,53.293521,On or near Vardre Avenue,W01000136,Conwy 006B,Violence and sexual offences,Under investigation,
de3286989c2102dfb5b9762ae0ad126d2b9932939084af2bc3e1d09d136a61f2,2019-01,North Wales Police,North Wales Police,-3.824751,53.293521,On or near Vardre Avenue,W01000136,Conwy 006B,Violence and sexual offences,Under investigation,
75e4faade82c5342545a91134f02e92ebba5e86e21b91c7ff5d84ac2571d6a8a,2019-01,North Wales Police,North Wales Police,-3.821155,53.294340,On or near Tan-Y-Fron,W01000136,Conwy 006B,Violence and sexual offences,Offender given community sentence,
0930ce6e17bc0a3d73865c87b56e40d59794434ccbc8bb1506a464f119dc1587,2019-01,North Wales Police,North Wales Police,-3.815803,53.284910,On or near Vale Road,W01000165,Conwy 006C,Criminal damage and arson,Investigation complete; no suspect identified,
60675a5915eb3735d994115b0db1abd7e3a2cb102b26e36e1950e57f43ba0920,2019-01,North Wales Police,North Wales Police,-3.817006,53.294152,On or near Bron-Y-Gaer,W01000165,Conwy 006C,Criminal damage and arson,Unable to prosecute suspect,
9b5bf4950406c387db49447c20d5e05582251fb629836a4951b9a316b91b5ac5,2019-01,North Wales Police,North Wales Police,-3.815803,53.284910,On or near Vale Road,W01000165,Conwy 006C,Criminal damage and arson,Investigation complete; no suspect identified,
bdcf6d8e22cfc673faaeb63a36dc501050db8a88172911a4e5c417da22434448,2019-01,North Wales Police,North Wales Police,-3.821111,53.290844,On or near Hillcrest Road,W01000165,Conwy 006C,Violence and sexual offences,Under investigation,
,2019-01,North Wales Police,North Wales Police,-3.808267,53.287964,On or near Marl Crescent,W01000166,Conwy 006D,Anti-social behaviour,,
,2019-01,North Wales Police,North Wales Police,-3.811541,53.282727,On or near Petrol Station,W01000166,Conwy 006D,Anti-social behaviour,,
,2019-01,North Wales Police,North Wales Police,-3.809026,53.285337,On or near Broad Street,W01000166,Conwy 006D,Anti-social behaviour,,
,2019-01,North Wales Police,North Wales Police,-3.811541,53.282727,On or near Petrol Station,W01000166,Conwy 006D,Anti-social behaviour,,
,2019-01,North Wales Police,North Wales Police,-3.811190,53.284360,On or near Supermarket,W01000166,Conwy 006D,Anti-social behaviour,,
,2019-01,North Wales Police,North Wales Police,-3.805712,53.288588,On or near Marl Drive,W01000166,Conwy 006D,Anti-social behaviour,,
29d01dcc858b90c0b56daff14193f472139fdc2ceabc121220d6e8b6c013a98e,2019-01,North Wales Police,North Wales Police,-3.809288,53.286214,On or near Plas Tre Marl,W01000166,Conwy 006D,Burglary,Investigation complete; no suspect identified,
c4b617e2419a38f0eca699eb0627700004083486af575260937c834f0b4a380f,2019-01,North Wales Police,North Wales Police,-3.808099,53.286484,On or near St David'S Avenue,W01000166,Conwy 006D,Criminal damage and arson,Investigation complete; no suspect identified,
9e53e0c696ea9b6e105b8ccf87e6852d366b089a1c55465763255a8fa11bfd72,2019-01,North Wales Police,North Wales Police,-3.808267,53.287964,On or near Marl Crescent,W01000166,Conwy 006D,Criminal damage and arson,Unable to prosecute suspect,
35c8d74f04bff69d4bcae93a18c5a96f562efbcfaed26c9e46a99c844edbb5f5,2019-01,North Wales Police,North Wales Police,-3.809026,53.285337,On or near Broad Street,W01000166,Conwy 006D,Criminal damage and arson,Investigation complete; no suspect identified,
bb3d6ad71b447acbbc57d26c47a4be8fcc298349579ce5afc5b1218a274f2b49,2019-01,North Wales Police,North Wales Police,-3.804940,53.289471,On or near The Meadows,W01000166,Conwy 006D,Other theft,Investigation complete; no suspect identified,
e789bb640e2149b06854f80a12b38710bf6ded78acc1a33fb82b53dfc4110302,2019-01,North Wales Police,North Wales Police,-3.809026,53.285337,On or near Broad Street,W01000166,Conwy 006D,Public order,Unable to prosecute suspect,
33f7f52d5ac6c2cdf807649eeb6eaf00233b09defb5f698f2a98da9197bc2311,2019-01,North Wales Police,North Wales Police,-3.809026,53.285337,On or near Broad Street,W01000166,Conwy 006D,Public order,Investigation complete; no suspect identified,
a9d0e15cf90f7808181cf2f302b3b47e1bb6830092ab77ef5ba640244956afeb,2019-01,North Wales Police,North Wales Police,-3.811541,53.282727,On or near Petrol Station,W01000166,Conwy 006D,Public order,Under investigation,
486f83664f753c8b1eb3f559ce1b8b46a3360c916d445b174d3809636c845386,2019-01,North Wales Police,North Wales Police,-3.811190,53.284360,On or near Supermarket,W01000166,Conwy 006D,Robbery,Offender sent to prison,
89e6bc5957795f2f701be959a9fd09fe531b9d2cc1dacda67c3f1cd77fc1e25b,2019-01,North Wales Police,North Wales Police,-3.808267,53.287964,On or near Marl Crescent,W01000166,Conwy 006D,Violence and sexual offences,Unable to prosecute suspect,
23a696279a8a23023d08ea32efc36b1dd444227e2ac40a3f3732c57ca4094ab5,2019-01,North Wales Police,North Wales Police,-3.808267,53.287964,On or near Marl Crescent,W01000166,Conwy 006D,Violence and sexual offences,Unable to prosecute suspect,
7f0d6a8afe34793910e1552e5f754e9a89af16a817e523392f19fde42c80dad8,2019-01,North Wales Police,North Wales Police,-3.808267,53.287964,On or near Marl Crescent,W01000166,Conwy 006D,Violence and sexual offences,Awaiting court outcome,
9d8ad017d5914b42e774e64f9b96b7cdc5ef0ca521647022f7feefe2484bf496,2019-01,North Wales Police,North Wales Police,-3.805712,53.288588,On or near Marl Drive,W01000166,Conwy 006D,Violence and sexual offences,Under investigation,
85602b6f63355fcbd951b7ca0f86b50806274f564a2a018e83027ba330b25fd3,2019-01,North Wales Police,North Wales Police,-3.813272,53.283241,On or near Supermarket,W01000166,Conwy 006D,Violence and sexual offences,Under investigation,
,2019-01,North Wales Police,North Wales Police,-3.705424,53.287170,On or near Rayleigh Avenue,W01000139,Conwy 007A,Anti-social behaviour,,
,2019-01,North Wales Police,North Wales Police,-3.705424,53.287170,On or near Rayleigh Avenue,W01000139,Conwy 007A,Anti-social behaviour,,
28d3cd752d5bac1ce44200fb707073744f15c5c3ca06fb5ef8cf37c5ea3c2608,2019-01,North Wales Police,North Wales Police,-3.713213,53.288011,On or near Bryn Eirias Close,W01000139,Conwy 007A,Criminal damage and arson,Unable to prosecute suspect,
1159ddc50f79a6dddbc1ecd171c9b1300a9f9ee12e94acdc79279ac0707b1a47,2019-01,North Wales Police,North Wales Police,-3.704651,53.290741,On or near Maes-Y-Coed Avenue,W01000139,Conwy 007A,Drugs,Under investigation,
11173b9ee8345cf883d363f5b26403ccacbebae949521847fb59e3205bd548ba,2019-01,North Wales Police,North Wales Police,-3.710462,53.288230,On or near Hospital,W01000139,Conwy 007A,Other theft,Investigation complete; no suspect identified,
ecbba5ca57e685c5d3a7d8f2a3c166d13163f8e858c68ee62cda2566f67b4a13,2019-01,North Wales Police,North Wales Police,-3.705424,53.287170,On or near Rayleigh Avenue,W01000139,Conwy 007A,Violence and sexual offences,Under investigation,
841f6d8187a2c00edb69d2994606551cc94e9d0f9cb192d7aa9f33257eab2625,2019-01,North Wales Police,North Wales Police,-3.701692,53.290297,On or near Parking Area,W01000139,Conwy 007A,Violence and sexual offences,Unable to prosecute suspect,
793c2481e525d033e89ffb949fdec1ced731a5649a5015bda0fe2e5c313f94a9,2019-01,North Wales Police,North Wales Police,-3.701692,53.290297,On or near Parking Area,W01000139,Conwy 007A,Violence and sexual offences,Unable to prosecute suspect,
0e0415170dc0e923fca65277601b9bd582393c912c0fd11fb23cdef6bd2e4bc4,2019-01,North Wales Police,North Wales Police,-3.705424,53.287170,On or near Rayleigh Avenue,W01000139,Conwy 007A,Violence and sexual offences,Under investigation,
b4f27b90c1d6b36353508a74156e3d4eff1fe852a83219f3b9b6183a48b42507,2019-01,North Wales Police,North Wales Police,-3.701692,53.290297,On or near Parking Area,W01000139,Conwy 007A,Violence and sexual offences,Unable to prosecute suspect,
a9484fe03fbbec324913683d334d439d2b0fb3baf7fef1532835691ee38aad45,2019-01,North Wales Police,North Wales Police,-3.701692,53.290297,On or near Parking Area,W01000139,Conwy 007A,Violence and sexual offences,Unable to prosecute suspect,
83479e2679e595a0e4011779a53225b3f86e9b1bcfcbfa135fb117e7e4eb6c5e,2019-01,North Wales Police,North Wales Police,-3.710462,53.288230,On or near Hospital,W01000139,Conwy 007A,Violence and sexual offences,Further investigation is not in the public interest,
a98eaabfdd336c2248940cb795d1c922240deddb65545a9592e67b7111915e28,2019-01,North Wales Police,North Wales Police,-3.701692,53.290297,On or near Parking Area,W01000139,Conwy 007A,Violence and sexual offences,Unable to prosecute suspect,
91dc75485310d198d39b8110d3054a3353e72b79fc60a223068bdd00cff0430b,2019-01,North Wales Police,North Wales Police,-3.705424,53.287170,On or near Rayleigh Avenue,W01000139,Conwy 007A,Other crime,Under investigation,
,2019-01,North Wales Police,North Wales Police,-3.725440,53.292105,On or near Agnes Grove,W01000143,Conwy 007B,Anti-social behaviour,,
,2019-01,North Wales Police,North Wales Police,-3.722891,53.291018,On or near Highfield Road,W01000143,Conwy 007B,Anti-social behaviour,,
,2019-01,North Wales Police,North Wales Police,-3.726250,53.292471,On or near Victor Road,W01000143,Conwy 007B,Anti-social behaviour,,
,2019-01,North Wales Police,North Wales Police,-3.724758,53.291566,On or near Grove Park,W01000143,Conwy 007B,Anti-social behaviour,,
,2019-01,North Wales Police,North Wales Police,-3.725440,53.292105,On or near Agnes Grove,W01000143,Conwy 007B,Anti-social behaviour,,
,2019-01,North Wales Police,North Wales Police,-3.725937,53.293626,On or near Police Station,W01000143,Conwy 007B,Anti-social behaviour,,
d86bb4c5775457adddc7e914edba25955b6eecc4db8c1480f6f91a6080b871b9,2019-01,North Wales Police,North Wales Police,-3.727047,53.291776,On or near Rhiw Road,W01000143,Conwy 007B,Criminal damage and arson,Investigation complete; no suspect identified,
55893966301283c46d378298487e22c57cb5eaba70764f9f4218387944a12aa1,2019-01,North Wales Police,North Wales Police,-3.729886,53.291842,On or near Woodland Park,W01000143,Conwy 007B,Criminal damage and arson,Under investigation,
443402020afc5997d010db9644182b184096da9eaf0b62e049b12c94a8779ecd,2019-01,North Wales Police,North Wales Police,-3.725937,53.293626,On or near Police Station,W01000143,Conwy 007B,Other theft,Under investigation,
3b5a89dd4467d3188a57bc167f3f839008d9318721c7157c88b54236d7525892,2019-01,North Wales Police,North Wales Police,-3.724181,53.292869,On or near Rhiw Bank Avenue,W01000143,Conwy 007B,Other theft,Investigation complete; no suspect identified,
18f9522fe76e0d31d2fa5773f67797a8437146004e59982f653a628b74be6efb,2019-01,North Wales Police,North Wales Police,-3.724181,53.292869,On or near Rhiw Bank Avenue,W01000143,Conwy 007B,Public order,Unable to prosecute suspect,
29d81b363e853fc407872b0ef9e6711c061dd5209e616aa10a3b949336f26fe3,2019-01,North Wales Police,North Wales Police,-3.725292,53.293275,On or near Douglas Road,W01000143,Conwy 007B,Shoplifting,Investigation complete; no suspect identified,
3d6ba6569c36bee487ca97ce3b503770008db327dcffd7cc137092e7b4d2afd6,2019-01,North Wales Police,North Wales Police,-3.727047,53.291776,On or near Rhiw Road,W01000143,Conwy 007B,Vehicle crime,Investigation complete; no suspect identified,
5c51e2c8c43cd1d073315142b929e90f8b100a8ad4b59cdd4adfbd1cf3282005,2019-01,North Wales Police,North Wales Police,-3.725440,53.292105,On or near Agnes Grove,W01000143,Conwy 007B,Violence and sexual offences,Action to be taken by another organisation,
3ba23d0c207145056d4d99c27ef07ac88c9373098a143e2c7b590c350943348c,2019-01,North Wales Police,North Wales Police,-3.724923,53.291941,On or near Gladys Grove,W01000143,Conwy 007B,Violence and sexual offences,Unable to prosecute suspect,
07ad1a4e38d1906886ae5db109a6506b01089c00e68eee5e4b0c4c71b7fed911,2019-01,North Wales Police,North Wales Police,-3.724181,53.292869,On or near Rhiw Bank Avenue,W01000143,Conwy 007B,Violence and sexual offences,Unable to prosecute suspect,
21e953597a2ed809b0a60b9b6385b4ec486fccf83718b809e38b83e9b9d8857d,2019-01,North Wales Police,North Wales Police,-3.725292,53.293275,On or near Douglas Road,W01000143,Conwy 007B,Violence and sexual offences,Unable to prosecute suspect,
0819b4c30c5e27b0c7ea101cce265d7db3d6e0d81ac197c0166b9efc68020048,2019-01,North Wales Police,North Wales Police,-3.724181,53.292869,On or near Rhiw Bank Avenue,W01000143,Conwy 007B,Violence and sexual offences,Under investigation,
454e3c082832149361e2750cbc4ef50525c74343340e4eef69cbe115e0581232,2019-01,North Wales Police,North Wales Police,-3.727379,53.292931,On or near Claughton Road,W01000143,Conwy 007B,Violence and sexual offences,Under investigation,
8c7f711737caf82aad4c6b2c1dcd18709fca94169de2a0f10c343f0e01b6fbfc,2019-01,North Wales Police,North Wales Police,-3.725937,53.293626,On or near Police Station,W01000143,Conwy 007B,Other crime,Unable to prosecute suspect,
,2019-01,North Wales Police,North Wales Police,-3.708056,53.290737,On or near Police Station,W01000144,Conwy 007C,Anti-social behaviour,,
,2019-01,North Wales Police,North Wales Police,-3.708056,53.290737,On or near Police Station,W01000144,Conwy 007C,Anti-social behaviour,,
,2019-01,North Wales Police,North Wales Police,-3.724490,53.295337,On or near Shopping Area,W01000144,Conwy 007C,Anti-social behaviour,,
,2019-01,North Wales Police,North Wales Police,-3.714366,53.292435,On or near Park/Open Space,W01000144,Conwy 007C,Anti-social behaviour,,
,2019-01,North Wales Police,North Wales Police,-3.719679,53.294354,On or near Canning Road,W01000144,Conwy 007C,Anti-social behaviour,,
,2019-01,North Wales Police,North Wales Police,-3.720602,53.290808,On or near Petrol Station,W01000144,Conwy 007C,Anti-social behaviour,,
,2019-01,North Wales Police,North Wales Police,-3.726958,53.295139,On or near Shopping Area,W01000144,Conwy 007C,Anti-social behaviour,,
,2019-01,North Wales Police,North Wales Police,-3.726368,53.295382,On or near Ivy Street,W01000144,Conwy 007C,Anti-social behaviour,,
,2019-01,North Wales Police,North Wales Police,-3.724490,53.295337,On or near Shopping Area,W01000144,Conwy 007C,Anti-social behaviour,,
,2019-01,North Wales Police,North Wales Police,-3.726958,53.295139,On or near Shopping Area,W01000144,Conwy 007C,Anti-social behaviour,,
,2019-01,North Wales Police,North Wales Police,-3.715615,53.291042,On or near Sports/Recreation Area,W01000144,Conwy 007C,Anti-social behaviour,,
,2019-01,North Wales Police,North Wales Police,-3.726368,53.295382,On or near Ivy Street,W01000144,Conwy 007C,Anti-social behaviour,,
,2019-01,North Wales Police,North Wales Police,-3.726958,53.295139,On or near Shopping Area,W01000144,Conwy 007C,Anti-social behaviour,,
,2019-01,North Wales Police,North Wales Police,-3.726958,53.295139,On or near Shopping Area,W01000144,Conwy 007C,Anti-social behaviour,,
,2019-01,North Wales Police,North Wales Police,-3.719674,53.293860,On or near Greenfield Road,W01000144,Conwy 007C,Anti-social behaviour,,
,2019-01,North Wales Police,North Wales Police,-3.721359,53.293593,On or near Grove Road,W01000144,Conwy 007C,Anti-social behaviour,,
,2019-01,North Wales Police,North Wales Police,-3.719674,53.293860,On or near Greenfield Road,W01000144,Conwy 007C,Anti-social behaviour,,
,2019-01,North Wales Police,North Wales Police,-3.708056,53.290737,On or near Police Station,W01000144,Conwy 007C,Anti-social behaviour,,
2ec9f4e09d38f11115727750209153eee6ae92c1dc9100b014b3fff4125b860f,2019-01,North Wales Police,North Wales Police,-3.720677,53.294556,On or near Pendorlan Avenue,W01000144,Conwy 007C,Burglary,Investigation complete; no suspect identified,
4f20400f9c4435ec5b1588e1ec3bc9a5f78fd973b3fd7221ca4062b2a8c2a3f6,2019-01,North Wales Police,North Wales Police,-3.720677,53.294556,On or near Pendorlan Avenue,W01000144,Conwy 007C,Burglary,Under investigation,
3fec3420ad487c4f3c401e1449f935ad8a3b5a24513f21d56c47462e668390ed,2019-01,North Wales Police,North Wales Police,-3.720605,53.291267,On or near The Dingle,W01000144,Conwy 007C,Criminal damage and arson,Investigation complete; no suspect identified,
8a9bb9283e230f8fc9a87f63529fdf5ba8d71738c3a8943c3d03e28c710af0d0,2019-01,North Wales Police,North Wales Police,-3.723358,53.292198,On or near Meirion Gardens,W01000144,Conwy 007C,Criminal damage and arson,Unable to prosecute suspect,
2f9abd5b31efff23e4a9878e8ada24d6a16b29740152c03d1e500f79db8e6593,2019-01,North Wales Police,North Wales Police,-3.726958,53.295139,On or near Shopping Area,W01000144,Conwy 007C,Criminal damage and arson,Under investigation,
f425473515ae77a6489a332c78f9031e2d011f55db539708de2cfb2d5b7ecaed,2019-01,North Wales Police,North Wales Police,-3.719902,53.292436,On or near Lawson Road,W01000144,Conwy 007C,Public order,Unable to prosecute suspect,
89258fba9e1cf94778d318c622b0adbc1411c2550af03676ff0a7eccbfa2ff67,2019-01,North Wales Police,North Wales Police,-3.725748,53.294536,On or near Sea View Road,W01000144,Conwy 007C,Public order,Offender sent to prison,
6cb5d5dc62dc97e6760220f89eb7adc25958d44665d63b238c1ce426911afd6e,2019-01,North Wales Police,North Wales Police,-3.726958,53.295139,On or near Shopping Area,W01000144,Conwy 007C,Public order,Investigation complete; no suspect identified,
735bbf419f4e6928a4497314e2d9cbc28dd952bea11164b579acb39fd162946e,2019-01,North Wales Police,North Wales Police,-3.726958,53.295139,On or near Shopping Area,W01000144,Conwy 007C,Public order,Under investigation,
fcbabc1194e6e35e589080fb1ce3ba9f96ea72a2ed511f3f62ff9262ba94e48c,2019-01,North Wales Police,North Wales Police,-3.723997,53.293888,On or near Back Bay View Road,W01000144,Conwy 007C,Public order,Unable to prosecute suspect,
108d06d1abab07609bb7042762a2786a1b9f7674117339362520148831336d11,2019-01,North Wales Police,North Wales Police,-3.726958,53.295139,On or near Shopping Area,W01000144,Conwy 007C,Public order,Under investigation,
2b453dcd7a87823cb4bb20ca8394c60750312b19f0286851dc3abeaa7c0f8122,2019-01,North Wales Police,North Wales Police,-3.726368,53.295382,On or near Ivy Street,W01000144,Conwy 007C,Public order,Under investigation,
74e9414eb0d7eae0f7be3cad86cb7ffa7b1428a753850337f8897e00436be4be,2019-01,North Wales Police,North Wales Police,-3.726958,53.295139,On or near Shopping Area,W01000144,Conwy 007C,Public order,Under investigation,
19f66c6e20e3b187d891a62607042f9f2d5dc00fd45684d8c518f9068bda4b53,2019-01,North Wales Police,North Wales Police,-3.724490,53.295337,On or near Shopping Area,W01000144,Conwy 007C,Public order,Investigation complete; no suspect identified,
3eef2e86c51cc70b64a67d464ac6eb7e2c6f34cea7c1666cdcc728438f364c05,2019-01,North Wales Police,North Wales Police,-3.726368,53.295382,On or near Ivy Street,W01000144,Conwy 007C,Public order,Further investigation is not in the public interest,
83dba42c1d75e91b23a4fd68c53f0e48606ba1ce634cf9ef85d726775f31795a,2019-01,North Wales Police,North Wales Police,-3.723997,53.293888,On or near Back Bay View Road,W01000144,Conwy 007C,Vehicle crime,Investigation complete; no suspect identified,
b2b568b53a3be415dc742f3f922c0f55e2839f88544bb85f5d27c6ae5a4c83ba,2019-01,North Wales Police,North Wales Police,-3.723997,53.293888,On or near Back Bay View Road,W01000144,Conwy 007C,Violence and sexual offences,Unable to prosecute suspect,
1affe1ee0f3118064985bdf4a5afa164f9b3810d17d94221c5214f4934a081f2,2019-01,North Wales Police,North Wales Police,-3.725748,53.294536,On or near Sea View Road,W01000144,Conwy 007C,Violence and sexual offences,Unable to prosecute suspect,
bd4de7ef7723c18ec1fcb230dd804f666d2aa9ecd87361ff208f6db261b70f5f,2019-01,North Wales Police,North Wales Police,-3.723997,53.293888,On or near Back Bay View Road,W01000144,Conwy 007C,Violence and sexual offences,Awaiting court outcome,
afdf9ff6dee0eb60d503941cc328be025e831a09528070e579ebd31494fdafad,2019-01,North Wales Police,North Wales Police,-3.726958,53.295139,On or near Shopping Area,W01000144,Conwy 007C,Violence and sexual offences,Under investigation,
cd6d6a42896ae2f96b7714e7589fd834ebe40521700814b91e32b6c41e3df3c9,2019-01,North Wales Police,North Wales Police,-3.726958,53.295139,On or near Shopping Area,W01000144,Conwy 007C,Violence and sexual offences,Under investigation,
ff158b44b034cfcc05585c088553d6c13e69741f84027223953dfefe166dea48,2019-01,North Wales Police,North Wales Police,-3.720605,53.291267,On or near The Dingle,W01000144,Conwy 007C,Violence and sexual offences,Under investigation,
6598faac99452f5704570064e43328d6845aa05fc2c61b8239a0bb55d90ff7d9,2019-01,North Wales Police,North Wales Police,-3.725748,53.294536,On or near Sea View Road,W01000144,Conwy 007C,Violence and sexual offences,Awaiting court outcome,
db795c66cad4411d16f726f44d48d715c1c64eced792dd42489bd2416e71d2fb,2019-01,North Wales Police,North Wales Police,-3.726368,53.295382,On or near Ivy Street,W01000144,Conwy 007C,Violence and sexual offences,Under investigation,
d4044f6d98a6b533dc5b42b5e7396fa68da80b723c6ab7ae88c7b6257645bd83,2019-01,North Wales Police,North Wales Police,-3.721359,53.293593,On or near Grove Road,W01000144,Conwy 007C,Violence and sexual offences,Investigation complete; no suspect identified,
1c08a09390a5763f451312685a9fff158a1da428b2f850d33409d0c124c666df,2019-01,North Wales Police,North Wales Police,-3.708056,53.290737,On or near Police Station,W01000144,Conwy 007C,Violence and sexual offences,Under investigation,
86942fec0c9a7e7767b069f34bde25c8c21c6df15f600518750add3ff9c379a4,2019-01,North Wales Police,North Wales Police,-3.724490,53.295337,On or near Shopping Area,W01000144,Conwy 007C,Violence and sexual offences,Awaiting court outcome,
f7f1f7a6381ce236f8b5fcc46482b2ef9cb3cf84bf9fcdf66a6c3e25f822a61c,2019-01,North Wales Police,North Wales Police,-3.723358,53.292198,On or near Meirion Gardens,W01000144,Conwy 007C,Violence and sexual offences,Under investigation,
be2005307fe8ba745c8f968c6198cc9a99e66a475b82da1bd6676c49f5772da7,2019-01,North Wales Police,North Wales Police,-3.722491,53.293019,On or near Erw Wen Road,W01000144,Conwy 007C,Violence and sexual offences,Under investigation,
0ca806076ce6762650f832459ca44738d42dad2909e06c642b929f6bc095a7e2,2019-01,North Wales Police,North Wales Police,-3.727677,53.293987,On or near Woodland Road East,W01000144,Conwy 007C,Violence and sexual offences,Unable to prosecute suspect,
0599047c1c6eeb9f2bb8253ad719834ea4a005c77c8288ed345ed1048c6ac927,2019-01,North Wales Police,North Wales Police,-3.722491,53.293019,On or near Erw Wen Road,W01000144,Conwy 007C,Violence and sexual offences,Unable to prosecute suspect,
9f3c39f823a616cedf78f398431493227a045a2c2f5459cf81ad2c51852d2df0,2019-01,North Wales Police,North Wales Police,-3.724490,53.295337,On or near Shopping Area,W01000144,Conwy 007C,Violence and sexual offences,Unable to prosecute suspect,
9a7a8182e31dace6215ee5554d59be837f7572dfb452cba71d329cdc13cb66d1,2019-01,North Wales Police,North Wales Police,-3.726958,53.295139,On or near Shopping Area,W01000144,Conwy 007C,Violence and sexual offences,Under investigation,
57df988bb11b43adc7395294d2292af27fb957a33b861ea02ee2e1dbc58cf41e,2019-01,North Wales Police,North Wales Police,-3.726062,53.294874,On or near Bay View Road,W01000144,Conwy 007C,Violence and sexual offences,Under investigation,
7a1fa8ca238c91cacb8ef6d6b88f45fbf62be5d81efc31b55d26d4c08c0bacec,2019-01,North Wales Police,North Wales Police,-3.726368,53.295382,On or near Ivy Street,W01000144,Conwy 007C,Violence and sexual offences,Under investigation,
,2019-01,North Wales Police,North Wales Police,-3.728071,53.295950,On or near Penrhyn Road,W01000182,Conwy 007D,Anti-social behaviour,,
,2019-01,North Wales Police,North Wales Police,-3.732025,53.298365,On or near Marine Road,W01000182,Conwy 007D,Anti-social behaviour,,
,2019-01,North Wales Police,North Wales Police,-3.729469,53.294905,On or near Llewelyn Road,W01000182,Conwy 007D,Anti-social behaviour,,
,2019-01,North Wales Police,North Wales Police,-3.734122,53.299018,On or near Kingsway,W01000182,Conwy 007D,Anti-social behaviour,,
,2019-01,North Wales Police,North Wales Police,-3.729469,53.294905,On or near Llewelyn Road,W01000182,Conwy 007D,Anti-social behaviour,,
,2019-01,North Wales Police,North Wales Police,-3.730863,53.297096,On or near Mostyn Road,W01000182,Conwy 007D,Anti-social behaviour,,
,2019-01,North Wales Police,North Wales Police,-3.729469,53.294905,On or near Llewelyn Road,W01000182,Conwy 007D,Anti-social behaviour,,
82a6970ac33f6fe569537855ebb69eab2bae14d3a9c0162dd55a63788e5da519,2019-01,North Wales Police,North Wales Police,-3.736592,53.301076,On or near Clos Chatsworth,W01000182,Conwy 007D,Burglary,Investigation complete; no suspect identified,
0403f90183ae14b02867f97411c4de2cb0e85e89f626967d7a96319125e4be7e,2019-01,North Wales Police,North Wales Police,-3.743361,53.302209,On or near Brompton Avenue,W01000182,Conwy 007D,Burglary,Under investigation,
9daadab28b4a48f32bfbfbf2b47300646f4a4bfd62bf6efdde4d674515e31257,2019-01,North Wales Police,North Wales Police,-3.727179,53.295792,On or near Theme/Adventure Park,W01000182,Conwy 007D,Other theft,Under investigation,
3f89c50873ca87bcb0057118d63de1cca54d1ee92a1d4a887e98d00eda54a090,2019-01,North Wales Police,North Wales Police,-3.730468,53.298073,On or near Petrol Station,W01000182,Conwy 007D,Other theft,Under investigation,
4943f50f78d6a33ea56cda2ed32732d0df4deec4ccb20e7556876c4d5be080b9,2019-01,North Wales Police,North Wales Police,-3.728071,53.295950,On or near Penrhyn Road,W01000182,Conwy 007D,Other theft,Investigation complete; no suspect identified,
c0e31d8dd69c1b30e551745ff6c2cd34077d942f16ebf165ff1c1e9cd8cb3ed4,2019-01,North Wales Police,North Wales Police,-3.729469,53.294905,On or near Llewelyn Road,W01000182,Conwy 007D,Public order,Under investigation,
359d97af415cd8d20861ac1fb5129855790afe0f4e2d7b2232691f59620b59e2,2019-01,North Wales Police,North Wales Police,-3.730863,53.297096,On or near Mostyn Road,W01000182,Conwy 007D,Public order,Under investigation,
c23e0468a668bab90ce68099379f8a7338a88a92d8eb515e563bb7834d2cac9c,2019-01,North Wales Police,North Wales Police,-3.730863,53.297096,On or near Mostyn Road,W01000182,Conwy 007D,Public order,Unable to prosecute suspect,
0b09dd41c27b9af36f612a4ed62614135ef56572d00d192f8f48c0e600c01a1e,2019-01,North Wales Police,North Wales Police,-3.730863,53.297096,On or near Mostyn Road,W01000182,Conwy 007D,Public order,Unable to prosecute suspect,
d2b4841bbf7204d15e5e95f76dacdb406ba80b583faa8878c3efa439ea534350,2019-01,North Wales Police,North Wales Police,-3.730863,53.297096,On or near Mostyn Road,W01000182,Conwy 007D,Public order,Unable to prosecute suspect,
f2943b3338ff7c8bd518577198bff871871f72f71394a1476948b1b316e4d3b4,2019-01,North Wales Police,North Wales Police,-3.727179,53.295792,On or near Theme/Adventure Park,W01000182,Conwy 007D,Shoplifting,Investigation complete; no suspect identified,
0ca594687165442ccd0e572ab397c15f487664b65bec5e439abcfc4b3cf4eca6,2019-01,North Wales Police,North Wales Police,-3.732025,53.298365,On or near Marine Road,W01000182,Conwy 007D,Vehicle crime,Investigation complete; no suspect identified,
5c8d625dd4a7fcab74dae5bdccef1d19a92e33f51b649ffc2af1ecb4489e6c8a,2019-01,North Wales Police,North Wales Police,-3.728974,53.296378,On or near Hawarden Road,W01000182,Conwy 007D,Vehicle crime,Investigation complete; no suspect identified,
e1e16cbff8e5f430333482ee8cdd5373f582fb13fa4efeb7ddb69b5a7563e5a2,2019-01,North Wales Police,North Wales Police,-3.730863,53.297096,On or near Mostyn Road,W01000182,Conwy 007D,Violence and sexual offences,Under investigation,
270e638c9dd3630edf5339d177e1a7eac2f392d0bbb40aecf5b7b730e4951c03,2019-01,North Wales Police,North Wales Police,-3.729469,53.294905,On or near Llewelyn Road,W01000182,Conwy 007D,Violence and sexual offences,Under investigation,
f4982f6a635f2446627bae3847b2ad0d7c87bb7cf76308d51670d7189d42e263,2019-01,North Wales Police,North Wales Police,-3.729469,53.294905,On or near Llewelyn Road,W01000182,Conwy 007D,Violence and sexual offences,Unable to prosecute suspect,
0ee6a1eccd35949d63ac584240ae61d3cfc8da4ca3afe9aee65dfd2c8dcf7007,2019-01,North Wales Police,North Wales Police,-3.734122,53.299018,On or near Kingsway,W01000182,Conwy 007D,Violence and sexual offences,Under investigation,
6b47f232633470c7afc3569911a9fcc47d8236eae283e7ff29f2a135d0ccc9bb,2019-01,North Wales Police,North Wales Police,-3.728974,53.296378,On or near Hawarden Road,W01000182,Conwy 007D,Violence and sexual offences,Unable to prosecute suspect,
1041bd50b75ec457a669e37019195c20833aee6a3763c0d021cd5e908916bf00,2019-01,North Wales Police,North Wales Police,-3.728974,53.296378,On or near Hawarden Road,W01000182,Conwy 007D,Violence and sexual offences,Under investigation,
bd217e3843e7164beb7d48193938ae8dd5a26ae13e3e0831ce1d032712c0a7a3,2019-01,North Wales Police,North Wales Police,-3.734122,53.299018,On or near Kingsway,W01000182,Conwy 007D,Violence and sexual offences,Under investigation,
4fe88d62df15ee9c6ef2330c89f7fe50937d2e83cdbfa2a59194879eb136d2e6,2019-01,North Wales Police,North Wales Police,-3.730863,53.297096,On or near Mostyn Road,W01000182,Conwy 007D,Violence and sexual offences,Unable to prosecute suspect,
30db64da874e0ccf58ce9c343955bf35478770085cae4aa2353c512a99332339,2019-01,North Wales Police,North Wales Police,-3.728974,53.296378,On or near Hawarden Road,W01000182,Conwy 007D,Violence and sexual offences,Under investigation,
d4a5b449aff9eb084f3e94b043a64e2d17fa0323d8830f8dd3475155534d1667,2019-01,North Wales Police,North Wales Police,-3.732025,53.298365,On or near Marine Road,W01000182,Conwy 007D,Violence and sexual offences,Under investigation,
598e3286432f875d39b95703e067cde8dd6795cedf2b2c58ea6fa7b4e7221ae2,2019-01,North Wales Police,North Wales Police,-3.732025,53.298365,On or near Marine Road,W01000182,Conwy 007D,Violence and sexual offences,Under investigation,
26b33ac5af96f81a752482ba02365b652cdb54384b8f675fedc0c458fbe2a70a,2019-01,North Wales Police,North Wales Police,-3.740559,53.301954,On or near Francis Avenue,W01000182,Conwy 007D,Violence and sexual offences,Unable to prosecute suspect,
32d8ca0dd4019fce710c8bb452b6b2e76633d135892de118dca99ef125750376,2019-01,North Wales Police,North Wales Police,-3.730863,53.297096,On or near Mostyn Road,W01000182,Conwy 007D,Violence and sexual offences,Unable to prosecute suspect,
d587306ba9aa3d470fa331856d4334a3060bbdd8087b87c10feb2e9aeb2b0d50,2019-01,North Wales Police,North Wales Police,-3.730863,53.297096,On or near Mostyn Road,W01000182,Conwy 007D,Violence and sexual offences,Under investigation,
d7fdf27747229fbe2436f8307c86916920d9de810b66a15b2fa886ad84e3072a,2019-01,North Wales Police,North Wales Police,-3.740559,53.301954,On or near Francis Avenue,W01000182,Conwy 007D,Violence and sexual offences,Further investigation is not in the public interest,
dcaac540ef334d7cc611c60649e09d11aa59065aa72af153231e41155bab0d09,2019-01,North Wales Police,North Wales Police,-3.730863,53.297096,On or near Mostyn Road,W01000182,Conwy 007D,Violence and sexual offences,Action to be taken by another organisation,
f5759a32af339fbb4d1bb0b7200da4d8714c9c924bb8fda2a09b7fb4185b32de,2019-01,North Wales Police,North Wales Police,-3.727179,53.295792,On or near Theme/Adventure Park,W01000182,Conwy 007D,Violence and sexual offences,Unable to prosecute suspect,
526e9092fba3cd793ee1ccdabfa13d5c75ce24f6ac9994895e2f86ec3b863605,2019-01,North Wales Police,North Wales Police,-3.728611,53.294450,On or near Woodland Road West,W01000182,Conwy 007D,Violence and sexual offences,Unable to prosecute suspect,
,2019-01,North Wales Police,North Wales Police,-3.703996,53.289006,On or near St Catherine'S Drive,W01000138,Conwy 008A,Anti-social behaviour,,
,2019-01,North Wales Police,North Wales Police,-3.700142,53.286013,On or near Llanelian Road,W01000138,Conwy 008A,Anti-social behaviour,,
,2019-01,North Wales Police,North Wales Police,-3.702353,53.289560,On or near Church Walks,W01000138,Conwy 008A,Anti-social behaviour,,
,2019-01,North Wales Police,North Wales Police,-3.698151,53.284612,On or near Cwm Teg,W01000138,Conwy 008A,Anti-social behaviour,,
125611d2466ec0a4bccd72e76cbc07c7f4544200cea1369d5d0a5d4d0abc63cd,2019-01,North Wales Police,North Wales Police,-3.703580,53.289857,On or near Petrol Station,W01000138,Conwy 008A,Burglary,Unable to prosecute suspect,
c66e7d48c7e4dfd2fd38a3bd065ef405f9769deb7db6875190a630e16f11e049,2019-01,North Wales Police,North Wales Police,-3.700341,53.277812,On or near Llanelian Road,W01000138,Conwy 008A,Burglary,Investigation complete; no suspect identified,
6b992b8c6499efb74b3225fd0f54a444e0e7e6f53d98587537a345653b538357,2019-01,North Wales Police,North Wales Police,-3.702588,53.287174,On or near David Edwards Close,W01000138,Conwy 008A,Criminal damage and arson,Unable to prosecute suspect,
d4fad893218845c91a1c1cf257b190aa7ef0dce620ec833fd2655f9e652e5ecf,2019-01,North Wales Police,North Wales Police,-3.701741,53.289263,On or near Green Hill,W01000138,Conwy 008A,Criminal damage and arson,Unable to prosecute suspect,
3f797d0830b96a37097cea0ddd3a1565ca692e3f92281076953befce6a390511,2019-01,North Wales Police,North Wales Police,-3.709412,53.287859,On or near Hesketh Road,W01000138,Conwy 008A,Drugs,Offender given penalty notice,
28a57b94038f64275e06cc9e7b8ee95af5dbd8396116dbf3fa5852a299e684f2,2019-01,North Wales Police,North Wales Police,-3.703580,53.289857,On or near Petrol Station,W01000138,Conwy 008A,Other theft,Investigation complete; no suspect identified,
e4a7ab9cafe9df620b048577ebd41752ffcca0424125914ab450dcb39be98af8,2019-01,North Wales Police,North Wales Police,-3.703580,53.289857,On or near Petrol Station,W01000138,Conwy 008A,Other theft,Investigation complete; no suspect identified,
56f625925451f458d66624810050c7f95c86433cf62293d021d568bb0f209fa6,2019-01,North Wales Police,North Wales Police,-3.709412,53.287859,On or near Hesketh Road,W01000138,Conwy 008A,Possession of weapons,Further investigation is not in the public interest,
07e4585fda77de4208e5fabf46b6c1cbb2c3f0d4a6ee95c2585fff43820c707a,2019-01,North Wales Police,North Wales Police,-3.703580,53.289857,On or near Petrol Station,W01000138,Conwy 008A,Public order,Under investigation,
f419373c20ae738c6359ab6dc66c56029b27e5285be9697aef4362d151b409af,2019-01,North Wales Police,North Wales Police,-3.702588,53.287174,On or near David Edwards Close,W01000138,Conwy 008A,Public order,Unable to prosecute suspect,
c727693b1db4754990919b4cdcc01ef494e52534bfca3a36ccf4ef9c2f46a711,2019-01,North Wales Police,North Wales Police,-3.702588,53.287174,On or near David Edwards Close,W01000138,Conwy 008A,Violence and sexual offences,Unable to prosecute suspect,
198ac6335452aa18732d564052284363e3d382bc56793ce402ebbfa07041cbdf,2019-01,North Wales Police,North Wales Police,-3.702588,53.287174,On or near David Edwards Close,W01000138,Conwy 008A,Violence and sexual offences,Under investigation,
,2019-01,North Wales Police,North Wales Police,-3.721945,53.291005,On or near The Close,W01000145,Conwy 008B,Anti-social behaviour,,
,2019-01,North Wales Police,North Wales Police,-3.721945,53.291005,On or near The Close,W01000145,Conwy 008B,Anti-social behaviour,,
,2019-01,North Wales Police,North Wales Police,-3.716595,53.282541,On or near Ffordd Dawel,W01000145,Conwy 008B,Anti-social behaviour,,
a13e293c940ea4f4071b57821dc333bc29b7928a7957b5cac18df8c7c8cdb2f3,2019-01,North Wales Police,North Wales Police,-3.722300,53.290496,On or near Nant-Y-Glyn Avenue,W01000145,Conwy 008B,Burglary,Under investigation,
beea2a5196f6a320d9d188cc334224eeae72c455f8e3bc0edb322b5e011b814c,2019-01,North Wales Police,North Wales Police,-3.716519,53.285140,On or near Maes-Y-Glyn,W01000145,Conwy 008B,Criminal damage and arson,Investigation complete; no suspect identified,
e470c6de4d12a444cdb79f39ee041eff1a9fab0cc96813c5b20919762fc6191f,2019-01,North Wales Police,North Wales Police,-3.716519,53.285140,On or near Maes-Y-Glyn,W01000145,Conwy 008B,Violence and sexual offences,Unable to prosecute suspect,
0f577681bf01113fa052f7804a60f0ec634011d2513986feb66d85bd899fddc2,2019-01,North Wales Police,North Wales Police,-3.717045,53.282921,On or near Heol Dirion,W01000145,Conwy 008B,Violence and sexual offences,Under investigation,
b8d4d35622b10521176c4c665427d2b8a19ef0c9cb03878107cd8028ad2c95a5,2019-01,North Wales Police,North Wales Police,-3.731084,53.291052,On or near Ael-Y-Bryn Road,W01000180,Conwy 008C,Burglary,Unable to prosecute suspect,
2c568fc8acf8fb333b15e3d277260114f9113b728b217065a3998bdb42d2d8c6,2019-01,North Wales Police,North Wales Police,-3.744048,53.278556,On or near Llanrwst Road,W01000180,Conwy 008C,Other theft,Investigation complete; no suspect identified,
64538f6a50f2203e8fb0783f91d9c70c4dec5c9c5ebbf35d4172572adba1da39,2019-01,North Wales Police,North Wales Police,-3.734135,53.287115,On or near Bryn Garan,W01000180,Conwy 008C,Violence and sexual offences,Investigation complete; no suspect identified,
f5ebdb80862219850692de78aff84fc2a6c1ec9dc9914d01d81dfec7f17e93dc,2019-01,North Wales Police,North Wales Police,-3.741138,53.286294,On or near Sunningdale Grove,W01000181,Conwy 008D,Burglary,Investigation complete; no suspect identified,
46ebbeee6b6b0cf5f67ff9bdd9c61efc22577d169a11c68a0fa8be9181bdeaeb,2019-01,North Wales Police,North Wales Police,-3.739325,53.288945,On or near Pen-Y-Bryn Road,W01000181,Conwy 008D,Criminal damage and arson,Unable to prosecute suspect,
e8520b551ff6791d96e26bfb360a203ea3d38fc6c29d5ec6a177ee152cb3e1e9,2019-01,North Wales Police,North Wales Police,-3.734420,53.286365,On or near Bryn Cadno,W01000181,Conwy 008D,Violence and sexual offences,Unable to prosecute suspect,
f9bd3f3794fb6dfbb7473e2946f44472286498c3b22a585fad9f78340d954294,2019-01,North Wales Police,North Wales Police,-3.739325,53.288945,On or near Pen-Y-Bryn Road,W01000181,Conwy 008D,Violence and sexual offences,Unable to prosecute suspect,
7f60c731ac694d069ee1a5469ecfbe8c1acbc48db508f56ad693b27906046e80,2019-01,North Wales Police,North Wales Police,-3.734420,53.286365,On or near Bryn Cadno,W01000181,Conwy 008D,Violence and sexual offences,Unable to prosecute suspect,
,2019-01,North Wales Police,North Wales Police,-3.741641,53.300131,On or near Brompton Avenue,W01000183,Conwy 008E,Anti-social behaviour,,
,2019-01,North Wales Police,North Wales Police,-3.741641,53.300131,On or near Brompton Avenue,W01000183,Conwy 008E,Anti-social behaviour,,
,2019-01,North Wales Police,North Wales Police,-3.735398,53.298658,On or near Egerton Road,W01000183,Conwy 008E,Anti-social behaviour,,
,2019-01,North Wales Police,North Wales Police,-3.735398,53.298658,On or near Egerton Road,W01000183,Conwy 008E,Anti-social behaviour,,
,2019-01,North Wales Police,North Wales Police,-3.745030,53.297142,On or near Victoria Park,W01000183,Conwy 008E,Anti-social behaviour,,
1cd93e699f87ec4a7671403dc017cc3936bc31b6481d258fb6abb79596ca9652,2019-01,North Wales Police,North Wales Police,-3.741641,53.300131,On or near Brompton Avenue,W01000183,Conwy 008E,Bicycle theft,Under investigation,
f540cb0c567435109745aff972311b49bb44dd6601cc54999951f5c00d6f06d3,2019-01,North Wales Police,North Wales Police,-3.743724,53.296010,On or near Oak Drive Close,W01000183,Conwy 008E,Other theft,Unable to prosecute suspect,
42dad1a392bc157027609269a6e510e0c26b312b094482a1ba9812703766fd7f,2019-01,North Wales Police,North Wales Police,-3.735398,53.298658,On or near Egerton Road,W01000183,Conwy 008E,Violence and sexual offences,Unable to prosecute suspect,
f61561d109ef3bb41c5b709c9905179d1ec446ef3fda437ddeb93679e1439928,2019-01,North Wales Police,North Wales Police,-3.745030,53.297142,On or near Victoria Park,W01000183,Conwy 008E,Violence and sexual offences,Unable to prosecute suspect,
,2019-01,North Wales Police,North Wales Police,-3.698045,53.288749,On or near Cadwgan Avenue,W01000126,Conwy 009A,Anti-social behaviour,,
4091701a7a74ca766bb71fda250586f312f9363ec8199ed77d22ced639a54197,2019-01,North Wales Police,North Wales Police,-3.698045,53.288749,On or near Cadwgan Avenue,W01000126,Conwy 009A,Criminal damage and arson,Investigation complete; no suspect identified,
16f73803701e216a6058020e7f82cc88cf26856aca148db5e188efe7f1de4328,2019-01,North Wales Police,North Wales Police,-3.685401,53.289207,On or near Llysfaen Road,W01000126,Conwy 009A,Criminal damage and arson,Offender given community sentence,
0a6ec0f40d0bcff281a5f4198b8c0763808a0aa31752d7da78e95da7f2349dcc,2019-01,North Wales Police,North Wales Police,-3.700231,53.289006,On or near Llawr Pentre,W01000126,Conwy 009A,Criminal damage and arson,Unable to prosecute suspect,
d16d5b2c674cc7e7a520a77105d58fbf8ac9fa2db22d49fa4c91267589d3e397,2019-01,North Wales Police,North Wales Police,-3.700231,53.289006,On or near Llawr Pentre,W01000126,Conwy 009A,Other theft,Unable to prosecute suspect,
b1b70f8faf9f1107f00f285684cd50d1ddd272b78180a39381e51e820c4e5f1f,2019-01,North Wales Police,North Wales Police,-3.700231,53.289006,On or near Llawr Pentre,W01000126,Conwy 009A,Other theft,Unable to prosecute suspect,
61bfccd43514a90547c8a6fad5daf925af0fc58541294ba523a7246b61108bcb,2019-01,North Wales Police,North Wales Police,-3.695104,53.288360,On or near Supermarket,W01000126,Conwy 009A,Shoplifting,Investigation complete; no suspect identified,
727caadcad821f9282652cea0d26e7b003c2ab26d7ff6a8295d15478febc38ed,2019-01,North Wales Police,North Wales Police,-3.685401,53.289207,On or near Llysfaen Road,W01000126,Conwy 009A,Vehicle crime,Under investigation,
5a9b77b9b8d50fef80528c9f5f2c497fee687cd79aea3f44671f06269cf595c5,2019-01,North Wales Police,North Wales Police,-3.700231,53.289006,On or near Llawr Pentre,W01000126,Conwy 009A,Violence and sexual offences,Unable to prosecute suspect,
e74fa970a6707813291332cb16dfd02437e5d842b1472143205f3511965324ad,2019-01,North Wales Police,North Wales Police,-3.698045,53.288749,On or near Cadwgan Avenue,W01000126,Conwy 009A,Violence and sexual offences,Under investigation,
ad5fe30c98f75cb126605381f51b309e9a1ebdff23f5a157bf9d665831ffb435,2019-01,North Wales Police,North Wales Police,-3.700231,53.289006,On or near Llawr Pentre,W01000126,Conwy 009A,Violence and sexual offences,Unable to prosecute suspect,
f9de8384b8c07af00cb51db3de1b211e40b32a35018ab841c3b76dd861a2e22f,2019-01,North Wales Police,North Wales Police,-3.689041,53.286791,On or near Heightside Gardens,W01000126,Conwy 009A,Violence and sexual offences,Unable to prosecute suspect,
b2edc4ff768c617ff51b98c142a5638b0380091d56b1ceb20c2822fa03f047bd,2019-01,North Wales Police,North Wales Police,-3.700231,53.289006,On or near Llawr Pentre,W01000126,Conwy 009A,Violence and sexual offences,Unable to prosecute suspect,
970cff1bcc39cba64e869f79a946170b16aeb481c368c9b116466889a84e79b8,2019-01,North Wales Police,North Wales Police,-3.700231,53.289006,On or near Llawr Pentre,W01000126,Conwy 009A,Violence and sexual offences,Unable to prosecute suspect,
ce840541f867b92bce30674ebb111855a1ad061479c56dcd4235a70b84da2ae6,2019-01,North Wales Police,North Wales Police,-3.698045,53.288749,On or near Cadwgan Avenue,W01000126,Conwy 009A,Violence and sexual offences,Unable to prosecute suspect,
d6ee43730fc3849938cab98566af7377ddf9d9a9e48b1056c8a4e57c04ae68a3,2019-01,North Wales Police,North Wales Police,-3.700231,53.289006,On or near Llawr Pentre,W01000126,Conwy 009A,Violence and sexual offences,Further investigation is not in the public interest,
d8ba6c2fdeb2186fdb6249d8e0656594356c8107f57f3252c9755bb2db51fa0d,2019-01,North Wales Police,North Wales Police,-3.685401,53.289207,On or near Llysfaen Road,W01000126,Conwy 009A,Violence and sexual offences,Further investigation is not in the public interest,
5377f0a7caf61d9014fd752874ab7e3fa8d1b50670b31a30cb7f92ab5d350181,2019-01,North Wales Police,North Wales Police,-3.700231,53.289006,On or near Llawr Pentre,W01000126,Conwy 009A,Violence and sexual offences,Under investigation,
,2019-01,North Wales Police,North Wales Police,-3.678815,53.290730,On or near Ellis Avenue,W01000127,Conwy 009B,Anti-social behaviour,,
e9ca7f3dd3bd4ddf7261973e25f4747e2d075149f279fef36ab2db54306745a6,2019-01,North Wales Police,North Wales Police,-3.681114,53.291219,On or near Tanllwyfan,W01000127,Conwy 009B,Drugs,Formal action is not in the public interest,
3fe4980bf941701242e17988348d4bfdcb3544a6e5520f13010c87080e45501f,2019-01,North Wales Police,North Wales Police,-3.681114,53.291219,On or near Tanllwyfan,W01000127,Conwy 009B,Possession of weapons,Offender sent to prison,
fbf58c2ec401b4bcecf3460a789e8771d615f8e0196b37032fed314b0386a12a,2019-01,North Wales Police,North Wales Police,-3.689525,53.290668,On or near Iola Drive,W01000127,Conwy 009B,Public order,Unable to prosecute suspect,
622055d5fe96678221de8ccfb710d157b3bbe7d00cf993c219092f8cff2e087a,2019-01,North Wales Police,North Wales Police,-3.686870,53.290697,On or near Winston Close,W01000127,Conwy 009B,Violence and sexual offences,Under investigation,
6f1a5cc92d808e7fc9c03fb85363d36a4968406184799e5c276f5c569fe711bb,2019-01,North Wales Police,North Wales Police,-3.686204,53.291695,On or near Voryn Avenue,W01000127,Conwy 009B,Violence and sexual offences,Unable to prosecute suspect,
262495391c44712ee7d993c7bc7a5eca2fceaadc6310ac864598368379b36797,2019-01,North Wales Police,North Wales Police,-3.686204,53.291695,On or near Voryn Avenue,W01000127,Conwy 009B,Violence and sexual offences,Unable to prosecute suspect,
bbdebe2f96b5e48f29f678997f19fcaf20726f71ccc8955961c7291d4f487cd8,2019-01,North Wales Police,North Wales Police,-3.692538,53.290985,On or near Endsleigh Road,W01000128,Conwy 009C,Criminal damage and arson,Under investigation,
84437f30fec10909ac6337a9b5f86c1f731bb76a4e11815f2e86df3843fee598,2019-01,North Wales Police,North Wales Police,-3.694110,53.289003,On or near Wynn Gardens,W01000128,Conwy 009C,Public order,Under investigation,
fbe1e4c7f01e51254cde0e10debcf3904f54dc6087570fabc0866731814f5f06,2019-01,North Wales Police,North Wales Police,-3.694110,53.289003,On or near Wynn Gardens,W01000128,Conwy 009C,Public order,Under investigation,
2fe04d98eb6dfc16c6233c3a6c4a05d97464558ae93e2506381ade6a280492f3,2019-01,North Wales Police,North Wales Police,-3.698546,53.289650,On or near Cefn Road,W01000128,Conwy 009C,Shoplifting,Awaiting court outcome,
a2c40b329e13c26b6998da828a5d75ba0437b3520ce025bd19a8bfe588b42bd3,2019-01,North Wales Police,North Wales Police,-3.698546,53.289650,On or near Cefn Road,W01000128,Conwy 009C,Shoplifting,Awaiting court outcome,
996332bd594903ca8dc7a5439830f7142355600f7525da337b309e8a1b7b762e,2019-01,North Wales Police,North Wales Police,-3.689279,53.291679,On or near Sefton Road,W01000128,Conwy 009C,Violence and sexual offences,Awaiting court outcome,
585a3fa356dcafd28e3aa732097de07a4407a518e13346eb0cbc158188eb0a7b,2019-01,North Wales Police,North Wales Police,-3.689501,53.288934,On or near Norcliffe Avenue,W01000128,Conwy 009C,Violence and sexual offences,Offender fined,
,2019-01,North Wales Police,North Wales Police,-3.630603,53.278355,On or near Dol Acar,W01000153,Conwy 009D,Anti-social behaviour,,
2b7421befb8ee49cc8ef1256ffc0aae1a222fce459debd0aea7d2663a8d63d79,2019-01,North Wales Police,North Wales Police,-3.639807,53.289969,On or near Maes Cynbryd,W01000153,Conwy 009D,Burglary,Investigation complete; no suspect identified,
93b66688270c6fd94a663700f0cd62c4c06783bcc014e27cb4784aca8efa830c,2019-01,North Wales Police,North Wales Police,-3.643360,53.289893,On or near Maes Ffynnon,W01000153,Conwy 009D,Drugs,Under investigation,
6f1a3ef8dc0eceb2860a629e95d5e245cb9cc78b0a27650ed6e5c010c6f1eedd,2019-01,North Wales Police,North Wales Police,-3.646521,53.287422,On or near Lon Pendyffryn,W01000153,Conwy 009D,Other theft,Under investigation,
b414e428e7ccb45be9b0fefe8f031ea4885b7386e1ead9afe04a5d6d0f2ef6c2,2019-01,North Wales Police,North Wales Police,-3.643360,53.289893,On or near Maes Ffynnon,W01000153,Conwy 009D,Other theft,Unable to prosecute suspect,
,2019-01,North Wales Police,North Wales Police,-3.674992,53.286972,On or near Berth-Y-Glyd Road,W01000163,Conwy 009E,Anti-social behaviour,,
,2019-01,North Wales Police,North Wales Police,-3.675331,53.285681,On or near Glas Coed,W01000163,Conwy 009E,Anti-social behaviour,,
,2019-01,North Wales Police,North Wales Police,-3.660687,53.280951,On or near Bron-Y-Llan Road,W01000163,Conwy 009E,Anti-social behaviour,,
89e8b128c732e3e1f290885a19bf6c4f85717fffddad90915edea22bcc24b477,2019-01,North Wales Police,North Wales Police,-3.675601,53.286810,On or near Maenen,W01000163,Conwy 009E,Criminal damage and arson,Investigation complete; no suspect identified,
2dc869a2a35ef71a1b44f26799bf46137d217159e215a22bdbff5dede9521091,2019-01,North Wales Police,North Wales Police,-3.679167,53.287470,On or near Swn-Y-Don,W01000163,Conwy 009E,Criminal damage and arson,Investigation complete; no suspect identified,
833ec288b7f618e5dd8cca1bab5af823f9e7539c364bd9a34c88f556dd3a010e,2019-01,North Wales Police,North Wales Police,-3.674992,53.286972,On or near Berth-Y-Glyd Road,W01000163,Conwy 009E,Criminal damage and arson,Under investigation,
6459cbffe29891ee64ceb79b5abc690a882da76dd6a9f99bc3bf9633b0202f2c,2019-01,North Wales Police,North Wales Police,-3.675601,53.286810,On or near Maenen,W01000163,Conwy 009E,Criminal damage and arson,Under investigation,
92dd6c95861b4abfc78218331e2a4e6c97461b518178a3941b2e9593c92a1f28,2019-01,North Wales Police,North Wales Police,-3.679167,53.287470,On or near Swn-Y-Don,W01000163,Conwy 009E,Criminal damage and arson,Under investigation,
b7de20cbf2f5536425e48436dfac245ebfa4f564c9473b53732dfebe73a4f643,2019-01,North Wales Police,North Wales Police,-3.660687,53.280951,On or near Bron-Y-Llan Road,W01000163,Conwy 009E,Other theft,Investigation complete; no suspect identified,
450e26fe5af0d56252c676a691fea6e7f33da0e936fdf85bacdb709a4a790647,2019-01,North Wales Police,North Wales Police,-3.660687,53.280951,On or near Bron-Y-Llan Road,W01000163,Conwy 009E,Public order,Under investigation,
ef0dddcbb1feded6137ea22d66df50bd1ae2ccdd6597727d82fd00185ed87a0c,2019-01,North Wales Police,North Wales Police,-3.667228,53.277138,On or near Bwlch-Y-Gwynt Road,W01000163,Conwy 009E,Violence and sexual offences,Under investigation,
d817b3d977a95eb7f9106e8eb0c56958a8c62f9d4e9e948cb29d0f7cdbf6b891,2019-01,North Wales Police,North Wales Police,-3.679167,53.287470,On or near Swn-Y-Don,W01000163,Conwy 009E,Violence and sexual offences,Unable to prosecute suspect,
9339550e3cdd0df78001447b3ff380a84587d3ddc42b1b8066a6d1568c78d0a4,2019-01,North Wales Police,North Wales Police,-3.679167,53.287470,On or near Swn-Y-Don,W01000163,Conwy 009E,Violence and sexual offences,Unable to prosecute suspect,
cda0ce52bf359bd7f02fc64e48c4ac98c01051072383358ca2f892bea2b6f1a8,2019-01,North Wales Police,North Wales Police,-3.675331,53.285681,On or near Glas Coed,W01000163,Conwy 009E,Violence and sexual offences,Unable to prosecute suspect,
70154830d91dd3128878a574c096e06ee465ce2207928f177ea9dee185ba8096,2019-01,North Wales Police,North Wales Police,-3.667228,53.277138,On or near Bwlch-Y-Gwynt Road,W01000163,Conwy 009E,Violence and sexual offences,Unable to prosecute suspect,
1a395cec8b9ac606917ac3d90d8eff252358b49b002bcd1258c6506c401d1a61,2019-01,North Wales Police,North Wales Police,-3.678087,53.287854,On or near Mor Awel,W01000163,Conwy 009E,Other crime,Under investigation,
1cd61514ee194239c8fada04f2cc9232c2b15cb3eb46449845699c8b289217b8,2019-01,North Wales Police,North Wales Police,-3.678087,53.287854,On or near Mor Awel,W01000163,Conwy 009E,Other crime,Under investigation,
4ca3635ec327949cece3cab87bd3806ac4e1e3cdea7b3569bff04516ed0b0424,2019-01,North Wales Police,North Wales Police,-3.651929,53.282960,On or near Rhodfa Lwyd,W01000164,Conwy 009F,Drugs,Under investigation,
82c85ebc91731373de909b01f5fb7e11e8467b7354301f21cd6f9085cd41ad98,2019-01,North Wales Police,North Wales Police,-3.651929,53.282960,On or near Rhodfa Lwyd,W01000164,Conwy 009F,Vehicle crime,Investigation complete; no suspect identified,
7e8483b98ecf69d11529aab4fef0c484c724478043c936730cb02347ba0d57b3,2019-01,North Wales Police,North Wales Police,-3.658359,53.283599,On or near Gamar Road,W01000164,Conwy 009F,Vehicle crime,Awaiting court outcome,
869527050436ac27b5d12d57b15b7e31e9e67bc2a92eab6d93ff334947e7619f,2019-01,North Wales Police,North Wales Police,-3.651929,53.282960,On or near Rhodfa Lwyd,W01000164,Conwy 009F,Vehicle crime,Investigation complete; no suspect identified,
1a1cc2055acc84ad01fbd12abea5e01b50c6ced414ee1b837349f81d87347741,2019-01,North Wales Police,North Wales Police,-3.654153,53.285375,On or near Y Gilan,W01000164,Conwy 009F,Violence and sexual offences,Under investigation,
be0118677c049677265ba0c6078ad1bcf88c7dbf6bb345b755c15057d9492b27,2019-01,North Wales Police,North Wales Police,-3.651929,53.282960,On or near Rhodfa Lwyd,W01000164,Conwy 009F,Violence and sexual offences,Under investigation,
0b3deace8e72160cbe526230acf99846b6bfc94dc2653e76f2c9873bfedf2dab,2019-01,North Wales Police,North Wales Police,-3.655917,53.282519,On or near Glyndwr Road,W01000164,Conwy 009F,Violence and sexual offences,Unable to prosecute suspect,
24ffd64fafe131f1938c2a742ad91d73d71d73d35b6262e398eec5032a6b7890,2019-01,North Wales Police,North Wales Police,-3.656259,53.284384,On or near Parc Ffynnon,W01000164,Conwy 009F,Violence and sexual offences,Action to be taken by another organisation,
5cab41e30d2cf8e255bc65f0b7a5a5ba9448db7828f2a3a87ccd45b757e60f5a,2019-01,North Wales Police,North Wales Police,-3.654153,53.285375,On or near Y Gilan,W01000164,Conwy 009F,Violence and sexual offences,Under investigation,
077cff6dbbf6cbd39477ca1320cf153d346b37a3068f85a51d7b12d5395fef7f,2019-01,North Wales Police,North Wales Police,-3.654435,53.283357,On or near Alltwen,W01000164,Conwy 009F,Violence and sexual offences,Under investigation,
3e9d5eeae13c15273ef503c65405e855b633f1238cd18c48aae09a5506d64687,2019-01,North Wales Police,North Wales Police,-3.575437,53.282818,On or near Maes-Y-Dre,W01000140,Conwy 010B,Burglary,Under investigation,
49a8185fa1943a12d96024c4614fd90b97a88d4dabdd9b765b78c612bfe031e0,2019-01,North Wales Police,North Wales Police,-3.573892,53.284034,On or near Cae Stalwyn,W01000140,Conwy 010B,Other theft,Investigation complete; no suspect identified,
66676680efde4bf6d2356b98ed17b5c8922dec6d5d5d060d7dace00dcc3ef69b,2019-01,North Wales Police,North Wales Police,-3.538189,53.282316,On or near Rhuddlan Road,W01000140,Conwy 010B,Public order,Investigation complete; no suspect identified,
3b99d61412f5ee1df73350c3700e03642e45065d6b51cf69d38709ab3903964e,2019-01,North Wales Police,North Wales Police,-3.540354,53.269100,On or near Church Street,W01000140,Conwy 010B,Public order,Under investigation,
136ed293547eefa12f38d19b4f3dee5bbc4ddf1536c981f7b9af11cf48aa4a12,2019-01,North Wales Police,North Wales Police,-3.569299,53.276588,On or near Ffordd-Y-Berth,W01000140,Conwy 010B,Violence and sexual offences,Unable to prosecute suspect,
df30eff899c17213534d34848e4860a2249ff953d9faaac8e4bc06eb88ac73b9,2019-01,North Wales Police,North Wales Police,-3.579135,53.284244,On or near Bridge Street,W01000140,Conwy 010B,Violence and sexual offences,Unable to prosecute suspect,
4670b0b8762637f83e3200e373082d8e3cc1f76cbeac27587f89457364ad6c51,2019-01,North Wales Police,North Wales Police,-3.581712,53.283742,On or near New Street,W01000140,Conwy 010B,Violence and sexual offences,Under investigation,
7b929ee5fecb0142bf487bf32c676873efd7f6ba40f147abdb3495aaec1c022f,2019-01,North Wales Police,North Wales Police,-3.581712,53.283742,On or near New Street,W01000140,Conwy 010B,Violence and sexual offences,Under investigation,
4d87b7b3d57f5751b538e98957addcb0ae9ee702c03e83ef44cec7b97e91e166,2019-01,North Wales Police,North Wales Police,-3.579135,53.284244,On or near Bridge Street,W01000140,Conwy 010B,Violence and sexual offences,Formal action is not in the public interest,
941597639f0b1d78b81a6be9a395aa766f3db484cbe13c87b74c069ba3ca630c,2019-01,North Wales Police,North Wales Police,-3.546796,53.273520,On or near Nant Ddu Road,W01000140,Conwy 010B,Violence and sexual offences,Unable to prosecute suspect,
ce641a9d51599fe19f16136e21098b42b6ba26645264786dd0cfc3690856706a,2019-01,North Wales Police,North Wales Police,-3.546796,53.273520,On or near Nant Ddu Road,W01000140,Conwy 010B,Violence and sexual offences,Under investigation,
f885269bce5d607bea5db0d21d8db949fed61471be47e3ca078e4a5a0b74f746,2019-01,North Wales Police,North Wales Police,-3.580701,53.283585,On or near Glanrafon,W01000140,Conwy 010B,Violence and sexual offences,Unable to prosecute suspect,
2b6de375ab3d3903df99653926146ba5a2c4823ba2e95aa3f627f465564e2da6,2019-01,North Wales Police,North Wales Police,-3.581712,53.283742,On or near New Street,W01000140,Conwy 010B,Violence and sexual offences,Unable to prosecute suspect,
442e7f376f7115bae8de27da0860edd995094bd095ef6aea4d3dcafe50179186,2019-01,North Wales Police,North Wales Police,-3.581712,53.283742,On or near New Street,W01000140,Conwy 010B,Violence and sexual offences,Under investigation,
90acd5693b471cd2b48a6df4ed1938002f6a1074309448c2fa1001c0879d078d,2019-01,North Wales Police,North Wales Police,-3.569299,53.276588,On or near Ffordd-Y-Berth,W01000140,Conwy 010B,Violence and sexual offences,Under investigation,
1f05b6d454d9d6105a53c50760e883d5247bf0299e3bee77187dcba6569b8e1f,2019-01,North Wales Police,North Wales Police,-3.579081,53.281952,On or near Brynhyfryd Grove,W01000140,Conwy 010B,Violence and sexual offences,Under investigation,
9c97b2850f60acbdaa036188f8e9816d564fa78ade199e9cdef6954d3694c2bf,2019-01,North Wales Police,North Wales Police,-3.585401,53.284115,On or near Hospital,W01000141,Conwy 010C,Criminal damage and arson,Under investigation,
ccc7ef13192cd8c9a1f4af12ad24c780fea66ef354d161b23ff27c48b9a2ea5a,2019-01,North Wales Police,North Wales Police,-3.585401,53.284115,On or near Hospital,W01000141,Conwy 010C,Violence and sexual offences,Unable to prosecute suspect,
a79b8a5f7e91fa09c376e2c9b2148fe5bc9838446e791a3068322c602f2f6d48,2019-01,North Wales Police,North Wales Police,-3.583796,53.283714,On or near Harp Court,W01000141,Conwy 010C,Violence and sexual offences,Under investigation,
0c5f6175ad6b773d1fd0d5ff67fe200bc91de2991613de228973b9366bf844e3,2019-01,North Wales Police,North Wales Police,-3.583796,53.283714,On or near Harp Court,W01000141,Conwy 010C,Violence and sexual offences,Under investigation,
,2019-01,North Wales Police,North Wales Police,-3.587538,53.278657,On or near Lon Derw,W01000142,Conwy 010D,Anti-social behaviour,,
845e6590d3dc4ada0641d43f9a3034f0c5df344579b5aff13d6dc9de0ff7d84e,2019-01,North Wales Police,North Wales Police,-3.582405,53.277746,On or near Bryn Helyg,W01000142,Conwy 010D,Violence and sexual offences,Under investigation,
,2019-01,North Wales Police,North Wales Police,-3.574803,53.284741,On or near Berth Glyd,W01000178,Conwy 010E,Anti-social behaviour,,
,2019-01,North Wales Police,North Wales Police,-3.582569,53.287066,On or near Llys Marni,W01000178,Conwy 010E,Anti-social behaviour,,
,2019-01,North Wales Police,North Wales Police,-3.577734,53.289782,On or near Penlan,W01000178,Conwy 010E,Anti-social behaviour,,
,2019-01,North Wales Police,North Wales Police,-3.582569,53.287066,On or near Llys Marni,W01000178,Conwy 010E,Anti-social behaviour,,
39cdb312b6790a4cab0f403e2750bd6087c392422baf85d344add22845cf9a31,2019-01,North Wales Police,North Wales Police,-3.579778,53.288244,On or near Cwrt Idris,W01000178,Conwy 010E,Burglary,Investigation complete; no suspect identified,
da927feb89499fd195fa75c7d5ea638956f4dedca0b8b1379a4ad39a8d57f65f,2019-01,North Wales Police,North Wales Police,-3.577734,53.289782,On or near Penlan,W01000178,Conwy 010E,Burglary,Investigation complete; no suspect identified,
f1c2560a3946ccf5c3cf8aacb5bc706553afc721feb67dd29a753e8500c502cd,2019-01,North Wales Police,North Wales Police,-3.580744,53.287207,On or near Clwyd Avenue,W01000178,Conwy 010E,Criminal damage and arson,Unable to prosecute suspect,
1d288ab2c86d59aafe91eae05410f69ce723e9337f360978e171109d11b1cc3b,2019-01,North Wales Police,North Wales Police,-3.577451,53.285363,On or near Sports/Recreation Area,W01000178,Conwy 010E,Criminal damage and arson,Investigation complete; no suspect identified,
fc3cc18ab9299294d8b2c962f18d7480a3011b8eec45e8410647fe9fc86350a1,2019-01,North Wales Police,North Wales Police,-3.579778,53.288244,On or near Cwrt Idris,W01000178,Conwy 010E,Criminal damage and arson,Investigation complete; no suspect identified,
a557681a25f8113750ae37f6821677a3dbff8bddef957f721b0ecedebc8b0b50,2019-01,North Wales Police,North Wales Police,-3.574803,53.284741,On or near Berth Glyd,W01000178,Conwy 010E,Public order,Unable to prosecute suspect,
28c4a4a110750114cfe69a79a613e0a5fcc9ddd302781e1554ae3cf25c05fccc,2019-01,North Wales Police,North Wales Police,-3.581387,53.286722,On or near Pentre Ucha,W01000178,Conwy 010E,Public order,Unable to prosecute suspect,
9fa52190dce902150e88a5bdbc357b6e66765bc218662c097592ff53001bbe8c,2019-01,North Wales Police,North Wales Police,-3.577451,53.285363,On or near Sports/Recreation Area,W01000178,Conwy 010E,Public order,Action to be taken by another organisation,
93234578b7da7b22ba328fe2241d2135faeab4195796e2e880956788ab349ccb,2019-01,North Wales Police,North Wales Police,-3.582117,53.284977,On or near Market Place,W01000178,Conwy 010E,Shoplifting,Awaiting court outcome,
a0ca67a392875f7b0eee019343c63d89d480ba07663c34dc5817f998cd625e09,2019-01,North Wales Police,North Wales Police,-3.582117,53.284977,On or near Market Place,W01000178,Conwy 010E,Shoplifting,Awaiting court outcome,
eb93ddedfb42293e54c7cd95d4d5f3f26d8492e546919b812716e60661ac4d1d,2019-01,North Wales Police,North Wales Police,-3.578542,53.287676,On or near Sydenham Avenue,W01000178,Conwy 010E,Vehicle crime,Investigation complete; no suspect identified,
331452b7943ca237acfdd9d0e18bc738ed6622a6cabfbb6936b162ebe21a3707,2019-01,North Wales Police,North Wales Police,-3.580632,53.287820,On or near Pentre Avenue,W01000178,Conwy 010E,Vehicle crime,Investigation complete; no suspect identified,
dc25f588f6c3d21838a08974532cc0cafca6e16acc06112829955271ef90171f,2019-01,North Wales Police,North Wales Police,-3.577853,53.288531,On or near Ffordd-Y-Morfa,W01000178,Conwy 010E,Violence and sexual offences,Action to be taken by another organisation,
9ef68b4f3227ce4478865f550b5401f57b3b6e312f7898befa37bdaa1374958e,2019-01,North Wales Police,North Wales Police,-3.577853,53.288531,On or near Ffordd-Y-Morfa,W01000178,Conwy 010E,Violence and sexual offences,Under investigation,
204ba0b1669e6ef1a889164081097ac58e388d5f085349a42af53d9e0bef8556,2019-01,North Wales Police,North Wales Police,-3.581387,53.286722,On or near Pentre Ucha,W01000178,Conwy 010E,Violence and sexual offences,Under investigation,
86f894edaef94b2983a3d9f31713c647e947e41def77c0e8d1e8e6e024387799,2019-01,North Wales Police,North Wales Police,-3.581387,53.286722,On or near Pentre Ucha,W01000178,Conwy 010E,Violence and sexual offences,Unable to prosecute suspect,
525f3b3f118c0830379c80b2bbc3f043c859386241d2899f0e2a430762020509,2019-01,North Wales Police,North Wales Police,-3.574803,53.284741,On or near Berth Glyd,W01000178,Conwy 010E,Violence and sexual offences,Unable to prosecute suspect,
ff5c19abc3cb526b2c09ca2ecbc53427ea5f2842810ad7c46dd22e60865d79f7,2019-01,North Wales Police,North Wales Police,-3.580177,53.290523,On or near Penrhos,W01000178,Conwy 010E,Violence and sexual offences,Unable to prosecute suspect,
9f9c433a30c4c4e5e25cc8435301436c6a825275d2934d7e7beba6dc17329fe5,2019-01,North Wales Police,North Wales Police,-3.585486,53.286829,On or near Groes Lwyd,W01000178,Conwy 010E,Violence and sexual offences,Formal action is not in the public interest,
d0a0bd553fee1581c0a1a276e3467d01a925a48a6cb7942431d2ae790856052a,2019-01,North Wales Police,North Wales Police,-3.585486,53.286829,On or near Groes Lwyd,W01000178,Conwy 010E,Violence and sexual offences,Formal action is not in the public interest,
c8c80ed4adaf32e250a8b2d2123068d9c7194e98a9c5341e49ca25bed7fd1ea4,2019-01,North Wales Police,North Wales Police,-3.581387,53.286722,On or near Pentre Ucha,W01000178,Conwy 010E,Violence and sexual offences,Under investigation,
5e751ff15e54a291477b3c47d01f818a3a743fa40e6b2e9d2002ec0658649bb6,2019-01,North Wales Police,North Wales Police,-3.582117,53.284977,On or near Market Place,W01000178,Conwy 010E,Violence and sexual offences,Unable to prosecute suspect,
0b720cf2c9f4071a7052c083c8021eb811f9b6c7e470f9372462650fbee839f4,2019-01,North Wales Police,North Wales Police,-3.582569,53.287066,On or near Llys Marni,W01000178,Conwy 010E,Violence and sexual offences,Offender sent to prison,
,2019-01,North Wales Police,North Wales Police,-3.586249,53.285551,On or near Parking Area,W01000179,Conwy 010F,Anti-social behaviour,,
,2019-01,North Wales Police,North Wales Police,-3.586249,53.285551,On or near Parking Area,W01000179,Conwy 010F,Anti-social behaviour,,
,2019-01,North Wales Police,North Wales Police,-3.589432,53.288062,On or near Heol Gomer,W01000179,Conwy 010F,Anti-social behaviour,,
b5488697ac9ed0f05f4c979b2633adcb40a4588b8fd9ffe5c189488f04f57528,2019-01,North Wales Police,North Wales Police,-3.591592,53.288860,On or near Heol Awel,W01000179,Conwy 010F,Burglary,Under investigation,
935481e73fc81be4040f26b03a686c8eeb19e6133068f2025c5ed2377326015b,2019-01,North Wales Police,North Wales Police,-3.586249,53.285551,On or near Parking Area,W01000179,Conwy 010F,Public order,Local resolution,
339081f3b54f22529dd30a6da5fef571e5c35a132fc3f15adc6c0bba8b2d2497,2019-01,North Wales Police,North Wales Police,-3.586249,53.285551,On or near Parking Area,W01000179,Conwy 010F,Shoplifting,Investigation complete; no suspect identified,
ece6161e8a8cbd16f8f423744d01885678aa7efe73079a97124b70965cab67e1,2019-01,North Wales Police,North Wales Police,-3.589432,53.288062,On or near Heol Gomer,W01000179,Conwy 010F,Violence and sexual offences,Under investigation,
3fbdc9638a7be85bb63043ee53adb0f15653819f7727073fe8b0e9404c59e7f3,2019-01,North Wales Police,North Wales Police,-3.589432,53.288062,On or near Heol Gomer,W01000179,Conwy 010F,Violence and sexual offences,Unable to prosecute suspect,
2ed0c168b66a44bb21468dd99b4495b4ba00e983bd76307ef0915d105c78873f,2019-01,North Wales Police,North Wales Police,-3.589432,53.288062,On or near Heol Gomer,W01000179,Conwy 010F,Violence and sexual offences,Under investigation,
7905a2ed6019a2c6e717e014df9fcf26805bf6c3b136cbe5d5f25afdd70a5ba2,2019-01,North Wales Police,North Wales Police,-3.589432,53.288062,On or near Heol Gomer,W01000179,Conwy 010F,Violence and sexual offences,Under investigation,
7175d58ba85938584dbe1d24dd72aa43ac5d19f2a3274e58a6f0668a5f4a0e0b,2019-01,North Wales Police,North Wales Police,-3.590876,53.291396,On or near Min-Y-Don,W01000179,Conwy 010F,Violence and sexual offences,Investigation complete; no suspect identified,
d0cc13387c5238a29cffe70794e012f698873bf9e5a58f9939e3c7427840e49a,2019-01,North Wales Police,North Wales Police,-3.565028,53.296386,On or near Bron Gele,W01001927,Conwy 010G,Criminal damage and arson,Investigation complete; no suspect identified,
158aea05c8cd64da012b4fc5ac99b1ec37493b25992fd48cc0f73555b5bcd96f,2019-01,North Wales Police,North Wales Police,-3.565967,53.298270,On or near Pen Y Cae,W01001927,Conwy 010G,Other theft,Further investigation is not in the public interest,
63633567ba5911658e751f8ad9d8a507fa59cae8b15a04e62cc8aeb572a254d7,2019-01,North Wales Police,North Wales Police,-3.562586,53.297299,On or near Holland Drive,W01001927,Conwy 010G,Public order,Awaiting court outcome,
dc32a4492e9c6c153b6e2969cae989b7b4c2037ec8ce1d68cb4ceaaa44be26c5,2019-01,North Wales Police,North Wales Police,-3.562586,53.297299,On or near Holland Drive,W01001927,Conwy 010G,Vehicle crime,Under investigation,
e82f8c84f5c16e047076ca857a7d01dcba0b9c5b791f4ab4cae059dc57831f37,2019-01,North Wales Police,North Wales Police,-3.567908,53.296348,On or near Rhodfa Cregyn,W01001927,Conwy 010G,Violence and sexual offences,Unable to prosecute suspect,
172572c671f6732eee6e2cadfc91bb587bafefe28ca104752ae4fae8a522c32b,2019-01,North Wales Police,North Wales Police,-3.569830,53.294750,On or near Lon-Y-Dryw,W01001927,Conwy 010G,Violence and sexual offences,Unable to prosecute suspect,
db35930c8ffed95a76f5974ca5d0ec9a07b61da9c5650dd56fbf3c79c6b67c80,2019-01,North Wales Police,North Wales Police,-3.565967,53.298270,On or near Pen Y Cae,W01001927,Conwy 010G,Violence and sexual offences,Further investigation is not in the public interest,
832d103e25c2630a8bb2c8f499429e18ef0a0cea54b24f6df6d29e8646675b3d,2019-01,North Wales Police,North Wales Police,-3.567908,53.296348,On or near Rhodfa Cregyn,W01001927,Conwy 010G,Violence and sexual offences,Unable to prosecute suspect,
05c4fa8ff73927e7b6884ac7e4ceb236ae8db9c669e34624dc54b22b5642fb88,2019-01,North Wales Police,North Wales Police,-3.567908,53.296348,On or near Rhodfa Cregyn,W01001927,Conwy 010G,Violence and sexual offences,Unable to prosecute suspect,
,2019-01,North Wales Police,North Wales Police,-3.579722,53.293639,On or near South Parade,W01001928,Conwy 010H,Anti-social behaviour,,
,2019-01,North Wales Police,North Wales Police,-3.581537,53.293633,On or near Kingsway,W01001928,Conwy 010H,Anti-social behaviour,,
,2019-01,North Wales Police,North Wales Police,-3.579722,53.293639,On or near South Parade,W01001928,Conwy 010H,Anti-social behaviour,,
,2019-01,North Wales Police,North Wales Police,-3.579170,53.294141,On or near Pen Llyn,W01001928,Conwy 010H,Anti-social behaviour,,
,2019-01,North Wales Police,North Wales Police,-3.579722,53.293639,On or near South Parade,W01001928,Conwy 010H,Anti-social behaviour,,
,2019-01,North Wales Police,North Wales Police,-3.579722,53.293639,On or near South Parade,W01001928,Conwy 010H,Anti-social behaviour,,
baf6f97436c04b6fcf5fec0346b088b191ca0265dd57f07c5ade66631bdb5d34,2019-01,North Wales Police,North Wales Police,-3.579170,53.294141,On or near Pen Llyn,W01001928,Conwy 010H,Burglary,Unable to prosecute suspect,
dfaff470e58fa4a98031c912f4de39012a931182a393970404025f4580275b96,2019-01,North Wales Police,North Wales Police,-3.578307,53.294323,On or near Berllan,W01001928,Conwy 010H,Burglary,Under investigation,
72c9eae41b2a684eea8371694e4293b77a1fa8479d54bf07ef35b38a56d5bf7d,2019-01,North Wales Police,North Wales Police,-3.582176,53.293481,On or near Queensway,W01001928,Conwy 010H,Burglary,Investigation complete; no suspect identified,
c06e0696e038f3dcfb50140c6dae2b995467834568562a4ba6a5e2e238d41f32,2019-01,North Wales Police,North Wales Police,-3.579722,53.293639,On or near South Parade,W01001928,Conwy 010H,Burglary,Under investigation,
d3329161477ec5d013c82f05ece33e2a8b232c8f3a2df4aa1d472001ddef6941,2019-01,North Wales Police,North Wales Police,-3.579722,53.293639,On or near South Parade,W01001928,Conwy 010H,Criminal damage and arson,Investigation complete; no suspect identified,
2445521faa7c4f4a1d8a0cb2d7d93e416da379e366566566dcd2c010cf5f463a,2019-01,North Wales Police,North Wales Police,-3.580217,53.294873,On or near Ger-Y-Mor,W01001928,Conwy 010H,Other theft,Under investigation,
42433ffbc06a45a97e1796360e94cdd17190a72f38b637d82b5f45051855001c,2019-01,North Wales Police,North Wales Police,-3.579170,53.294141,On or near Pen Llyn,W01001928,Conwy 010H,Robbery,Under investigation,
82664eaf04d6a31cdecdff8451959aaf5a81166f947d953b8751438444b6bbe3,2019-01,North Wales Police,North Wales Police,-3.581537,53.293633,On or near Kingsway,W01001928,Conwy 010H,Shoplifting,Unable to prosecute suspect,
9897822dc926a95a0e8801742649daab62bb259b9061db7bdb50d0e7f1a49e9f,2019-01,North Wales Police,North Wales Police,-3.581839,53.294501,On or near Supermarket,W01001928,Conwy 010H,Shoplifting,Under investigation,
b663c3fa77ecb97f536a78942ed905a27ef6924e5668797fc16828c4b31c6e71,2019-01,North Wales Police,North Wales Police,-3.581537,53.293633,On or near Kingsway,W01001928,Conwy 010H,Shoplifting,Unable to prosecute suspect,
dcc0ae90dfe4208f82a0f6baa7bec1d82cff326b27a6ecd2e46ff4befc3df208,2019-01,North Wales Police,North Wales Police,-3.581537,53.293633,On or near Kingsway,W01001928,Conwy 010H,Shoplifting,Awaiting court outcome,
32a1c36c6a03d47011ca771b2c2532af2835c08adcdecd1ca6a0d0d4d4b49214,2019-01,North Wales Police,North Wales Police,-3.578307,53.294323,On or near Berllan,W01001928,Conwy 010H,Violence and sexual offences,Formal action is not in the public interest,
3ce0f79dbadba307a88485376b1fe024270698332cf62beab2d3e3fd9178d4a0,2019-01,North Wales Police,North Wales Police,-3.578307,53.294323,On or near Berllan,W01001928,Conwy 010H,Violence and sexual offences,Unable to prosecute suspect,
d8cbeee6d0a06b9aeca941afc72cb93105122ec0870dad43f8d9a65305bd21d2,2019-01,North Wales Police,North Wales Police,-3.579170,53.294141,On or near Pen Llyn,W01001928,Conwy 010H,Violence and sexual offences,Unable to prosecute suspect,
c51128e1cebce65db9179ea7c9cfa6b6d4209effb885eff4e51f54417cb88525,2019-01,North Wales Police,North Wales Police,-3.579722,53.293639,On or near South Parade,W01001928,Conwy 010H,Violence and sexual offences,Unable to prosecute suspect,
996dd5262f5580026cb89ff885410706105da9355dd51f488b52bcd5d2d98f20,2019-01,North Wales Police,North Wales Police,-3.575982,53.294749,On or near Cilfan,W01001928,Conwy 010H,Violence and sexual offences,Unable to prosecute suspect,
6f071d85ae9c4a968699db65b2de094aefba71db10fa6845a727d93f3f964777,2019-01,North Wales Police,North Wales Police,-3.579170,53.294141,On or near Pen Llyn,W01001928,Conwy 010H,Violence and sexual offences,Under investigation,
37b11dc7bd3676d3ac99d2bb08c216ce2505ec82eab3ab0a1d98e44ac329d045,2019-01,North Wales Police,North Wales Police,-3.580793,53.294200,On or near Marine Road,W01001928,Conwy 010H,Violence and sexual offences,Unable to prosecute suspect,
313538374b9a95b135c23d29dec07871cdd28a926dd2d3048efa3addfde39606,2019-01,North Wales Police,North Wales Police,-3.581106,53.293746,On or near Meirion,W01001928,Conwy 010H,Violence and sexual offences,Unable to prosecute suspect,
59a8c52b387937483fbc9acfcea362bc91b18a2f003f6f429db932b28d07bb78,2019-01,North Wales Police,North Wales Police,-3.579170,53.294141,On or near Pen Llyn,W01001928,Conwy 010H,Violence and sexual offences,Unable to prosecute suspect,
90e16c0457b8c259251f0b0f38d9bab52e70b3616ac1df0971b5d8bbdcd0a85f,2019-01,North Wales Police,North Wales Police,-3.578307,53.294323,On or near Berllan,W01001928,Conwy 010H,Violence and sexual offences,Formal action is not in the public interest,
c2715035294cbfd1eec566fbe7b363857fd4787afa24d870ad2952645e2c7213,2019-01,North Wales Police,North Wales Police,-3.580793,53.294200,On or near Marine Road,W01001928,Conwy 010H,Violence and sexual offences,Unable to prosecute suspect,
1ce9d9b4a0cdbfb2546d54f11aca098f8d85aef15ef70d66104d34d8dbd7bee4,2019-01,North Wales Police,North Wales Police,-3.579170,53.294141,On or near Pen Llyn,W01001928,Conwy 010H,Violence and sexual offences,Unable to prosecute suspect,
29c9fe294046f362b63f477fa24a112a3d9e4307a6c53055d2f9666daef364f2,2019-01,North Wales Police,North Wales Police,-3.580793,53.294200,On or near Marine Road,W01001928,Conwy 010H,Violence and sexual offences,Unable to prosecute suspect,
c502a8964948f8cdb12b866833b7b22282cc48381866fc077cbb6f1187cfd5ee,2019-01,North Wales Police,North Wales Police,-3.579722,53.293639,On or near South Parade,W01001928,Conwy 010H,Other crime,Unable to prosecute suspect,
,2019-01,North Wales Police,North Wales Police,-3.762385,53.293695,On or near Ffordd-Y-Maer,W01000167,Conwy 011C,Anti-social behaviour,,
,2019-01,North Wales Police,North Wales Police,-3.763344,53.294768,On or near Llys Cwstenin,W01000167,Conwy 011C,Anti-social behaviour,,
4745e95c15c8e582c1e95ffe992b7d6eb5507e0a17e77197ab7a6ef66c89aa60,2019-01,North Wales Police,North Wales Police,-3.762385,53.293695,On or near Ffordd-Y-Maer,W01000167,Conwy 011C,Criminal damage and arson,Investigation complete; no suspect identified,
8aef8f23ef72554aed46e12b0c3732e5638a5c2fc34b9db853a2f5b4c239c606,2019-01,North Wales Police,North Wales Police,-3.764340,53.293064,On or near Orme Road,W01000167,Conwy 011C,Criminal damage and arson,Investigation complete; no suspect identified,
0968832a508739acd75186fe2dd12f592ebc166933900ee368a8844f364ba0f9,2019-01,North Wales Police,North Wales Police,-3.764558,53.293986,On or near Ffordd Mynach,W01000167,Conwy 011C,Criminal damage and arson,Investigation complete; no suspect identified,
3d94c006bf12d5ebfa327796190251f2dd71913d924ad56c75f2c47a1ff45e54,2019-01,North Wales Police,North Wales Police,-3.762385,53.293695,On or near Ffordd-Y-Maer,W01000167,Conwy 011C,Criminal damage and arson,Unable to prosecute suspect,
5379a1e4b9824c95087aaf6baeaba689f9bcffe3be6c7853476c49efe1801505,2019-01,North Wales Police,North Wales Police,-3.765237,53.291900,On or near Station Road,W01000167,Conwy 011C,Other theft,Further investigation is not in the public interest,
e538f3dbcbfc230c337372fcc08b78e285158230f670bd061d04aaf001f9ef6b,2019-01,North Wales Police,North Wales Police,-3.763344,53.294768,On or near Llys Cwstenin,W01000167,Conwy 011C,Public order,Unable to prosecute suspect,
a0ebb5e7d37edc9a413a7d50a846d1a81ce963e22ff05f2604c81468c17cca28,2019-01,North Wales Police,North Wales Police,-3.765168,53.288781,On or near Old Conway Road,W01000167,Conwy 011C,Public order,Under investigation,
c5b63950ee608f4cf59d1ce7a2b22af1df7b83dfa3b9798f6c1179d75e6587eb,2019-01,North Wales Police,North Wales Police,-3.765168,53.288781,On or near Old Conway Road,W01000167,Conwy 011C,Violence and sexual offences,Unable to prosecute suspect,
99078f6486b3517fc5cf9b54ea53e7547f9262627dd3e5bd657e9c78064e6581,2019-01,North Wales Police,North Wales Police,-3.761700,53.289093,On or near Chapel Street,W01000167,Conwy 011C,Violence and sexual offences,Unable to prosecute suspect,
65df5c9456d7c060aea2cf101e83fe7a05f0fdc2203dc5aa64f9abc097b1a4d4,2019-01,North Wales Police,North Wales Police,-3.761651,53.293355,On or near Llys Ednyfed,W01000167,Conwy 011C,Violence and sexual offences,Under investigation,
c5a3a87d92dc3d03e20e395a96cde6152a54d69eedd19cd765c8604596127beb,2019-01,North Wales Police,North Wales Police,-3.761651,53.293355,On or near Llys Ednyfed,W01000167,Conwy 011C,Violence and sexual offences,Further investigation is not in the public interest,
c69daa5cfcda95fad057eef4349301b9c510fcca4e9e8df1deb2bf9992ab610c,2019-01,North Wales Police,North Wales Police,-3.765168,53.288781,On or near Old Conway Road,W01000167,Conwy 011C,Violence and sexual offences,Further investigation is not in the public interest,
3c187e7d2377e20132d67d01c9debba6b9a417c70dfe5a8a621d6c2f5415d054,2019-01,North Wales Police,North Wales Police,-3.765168,53.288781,On or near Old Conway Road,W01000167,Conwy 011C,Violence and sexual offences,Unable to prosecute suspect,
04db74bfb82e3c33db9124d667f968dff104904dd6684bfecf7e4cc12a6bd34a,2019-01,North Wales Police,North Wales Police,-3.765168,53.288781,On or near Old Conway Road,W01000167,Conwy 011C,Violence and sexual offences,Under investigation,
46988baaa1f249b98adda6a7ac24cd72f3721a8e07c5510a8c7b4b84b47abfc3,2019-01,North Wales Police,North Wales Police,-3.765168,53.288781,On or near Old Conway Road,W01000167,Conwy 011C,Violence and sexual offences,Under investigation,
e62357323b6b5743cbfdfd633f53795a7b5db92765b18b28a56aa370cf21bf14,2019-01,North Wales Police,North Wales Police,-3.763344,53.294768,On or near Llys Cwstenin,W01000167,Conwy 011C,Violence and sexual offences,Under investigation,
d86b671c0e2eaac3e93347ee023f652b41cfe4c18124fc336f8f141915f0a880,2019-01,North Wales Police,North Wales Police,-3.761700,53.289093,On or near Chapel Street,W01000167,Conwy 011C,Violence and sexual offences,Unable to prosecute suspect,
ed3a8b06a2c3c12bcfe960d473244fbd4818f78d2b480316dc85b7729d1e2035,2019-01,North Wales Police,North Wales Police,-3.765168,53.288781,On or near Old Conway Road,W01000167,Conwy 011C,Violence and sexual offences,Unable to prosecute suspect,
edd1d4d106def345bb2b2163ef173cc520dfb47b6587ccefd9ca82aabe1abe8e,2019-01,North Wales Police,North Wales Police,-3.765168,53.288781,On or near Old Conway Road,W01000167,Conwy 011C,Other crime,Further investigation is not in the public interest,
,2019-01,North Wales Police,North Wales Police,-3.803063,53.283036,On or near Queen'S Road,W01000176,Conwy 011D,Anti-social behaviour,,
,2019-01,North Wales Police,North Wales Police,-3.807035,53.284028,On or near Caradoc Road,W01000176,Conwy 011D,Anti-social behaviour,,
,2019-01,North Wales Police,North Wales Police,-3.803063,53.283036,On or near Queen'S Road,W01000176,Conwy 011D,Anti-social behaviour,,
88793f821c5976d347b31c16faed341ab8132e5745957c0074665ee0c99c24c3,2019-01,North Wales Police,North Wales Police,-3.800472,53.283848,On or near Maes Derw,W01000176,Conwy 011D,Criminal damage and arson,Unable to prosecute suspect,
8afbc5f86d8bfa07f311f13179ebf3b4417a41871cada9bfa21569128049e9f8,2019-01,North Wales Police,North Wales Police,-3.798587,53.282897,On or near Trem Yr Afon,W01000176,Conwy 011D,Other theft,Under investigation,
67e313ffed61a48ca9d1a75b9af427b400ba6139a3c7948be892c4a46187cfe0,2019-01,North Wales Police,North Wales Police,-3.803036,53.284538,On or near St Margaret'S Road,W01000176,Conwy 011D,Violence and sexual offences,Unable to prosecute suspect,
989f40b2719fec6da26f5036886b93d759035c5d4c1fba5dcb984581b85e6f16,2019-01,North Wales Police,North Wales Police,-3.804378,53.283987,On or near Supermarket,W01000176,Conwy 011D,Violence and sexual offences,Unable to prosecute suspect,
4b290dced685f581e82f1e997f4e25a1fe842a50d40b9cf210f473ee07b0db3e,2019-01,North Wales Police,North Wales Police,-3.802629,53.285910,On or near Walton Crescent,W01000176,Conwy 011D,Violence and sexual offences,Under investigation,
e19d12d28d1a384e6a0692907c47e46fce00d07b975aea3eeaac2d5f38b90121,2019-01,North Wales Police,North Wales Police,-3.803036,53.284538,On or near St Margaret'S Road,W01000176,Conwy 011D,Violence and sexual offences,Under investigation,
2c7d0420b7ba105838394459dc058a8e7a543b22b1b8d98be5cf48c038642783,2019-01,North Wales Police,North Wales Police,-3.800472,53.283848,On or near Maes Derw,W01000176,Conwy 011D,Violence and sexual offences,Unable to prosecute suspect,
2d50f80f2f0c282e17591f918bebf61cdbf7197084c02477b54a58b4b0406ba3,2019-01,North Wales Police,North Wales Police,-3.803036,53.284538,On or near St Margaret'S Road,W01000176,Conwy 011D,Violence and sexual offences,Unable to prosecute suspect,
e20f7c2efa97e352a5cbbee4d372fa6216476ec23e68a41dca7205d3b937d5e3,2019-01,North Wales Police,North Wales Police,-3.803518,53.282076,On or near River View Terrace,W01000176,Conwy 011D,Violence and sexual offences,Unable to prosecute suspect,
5f268db695f073f2a65497240121cc617db5fd3b5215156b5a527833763b2e5b,2019-01,North Wales Police,North Wales Police,-3.809854,53.284344,On or near Parking Area,W01000176,Conwy 011D,Violence and sexual offences,Under investigation,
6f55327d91771d5daa69a06aa42fabf4a9ff82344f9b819f580e51c66778c602,2019-01,North Wales Police,North Wales Police,-3.799357,53.284800,On or near Dol Dderw,W01000176,Conwy 011D,Violence and sexual offences,Under investigation,
406256af0f291829bcaa34ad2536264409d17a74a9471d82f8291a6b1cd54f56,2019-01,North Wales Police,North Wales Police,-3.803518,53.282076,On or near River View Terrace,W01000176,Conwy 011D,Violence and sexual offences,Unable to prosecute suspect,
7879e776e535d715bba979657a8ae6955e7f4bde6d14d0b1ab345f9caa44f2d0,2019-01,North Wales Police,North Wales Police,-3.802629,53.285910,On or near Walton Crescent,W01000176,Conwy 011D,Violence and sexual offences,Unable to prosecute suspect,
b84284240a7af74d6a7e8553f43780fb5b3456b34c1745a157bb8ad8b16ff23d,2019-01,North Wales Police,North Wales Police,-3.802629,53.285910,On or near Walton Crescent,W01000176,Conwy 011D,Violence and sexual offences,Unable to prosecute suspect,
3e09d0749bf0f2656879808b09039abaa08a612f471bbd47af90693c3f53c04a,2019-01,North Wales Police,North Wales Police,-3.788886,53.294136,On or near Pydew Road,W01000177,Conwy 011E,Criminal damage and arson,Investigation complete; no suspect identified,
,2019-01,North Wales Police,North Wales Police,-3.792978,53.267509,On or near Nant Yr Efail,W01001926,Conwy 011F,Anti-social behaviour,,
,2019-01,North Wales Police,North Wales Police,-3.795359,53.268148,On or near Church Street,W01001926,Conwy 011F,Anti-social behaviour,,
,2019-01,North Wales Police,North Wales Police,-3.796407,53.267404,On or near Llewelyn Avenue,W01001926,Conwy 011F,Anti-social behaviour,,
39fd080fd8bd73dcd94d41cd43a3bb29817f2ce4adfcddcd53870a3ef4948c40,2019-01,North Wales Police,North Wales Police,-3.790899,53.281277,On or near A470,W01001926,Conwy 011F,Other theft,Unable to prosecute suspect,
5ab05907d90050cd66e78e086bef78ba7554c105c29ed3012be45fd1a1783a41,2019-01,North Wales Police,North Wales Police,-3.795359,53.268148,On or near Church Street,W01001926,Conwy 011F,Vehicle crime,Unable to prosecute suspect,
e844197522a3be65ec296608f9ec47ee10eae49f939ae922279128694be444c0,2019-01,North Wales Police,North Wales Police,-3.795359,53.268148,On or near Church Street,W01001926,Conwy 011F,Violence and sexual offences,Further investigation is not in the public interest,
693eff24f6ee6b4964d26f996ab7cbc5fcbebc86dab72c1c7263ae98e912a0f8,2019-01,North Wales Police,North Wales Police,-3.782763,53.281489,On or near Conway Road,W01001926,Conwy 011F,Violence and sexual offences,Under investigation,
152ae0bf61d2943aef911d714aa0b4f74565c0c39e63d557a11015e2dd54eaf5,2019-01,North Wales Police,North Wales Police,-3.795359,53.268148,On or near Church Street,W01001926,Conwy 011F,Violence and sexual offences,Further investigation is not in the public interest,
e437b627dc9b40e1860804801c1ff2a811095023e820f38b8a076fa51e9ce61d,2019-01,North Wales Police,North Wales Police,-3.798835,53.264877,On or near Trem Afon,W01001926,Conwy 011F,Violence and sexual offences,Awaiting court outcome,
,2019-01,North Wales Police,North Wales Police,-3.858926,53.231536,On or near Sports/Recreation Area,W01000124,Conwy 012A,Anti-social behaviour,,
94879d45027ae84b2cbaf31477fce534ba22eb15091084926f1b6042802d6792,2019-01,North Wales Police,North Wales Police,-3.845544,53.202221,On or near Hendy,W01000124,Conwy 012A,Criminal damage and arson,Investigation complete; no suspect identified,
b48b90f328e3dd1fdb939f3f592e1e1bfa0f2b370107b4e264fa6d4dbe9a20ad,2019-01,North Wales Police,North Wales Police,-3.844301,53.259714,On or near Henrhyd Road,W01000124,Conwy 012A,Other theft,Investigation complete; no suspect identified,
e921b4dfd6296440d5e40835b92a265d974203eb3de156b4f1efc894e16279ac,2019-01,North Wales Police,North Wales Police,-3.846999,53.255878,On or near Sports/Recreation Area,W01000124,Conwy 012A,Violence and sexual offences,Unable to prosecute suspect,
a73279ee90a482427554939645eebf39144ec50e62b7dcf32af59d5dc6a0cd05,2019-01,North Wales Police,North Wales Police,-3.845196,53.198298,On or near Conway Road,W01000124,Conwy 012A,Violence and sexual offences,Unable to prosecute suspect,
7523311a889ff1b389fa324f29e4c2c090734cd778ab10bc1772f7dbb5ef16fa,2019-01,North Wales Police,North Wales Police,-3.835896,53.250413,On or near Cwrt-Y-Groes,W01000124,Conwy 012A,Violence and sexual offences,Under investigation,
c3fc738850e42e01c87532135154aac88dcb3bffad39dd06521a1863e8b4746b,2019-01,North Wales Police,North Wales Police,-3.846999,53.255878,On or near Sports/Recreation Area,W01000124,Conwy 012A,Violence and sexual offences,Unable to prosecute suspect,
,2019-01,North Wales Police,North Wales Police,-3.843278,53.287159,On or near Mona Road,W01000129,Conwy 012B,Anti-social behaviour,,
,2019-01,North Wales Police,North Wales Police,-3.845494,53.287070,On or near Penmaen Road,W01000129,Conwy 012B,Anti-social behaviour,,
,2019-01,North Wales Police,North Wales Police,-3.845494,53.287070,On or near Penmaen Road,W01000129,Conwy 012B,Anti-social behaviour,,
6f7f4b65be9c51e710598e83aa54f15e38fe115b3f0802c398c78f3992cb9d08,2019-01,North Wales Police,North Wales Police,-3.839523,53.286362,On or near Gerddi'R Morfa,W01000129,Conwy 012B,Criminal damage and arson,Investigation complete; no suspect identified,
5cb11537fb78735c2b5d6629a7d41af72a69a0f8f41e0f8b0c711b4f27bad9ce,2019-01,North Wales Police,North Wales Police,-3.843278,53.287159,On or near Mona Road,W01000129,Conwy 012B,Criminal damage and arson,Under investigation,
7b9a6e5ff0438724f301a6723e2ec122c4a220c10d2abbc260757d7a72f8f65c,2019-01,North Wales Police,North Wales Police,-3.845494,53.287070,On or near Penmaen Road,W01000129,Conwy 012B,Criminal damage and arson,Investigation complete; no suspect identified,
63f19b179c5abaf042b19dbed1c4e40fe9ee0febe1e69352bf8ce5eb950e730a,2019-01,North Wales Police,North Wales Police,-3.839762,53.285631,On or near Cwrt Llewelyn Court,W01000129,Conwy 012B,Drugs,Offender given a drugs possession warning,
f38a272c8e2b82d3db3c80e371c5fff410fd18ea858bd4501b96face0346b219,2019-01,North Wales Police,North Wales Police,-3.839762,53.285631,On or near Cwrt Llewelyn Court,W01000129,Conwy 012B,Drugs,Offender given a drugs possession warning,
016b19bcfb07d694c61d659ac4741bac505011fc0a0bfc41ea8b5a0f545374f5,2019-01,North Wales Police,North Wales Police,-3.845494,53.287070,On or near Penmaen Road,W01000129,Conwy 012B,Public order,Further investigation is not in the public interest,
f458cbcf888c3cfe1a4f42a023518c30f54bcec2824550220adf851722d223f8,2019-01,North Wales Police,North Wales Police,-3.843278,53.287159,On or near Mona Road,W01000129,Conwy 012B,Public order,Unable to prosecute suspect,
c0097c430929a69d0b01549e99a819cd3bbac77720c4a6879eb3a8d919dfacd8,2019-01,North Wales Police,North Wales Police,-3.845714,53.286590,On or near Penmaen Crescent,W01000129,Conwy 012B,Violence and sexual offences,Under investigation,
392b179062c4a40689f5b3e1190cd21e754f6a463519a99788fd1d47b65addd3,2019-01,North Wales Police,North Wales Police,-3.840274,53.285326,On or near Bangor Road,W01000129,Conwy 012B,Violence and sexual offences,Under investigation,
1a007b7725aa1c2998160d0e755f63feeb6dd5be6e8290f9be41c65fc725d90a,2019-01,North Wales Police,North Wales Police,-3.839523,53.286362,On or near Gerddi'R Morfa,W01000129,Conwy 012B,Violence and sexual offences,Unable to prosecute suspect,
37395a90f9a87ced62204fb217140fc82f3e17abc52860a058b9dc19c7e59619,2019-01,North Wales Police,North Wales Police,-3.845494,53.287070,On or near Penmaen Road,W01000129,Conwy 012B,Violence and sexual offences,Further investigation is not in the public interest,
7bd74d6ad1ff909133679f0476264bc4084f0e4a9fb8ef0ec7b1e083153b6a9d,2019-01,North Wales Police,North Wales Police,-3.845494,53.287070,On or near Penmaen Road,W01000129,Conwy 012B,Violence and sexual offences,Under investigation,
c3292e6dd19894c688ba46be71b227e280f7db5e59edebae2c1096bd1da6964d,2019-01,North Wales Police,North Wales Police,-3.845714,53.286590,On or near Penmaen Crescent,W01000129,Conwy 012B,Violence and sexual offences,Under investigation,
,2019-01,North Wales Police,North Wales Police,-3.824640,53.278950,On or near Benarth Road,W01000130,Conwy 012C,Anti-social behaviour,,
,2019-01,North Wales Police,North Wales Police,-3.829143,53.282189,On or near Berry Street,W01000130,Conwy 012C,Anti-social behaviour,,
ff901882064071a99b9c2611d83ed118f88701647fe973f9f8cdfd8d78462fd4,2019-01,North Wales Police,North Wales Police,-3.826312,53.280506,On or near Castle Square,W01000130,Conwy 012C,Other theft,Investigation complete; no suspect identified,
7fc5b7355b8950fd94c0c37ca587de25c29e066185157746095f705d18915f8a,2019-01,North Wales Police,North Wales Police,-3.827277,53.281678,On or near Lower Gate Street,W01000130,Conwy 012C,Other theft,Investigation complete; no suspect identified,
6aef98d10c3001bdbe995dc3b01f1aa07061f0810ebb24ec6d928f2c92961e2b,2019-01,North Wales Police,North Wales Police,-3.824640,53.278950,On or near Benarth Road,W01000130,Conwy 012C,Public order,Under investigation,
a81cdcd0b89d1b9c96dbac4204c8b5eb6b73ee1c266ec9237a05f92669131c8d,2019-01,North Wales Police,North Wales Police,-3.835235,53.276279,On or near Maes Gweryl,W01000130,Conwy 012C,Public order,Investigation complete; no suspect identified,
e85afef7ca678586b8f055fc979817b7eaefd1ed915da55d8948f7fabd28ecd4,2019-01,North Wales Police,North Wales Police,-3.829143,53.282189,On or near Berry Street,W01000130,Conwy 012C,Violence and sexual offences,Unable to prosecute suspect,
8f25296a8ce9a2e727d6661acbe2a81cf713ff7db26075cda7add9808ee18791,2019-01,North Wales Police,North Wales Police,-3.829143,53.282189,On or near Berry Street,W01000130,Conwy 012C,Violence and sexual offences,Unable to prosecute suspect,
,2019-01,North Wales Police,North Wales Police,-3.840536,53.274669,On or near Bryn Felin,W01000131,Conwy 012D,Anti-social behaviour,,
a0a2086fe96ba1e9954ad59a495d28f70095bae17453417d72114b812818ae6b,2019-01,North Wales Police,North Wales Police,-3.841016,53.276432,On or near Gorlan,W01000131,Conwy 012D,Violence and sexual offences,Unable to prosecute suspect,
823287c0b99e34822ebd82418a7df79747e60b2e364a298163f2669a042ee72f,2019-01,North Wales Police,North Wales Police,-3.841016,53.276432,On or near Gorlan,W01000131,Conwy 012D,Violence and sexual offences,Unable to prosecute suspect,
1433f9a4bbd2c7fd12c98513e5b714624fb0f64e0c0786f0c22d56dcf87c60cd,2019-01,North Wales Police,North Wales Police,-3.838431,53.276301,On or near Sports/Recreation Area,W01000131,Conwy 012D,Violence and sexual offences,Under investigation,
5751890f0a95bd9f52d92de2c6fe9c11e99d0b3dd8a52c692c77e02b64cbb56f,2019-01,North Wales Police,North Wales Police,-3.841016,53.276432,On or near Gorlan,W01000131,Conwy 012D,Violence and sexual offences,Unable to prosecute suspect,
c3c6e3f0cdb9a675a4e1461e2854276522a8cb2a38544ad38e08710df9cfb76b,2019-01,North Wales Police,North Wales Police,-3.840527,53.275172,On or near Bryn Awel,W01000131,Conwy 012D,Violence and sexual offences,Unable to prosecute suspect,
164ae5a67e0fd15f7888eed31cd8b07e4da286557f811b68e202dcddb2a34620,2019-01,North Wales Police,North Wales Police,-3.840527,53.275172,On or near Bryn Awel,W01000131,Conwy 012D,Violence and sexual offences,Unable to prosecute suspect,
74787d4b2228a0ea5c82da4f820eeaec83304f166b45ad41dceb729a86f0e9f9,2019-01,North Wales Police,North Wales Police,-3.840527,53.275172,On or near Bryn Awel,W01000131,Conwy 012D,Violence and sexual offences,Unable to prosecute suspect,
e7b0c925737679138d79c6004a7849bcc70b479d6bca4cb93ce1dabd67a66fd2,2019-01,North Wales Police,North Wales Police,-3.840527,53.275172,On or near Bryn Awel,W01000131,Conwy 012D,Violence and sexual offences,Under investigation,
c2b53500a3edc448451ba2076ae2a666234b1db82b37b72dd511f6b051d9c083,2019-01,North Wales Police,North Wales Police,-3.840527,53.275172,On or near Bryn Awel,W01000131,Conwy 012D,Violence and sexual offences,Action to be taken by another organisation,
a118d15b1fb06760e9f5fce9ac1d997b4177c6801b53d04941d007aca0cb64dd,2019-01,North Wales Police,North Wales Police,-3.840527,53.275172,On or near Bryn Awel,W01000131,Conwy 012D,Violence and sexual offences,Under investigation,
d8010420ff4c8a126ec1c8796c17b11d2c260291cbd9bb2e7ea05c4ccc584d7d,2019-01,North Wales Police,North Wales Police,-3.830482,53.277008,On or near Bryn Eithin,W01000131,Conwy 012D,Violence and sexual offences,Unable to prosecute suspect,
51ed25621fca58d16f2ab09b016b807887a0b9ee4f7d3f358a7b46d8282b4130,2019-01,North Wales Police,North Wales Police,-3.991081,53.244550,On or near Lon Ty Bach,W01000123,Conwy 013A,Drugs,Under investigation,
d4c4c1a4216135286b1f12720005cafc006b1b02f015561c70f3f68ac9718062,2019-01,North Wales Police,North Wales Police,-3.975617,53.251127,On or near Pentre Uchaf,W01000123,Conwy 013A,Violence and sexual offences,Unable to prosecute suspect,
ae5c4877af09f802271d23edf824b360c5e6d7ac0545104f01ebf37d65d512ac,2019-01,North Wales Police,North Wales Police,-3.974870,53.249225,On or near Llwyn Gwgan,W01000123,Conwy 013A,Violence and sexual offences,Unable to prosecute suspect,
1c2fe2f548755dd51ea97a5c72f2a1a53ad838c09b2c4eb3151addaa9e31f99f,2019-01,North Wales Police,North Wales Police,-3.985155,53.251859,On or near Hospital,W01000123,Conwy 013A,Violence and sexual offences,Unable to prosecute suspect,
2cb553a93afa66457bceaae78af3f6a01ba36b07befbc9ff53e18d3ed532c7af,2019-01,North Wales Police,North Wales Police,-3.985155,53.251859,On or near Hospital,W01000123,Conwy 013A,Violence and sexual offences,Under investigation,
c3fe389857668a6b044b74bc629414e6432b8d74463091b3e8c0c1f23dc2487b,2019-01,North Wales Police,North Wales Police,-3.975617,53.251127,On or near Pentre Uchaf,W01000123,Conwy 013A,Violence and sexual offences,Under investigation,
5acb7a821854c6cfb624529de8760e2aff2a08dc074be5f4eab3de1166131ca4,2019-01,North Wales Police,North Wales Police,-3.970227,53.248313,On or near Can-Yr-Afon,W01000123,Conwy 013A,Violence and sexual offences,Unable to prosecute suspect,
e37821f845b1ef41ee40ca8a0381d2ef3d015ac98a92a2986557182b0923c4df,2019-01,North Wales Police,North Wales Police,-3.985155,53.251859,On or near Hospital,W01000123,Conwy 013A,Violence and sexual offences,Further investigation is not in the public interest,
97693abc6bc077241d5303a87c3c1c1c0eb0b3c052e1aaf098662d9ec90d4273,2019-01,North Wales Police,North Wales Police,-3.975617,53.251127,On or near Pentre Uchaf,W01000123,Conwy 013A,Violence and sexual offences,Under investigation,
,2019-01,North Wales Police,North Wales Police,-3.900588,53.277044,On or near Gwynan Park,W01000125,Conwy 013B,Anti-social behaviour,,
30c8d7afdd486ea2e7d522b9af896065d537f86fc269bc07e2b027820ad846a8,2019-01,North Wales Police,North Wales Police,-3.893707,53.280183,On or near Gardd Eryri,W01000125,Conwy 013B,Burglary,Investigation complete; no suspect identified,
ccc102e3315c65617e56e0fdf1abf5c788bbccf45a101db4322ceeae346fd02f,2019-01,North Wales Police,North Wales Police,-3.886158,53.271564,On or near Parking Area,W01000125,Conwy 013B,Public order,Unable to prosecute suspect,
a225382b1c92495bb485d3310f99ab5613990ec27a8dffa2c0dfc3f768325760,2019-01,North Wales Police,North Wales Police,-3.903948,53.277395,On or near Ysguborwen Road,W01000125,Conwy 013B,Violence and sexual offences,Under investigation,
a3c422df28a1abc534eb2d062a065ab74ec0b863c0f857add8ad10e3546259dc,2019-01,North Wales Police,North Wales Police,-3.903027,53.276232,On or near Gogarth Avenue,W01000125,Conwy 013B,Violence and sexual offences,Under investigation,
54d5816dc367c9ca1d863c4bef31544371f0832408cb5cb70a4a708122d96c51,2019-01,North Wales Police,North Wales Police,-3.900588,53.277044,On or near Gwynan Park,W01000125,Conwy 013B,Violence and sexual offences,Unable to prosecute suspect,
,2019-01,North Wales Police,North Wales Police,-3.971032,53.249531,On or near Nant-Y-Berllan,W01000170,Conwy 013C,Anti-social behaviour,,
cb6bc9f4213b00dc99e6fa30d47b6a5395a7272d498d5ed1c3983baa7f742994,2019-01,North Wales Police,North Wales Police,-3.971032,53.249531,On or near Nant-Y-Berllan,W01000170,Conwy 013C,Criminal damage and arson,Unable to prosecute suspect,
480484ba72c1d7e9560df2004294517db3efcbb56e00e84fd024b2ad145735c8,2019-01,North Wales Police,North Wales Police,-3.971429,53.250019,On or near Upper Mill Road,W01000170,Conwy 013C,Violence and sexual offences,Unable to prosecute suspect,
ed7c48228dd08746f979748fe7771d6d641abdb31025fa4c8c7ce4642cdc61e4,2019-01,North Wales Police,North Wales Police,-3.971429,53.250019,On or near Upper Mill Road,W01000170,Conwy 013C,Violence and sexual offences,Under investigation,
c47c8206d22d8d0e3b4e5674b5b633e04b620969e6b19dec79fa1348a6546ca7,2019-01,North Wales Police,North Wales Police,-3.971429,53.250019,On or near Upper Mill Road,W01000170,Conwy 013C,Violence and sexual offences,Under investigation,
f516d4e17436f68f0dc73295af9cfc77b471d58cb8e103bcd65f37e134ab5eb0,2019-01,North Wales Police,North Wales Police,-3.971429,53.250019,On or near Upper Mill Road,W01000170,Conwy 013C,Violence and sexual offences,Unable to prosecute suspect,
db047cbeda34a2ba40f6e7ac896868c958638697d4b402ee720bd4c043257f34,2019-01,North Wales Police,North Wales Police,-3.967515,53.261735,On or near South Street,W01000170,Conwy 013C,Violence and sexual offences,Unable to prosecute suspect,
,2019-01,North Wales Police,North Wales Police,-3.922955,53.269097,On or near Plas Bryn Mor,W01000171,Conwy 013D,Anti-social behaviour,,
0844c895385808835bf6831d04f8571c03bdad91f8791d2016d958fccee3d8a6,2019-01,North Wales Police,North Wales Police,-3.916401,53.271100,On or near Cemlyn Close,W01000171,Conwy 013D,Burglary,Unable to prosecute suspect,
3e2673637ae1a94f92c452de1a276a13e88e3c2d46b8cc44ecf06c40b137a320,2019-01,North Wales Police,North Wales Police,-3.926240,53.268451,On or near Celyn Avenue,W01000171,Conwy 013D,Criminal damage and arson,Investigation complete; no suspect identified,
2870259803b6c6947ba61646d2ef257f195b3b909f2fdb329e02032a37ada793,2019-01,North Wales Police,North Wales Police,-3.918303,53.267024,On or near Erw Fair,W01000171,Conwy 013D,Drugs,Under investigation,
a8c7e1cb3fd1c96b26dbe195ed2f10f5348d137502df416c0fca77d00f66c5e4,2019-01,North Wales Police,North Wales Police,-3.917242,53.270790,On or near Cemlyn Park,W01000171,Conwy 013D,Other theft,Under investigation,
49306d47344163a64f727ed536f90c2a96a6e4c00d0087534268b780889ccf54,2019-01,North Wales Police,North Wales Police,-3.920686,53.268334,On or near Pant-Yr-Afon,W01000171,Conwy 013D,Public order,Under investigation,
7bc9e96dbce2debad48b21ef155956533209985dda5f29f561c2fd45d41f1eb3,2019-01,North Wales Police,North Wales Police,-3.915856,53.268987,On or near Alexandra Park,W01000171,Conwy 013D,Violence and sexual offences,Under investigation,
13168ed7e721ef493fbb4afdf62ab979776aa8ba33fdc29bcab10ae10add6b96,2019-01,North Wales Police,North Wales Police,-3.920686,53.268334,On or near Pant-Yr-Afon,W01000171,Conwy 013D,Violence and sexual offences,Unable to prosecute suspect,
,2019-01,North Wales Police,North Wales Police,-3.928789,53.267115,On or near Edward Street,W01000172,Conwy 013E,Anti-social behaviour,,
46f8c2c2c1b023d874b7583e57220a31028345c3cb755e251cd50d8c1bdbdaa7,2019-01,North Wales Police,North Wales Police,-3.932846,53.267634,On or near Red Gables,W01000172,Conwy 013E,Criminal damage and arson,Investigation complete; no suspect identified,
25c2cc99c80e9894791a9ee7ff05bfdb82dffcdce438214ea0c23dce07acf87c,2019-01,North Wales Police,North Wales Police,-3.928436,53.266950,On or near St David'S Road,W01000172,Conwy 013E,Criminal damage and arson,Unable to prosecute suspect,
ef542613f71db708d1117c9a53211de988c65960fe987fdc5d0f3ba89331c543,2019-01,North Wales Police,North Wales Police,-3.933766,53.267754,On or near St John'S Park,W01000172,Conwy 013E,Criminal damage and arson,Investigation complete; no suspect identified,
61eab7367100347a360df0a4fb8356606cca5cfa050e0a6af4cd615e9d829a09,2019-01,North Wales Police,North Wales Police,-3.932846,53.267634,On or near Red Gables,W01000172,Conwy 013E,Drugs,Under investigation,
d700a22e2516fd2a0b590d556011912b1700076109bec284efb3821039fd7a1d,2019-01,North Wales Police,North Wales Police,-3.933766,53.267754,On or near St John'S Park,W01000172,Conwy 013E,Other theft,Investigation complete; no suspect identified,
33ea648974c8f95962a231fb2a68245f4d36190fb321196dac97513a8ed6f665,2019-01,North Wales Police,North Wales Police,-3.927605,53.266802,On or near Erasmus Street,W01000172,Conwy 013E,Public order,Investigation complete; no suspect identified,
3a66dacdbe558773692ec94a2ed350083fb54ac8d7e1d4b993e2861a72f45090,2019-01,North Wales Police,North Wales Police,-3.928789,53.267115,On or near Edward Street,W01000172,Conwy 013E,Violence and sexual offences,Under investigation,
301fd98d7f958c78f5bd14b87345fe3c9af26ef06c7ecfd3a057c8fba09c5f60,2019-01,North Wales Police,North Wales Police,-3.928789,53.267115,On or near Edward Street,W01000172,Conwy 013E,Violence and sexual offences,Under investigation,
9b6e752484e122d98cee219c94c42a343d907d0a93f1be2ad524c589cb628d78,2019-01,North Wales Police,North Wales Police,-3.924047,53.266706,On or near Cwm Road,W01000172,Conwy 013E,Violence and sexual offences,Unable to prosecute suspect,
,2019-01,North Wales Police,North Wales Police,-3.579551,53.266241,On or near Hospital,W01000122,Conwy 014A,Anti-social behaviour,,
,2019-01,North Wales Police,North Wales Police,-3.639413,53.246374,On or near Cae Capel,W01000122,Conwy 014A,Anti-social behaviour,,
34ac1f87f567304bd311a8f32c1db2a9a7f6fc7e3bbe6ae022c1af6b05848d7a,2019-01,North Wales Police,North Wales Police,-3.593575,53.252237,On or near Petrol Station,W01000122,Conwy 014A,Burglary,Investigation complete; no suspect identified,
3a8df12da4b0b41cdcc62104dbcfc8148efab3fad03967eb456d6713c8915cfb,2019-01,North Wales Police,North Wales Police,-3.639413,53.246374,On or near Cae Capel,W01000122,Conwy 014A,Criminal damage and arson,Investigation complete; no suspect identified,
79eabd844c0e4e92b9d32169cfe4eb4e66e8d6b7d5653f493cfa4670ffb8acf8,2019-01,North Wales Police,North Wales Police,-3.604476,53.217084,On or near Cae Glas,W01000122,Conwy 014A,Other theft,Investigation complete; no suspect identified,
b4256c6793f0b40478b5b49a6df254f53dfc20c8ebc9e4d498b41aad184eef50,2019-01,North Wales Police,North Wales Police,-3.604932,53.239301,On or near A548,W01000122,Conwy 014A,Other theft,Under investigation,
7792e2c1a764433c8f9993d8b24d2f9ff1e91a356988ad628f4ae4af46a88cb3,2019-01,North Wales Police,North Wales Police,-3.596561,53.251927,On or near Parking Area,W01000122,Conwy 014A,Public order,Unable to prosecute suspect,
a9ef9bd623a4648f81814447d7205c079a5c77fdc55d9fc353930d63373c174d,2019-01,North Wales Police,North Wales Police,-3.672442,53.233590,On or near Park/Open Space,W01000122,Conwy 014A,Vehicle crime,Unable to prosecute suspect,
caeb7b178bebf66e824f76e58b424444e11f104255d5fb7915b28f23068d2b4c,2019-01,North Wales Police,North Wales Police,-3.675132,53.256431,On or near B5381,W01000122,Conwy 014A,Violence and sexual offences,Unable to prosecute suspect,
64d4baa2c19c4ea5eecb6ae0331c9b9b046a41983b99dca82c0e1cf3dc59ed62,2019-01,North Wales Police,North Wales Police,-3.682065,53.048134,On or near Parking Area,W01000159,Conwy 014B,Burglary,Investigation complete; no suspect identified,
,2019-01,North Wales Police,North Wales Police,-3.526572,53.222782,On or near Parking Area,W01000162,Conwy 014C,Anti-social behaviour,,
6cb37d6bcdb90fa581981490720e04a28b963b9f39775316df4ce0f5dbf91ae8,2019-01,North Wales Police,North Wales Police,-3.496084,52.999727,On or near Park/Open Space,W01000190,Conwy 014D,Burglary,Investigation complete; no suspect identified,
e2a5a309c6053d181639122f7eb1c65f93b5fd6b54d6f00624c11dda461e3cf6,2019-01,North Wales Police,North Wales Police,-3.465477,52.988762,On or near Parking Area,W01000190,Conwy 014D,Vehicle crime,Unable to prosecute suspect,
715194bfafa3097b74cd607c4172012b4060362a9e875c02ffa53346d57fafae,2019-01,North Wales Police,North Wales Police,-3.802511,53.091518,On or near Parking Area,W01000121,Conwy 015A,Criminal damage and arson,Investigation complete; no suspect identified,
04fc014d7b3a8eeb7696b2a63b592d5c07a087d8610dad37e7c6e929e66d5f37,2019-01,North Wales Police,North Wales Police,-3.798419,53.087220,On or near Petrol Station,W01000121,Conwy 015A,Other theft,Offender ordered to pay compensation,
b15dea3433a0a35dab1dac5682c4398b9ae35d99380a9302bff42a0bbcf447a8,2019-01,North Wales Police,North Wales Police,-3.804418,53.094267,On or near Pentre Felin,W01000121,Conwy 015A,Other theft,Unable to prosecute suspect,
1d373657855a138d39a7d71ac72d7cdfe1729d8ed62b18966a7654a8f75c628c,2019-01,North Wales Police,North Wales Police,-3.914009,53.100251,On or near Parking Area,W01000121,Conwy 015A,Public order,Investigation complete; no suspect identified,
51c1a4b2d21181a5934bbfa43b2b37d4cc0a3649b8a472fbe8b7125bbbf8e84b,2019-01,North Wales Police,North Wales Police,-3.912740,53.105980,On or near Parking Area,W01000121,Conwy 015A,Vehicle crime,Unable to prosecute suspect,
c0b748898ac34b85dd5ad99c1b4d19c2d075f07f15e2efe4ba2341f47a2e0535,2019-01,North Wales Police,North Wales Police,-3.889156,53.053601,On or near Slop Y Llan,W01000121,Conwy 015A,Violence and sexual offences,Unable to prosecute suspect,
31c4b08e4d4342685f976c09ea5ff080d47973eb4d6146dfe57a6ac9dffd047a,2019-01,North Wales Police,North Wales Police,-3.822651,53.092785,On or near Bwlch Y Maen,W01000121,Conwy 015A,Violence and sexual offences,Unable to prosecute suspect,
635be01ba6fb0688d9856e113e77479e25bc74b95a2968fd9ccec2c9c4164011,2019-01,North Wales Police,North Wales Police,-3.822651,53.092785,On or near Bwlch Y Maen,W01000121,Conwy 015A,Other crime,Further investigation is not in the public interest,
,2019-01,North Wales Police,North Wales Police,-3.794702,53.136399,On or near Petrol Station,W01000134,Conwy 015B,Anti-social behaviour,,
,2019-01,North Wales Police,North Wales Police,-3.796587,53.137845,On or near Jones Terrace,W01000134,Conwy 015B,Anti-social behaviour,,
e5ac4932b168ec904a270a1c1a886cedf063fd50aa254a18da1bccbabc8728ec,2019-01,North Wales Police,North Wales Police,-3.795068,53.140151,On or near Scotland Street,W01000134,Conwy 015B,Possession of weapons,Further investigation is not in the public interest,
e85619961189bd377f5811d100585a1e091b6e6270006c331b9dc6eae0ea7b30,2019-01,North Wales Police,North Wales Police,-3.797573,53.139259,On or near Plough Field,W01000134,Conwy 015B,Shoplifting,Investigation complete; no suspect identified,
1aa12cae1259b4268f04c759f66b711e7af99a3862cb8e33a6a0a2f97212d4e8,2019-01,North Wales Police,North Wales Police,-3.797573,53.139259,On or near Plough Field,W01000134,Conwy 015B,Shoplifting,Local resolution,
b129bbe6ddb3c8d8c6445223816ec203b163a11eed93853308b08198d01bbdc0,2019-01,North Wales Police,North Wales Police,-3.785923,53.133061,On or near Nebo Road,W01000134,Conwy 015B,Vehicle crime,Investigation complete; no suspect identified,
dbb2869f2810937f63bffb708f693314c217ff088ea17f9439dbdced700fe441,2019-01,North Wales Police,North Wales Police,-3.789879,53.133639,On or near Llwyn Brith,W01000134,Conwy 015B,Vehicle crime,Investigation complete; no suspect identified,
b3bfb4b73bb2de06e19347ee38f16434f27a8b0eba5e2ebc4b99c96dc1f139c4,2019-01,North Wales Police,North Wales Police,-3.792382,53.137405,On or near Perthi,W01000134,Conwy 015B,Violence and sexual offences,Unable to prosecute suspect,
5ddde6d803827298c8bf8d1ed0e22fc79f09c4bd5a2b811a6cee14d509c381b4,2019-01,North Wales Police,North Wales Police,-3.792182,53.136554,On or near Y Berllan,W01000134,Conwy 015B,Violence and sexual offences,Under investigation,
e47218fd7b5f88adf9606b5e55843e8f31b32e326932a1d88472e1d0d48874c6,2019-01,North Wales Police,North Wales Police,-3.796587,53.137845,On or near Jones Terrace,W01000134,Conwy 015B,Violence and sexual offences,Action to be taken by another organisation,
800d108166af05a0b95245df868016e193f5b9d4358033d1e3af77579e53913f,2019-01,North Wales Police,North Wales Police,-3.792409,53.142349,On or near Trem Arfon,W01000134,Conwy 015B,Violence and sexual offences,Unable to prosecute suspect,
f514d9850e7020fb843d6ef8698d16cfac70ca0702ed3259edf79f891e72313a,2019-01,North Wales Police,North Wales Police,-3.796638,53.139435,On or near Stryd Yr Aradr,W01000134,Conwy 015B,Violence and sexual offences,Unable to prosecute suspect,
,2019-01,North Wales Police,North Wales Police,-3.787202,53.205951,On or near Pennant Road,W01000137,Conwy 015C,Anti-social behaviour,,
414cab6ea0eac5a200158586d3b3b3acb3918d7f72a32ac3efc0618e019d265c,2019-01,North Wales Police,North Wales Police,-3.781960,53.210615,On or near Llwyn Du Road,W01000137,Conwy 015C,Burglary,Unable to prosecute suspect,
a7ec85c9b16e22862048db9303074cc7e432d6ac6628ae8fd15c2c3526db8306,2019-01,North Wales Police,North Wales Police,-3.787202,53.205951,On or near Pennant Road,W01000137,Conwy 015C,Criminal damage and arson,Investigation complete; no suspect identified,
43b0885a21934e76646d567455692aba00b3dc7e2512cf76361425e6f3b0e588,2019-01,North Wales Police,North Wales Police,-3.818988,53.228503,On or near B5279,W01000137,Conwy 015C,Drugs,Offender given a caution,
8ad0e7fc534adc3f77e04b03787cea222459081da5d16e0bc19b19d007559c2f,2019-01,North Wales Police,North Wales Police,-3.814590,53.178351,On or near Llanrwst Road,W01000137,Conwy 015C,Other theft,Investigation complete; no suspect identified,
c82d6a670c56c26cf4921df481513dad4137eb0b96c33c280973e9526690fbc5,2019-01,North Wales Police,North Wales Police,-3.798027,53.140475,On or near Cae Llan,W01000148,Conwy 015D,Violence and sexual offences,Under investigation,
0b7474dba496df96f6dec653f3a5dea962c620763b8cfecac8fb35d9dc0e611c,2019-01,North Wales Police,North Wales Police,-3.795136,53.141067,On or near Talybont Road,W01000148,Conwy 015D,Other crime,Under investigation,
,2019-01,North Wales Police,North Wales Police,-3.839816,53.183844,On or near Bibby Road,W01000185,Conwy 015E,Anti-social behaviour,,
,2019-01,North Wales Police,North Wales Police,-3.839816,53.183844,On or near Bibby Road,W01000185,Conwy 015E,Anti-social behaviour,,
1b2eb1359ecb4b29a9cfc7e7a26e44609c632ffab306e621f7260275b8ada437,2019-01,North Wales Police,North Wales Police,-3.823789,53.150386,On or near Bro Gower,W01000185,Conwy 015E,Burglary,Under investigation,
f19650a62ea6e9a39a5f7111f4545064e9a0adea492a611c0d53540c8d88da5d,2019-01,North Wales Police,North Wales Police,-3.839816,53.183844,On or near Bibby Road,W01000185,Conwy 015E,Public order,Unable to prosecute suspect,
076e39bca5886cf882f38254f2a4f4ae4bc7caa05caf1f83a99e1fc303f79894,2019-01,North Wales Police,North Wales Police,-3.839816,53.183844,On or near Bibby Road,W01000185,Conwy 015E,Public order,Unable to prosecute suspect,
8f4cd23bc0dfb235137a66a5c328b08f30337c702937389b11d6b93919f05f12,2019-01,North Wales Police,North Wales Police,-3.841880,53.187300,On or near Gwydyr Road,W01000185,Conwy 015E,Public order,Investigation complete; no suspect identified,
d6774c72f287132faf685828466afff652c649c749337fdf291a3afbc3c50ed6,2019-01,North Wales Police,North Wales Police,-3.841880,53.187300,On or near Gwydyr Road,W01000185,Conwy 015E,Violence and sexual offences,Unable to prosecute suspect,
f3f10b0247df97bc0db1663ee3c2c59b2d1eca93106a79f16f11b66bedb2c411,2019-01,North Wales Police,North Wales Police,-3.841880,53.187300,On or near Gwydyr Road,W01000185,Conwy 015E,Violence and sexual offences,Investigation complete; no suspect identified,
b91d2eee8b7aa27ce0c92938b94d1d0032325bfcabb0f7811a0b353a667b955c,2019-01,North Wales Police,North Wales Police,-3.839816,53.183844,On or near Bibby Road,W01000185,Conwy 015E,Violence and sexual offences,Unable to prosecute suspect,
537d07cb4cec4132e4e796d38a7a364df7affab8315c931aefe2ddbdb18dad94,2019-01,North Wales Police,North Wales Police,-3.806719,53.037962,On or near White Street,W01000189,Conwy 015F,Criminal damage and arson,Further investigation is not in the public interest,
78e5aa4dad482b25f0608b1ac927447c9f3210b1c034df3dd290823b87b49db5,2019-01,North Wales Police,North Wales Police,-3.768847,53.083078,On or near Maes Llydan,W01000189,Conwy 015F,Vehicle crime,Investigation complete; no suspect identified,
,2019-01,North Wales Police,North Wales Police,-3.409157,53.337803,On or near White Rose Close,W01000218,Denbighshire 001A,Anti-social behaviour,,
,2019-01,North Wales Police,North Wales Police,-3.409157,53.337803,On or near White Rose Close,W01000218,Denbighshire 001A,Anti-social behaviour,,
,2019-01,North Wales Police,North Wales Police,-3.412281,53.335527,On or near Gwelfryn,W01000218,Denbighshire 001A,Anti-social behaviour,,
,2019-01,North Wales Police,North Wales Police,-3.413467,53.340970,On or near First Avenue,W01000218,Denbighshire 001A,Anti-social behaviour,,
4774d3a1dcee84236f30758aff045cc33823e79c5971988937e369d1819a7219,2019-01,North Wales Police,North Wales Police,-3.416256,53.334923,On or near Tywyn Ganol,W01000218,Denbighshire 001A,Burglary,Under investigation,
2e04cbe35878b4e6149ee4c9df973114a5fb466b9faba103c825ff7796bffd11,2019-01,North Wales Police,North Wales Police,-3.412281,53.335527,On or near Gwelfryn,W01000218,Denbighshire 001A,Criminal damage and arson,Unable to prosecute suspect,
b207a7733379be6907999e95f85db0b73041290d943f19c1d7ee7d454aa4aca9,2019-01,North Wales Police,North Wales Police,-3.411595,53.337953,On or near Norton Avenue,W01000218,Denbighshire 001A,Violence and sexual offences,Unable to prosecute suspect,
03dc364d805bf7499d79f599fa4dc4d012dc0dac544260b84d5602ca4cb344eb,2019-01,North Wales Police,North Wales Police,-3.412281,53.335527,On or near Gwelfryn,W01000218,Denbighshire 001A,Violence and sexual offences,Unable to prosecute suspect,
6d7fe935520d8f3acb7959d7d169da67f3e1448b7d12cc078594fae15847a779,2019-01,North Wales Police,North Wales Police,-3.409239,53.336633,On or near Gorphwysfa Avenue,W01000218,Denbighshire 001A,Violence and sexual offences,Unable to prosecute suspect,
f25cff68992c4f1cd9f7cc5e974b992faa92634985e97e8c9cb30e731509c8c0,2019-01,North Wales Police,North Wales Police,-3.412281,53.335527,On or near Gwelfryn,W01000218,Denbighshire 001A,Violence and sexual offences,Unable to prosecute suspect,
3b9a0ef6cc63529a27ebf48993b815ca57032c2df2b550eb3feb2850bf4eccab,2019-01,North Wales Police,North Wales Police,-3.412281,53.335527,On or near Gwelfryn,W01000218,Denbighshire 001A,Violence and sexual offences,Unable to prosecute suspect,
f15f36a07de57a184e575b05afb2a0d7bf4db3ba82a59741d72111f8f9763cc2,2019-01,North Wales Police,North Wales Police,-3.411755,53.339138,On or near Glan Mor,W01000218,Denbighshire 001A,Violence and sexual offences,Unable to prosecute suspect,
b34367edb75b62d0e8e48900b3f1f496c0615259005ce0e3e4d8af97a0d89fca,2019-01,North Wales Police,North Wales Police,-3.411595,53.337953,On or near Norton Avenue,W01000218,Denbighshire 001A,Violence and sexual offences,Under investigation,
14f628d12a6d92b563a827ba65b56f0e88791d498fceda268cfd85f5ef00922c,2019-01,North Wales Police,North Wales Police,-3.409157,53.337803,On or near White Rose Close,W01000218,Denbighshire 001A,Violence and sexual offences,Unable to prosecute suspect,
a21565b81262cf1e07b0054eb18add86429cfcb58337b373df965eebb602d125,2019-01,North Wales Police,North Wales Police,-3.412281,53.335527,On or near Gwelfryn,W01000218,Denbighshire 001A,Violence and sexual offences,Under investigation,
,2019-01,North Wales Police,North Wales Police,-3.420302,53.334200,On or near Overton Avenue,W01000219,Denbighshire 001B,Anti-social behaviour,,
,2019-01,North Wales Police,North Wales Police,-3.422490,53.337680,On or near Llys Bran,W01000219,Denbighshire 001B,Anti-social behaviour,,
,2019-01,North Wales Police,North Wales Police,-3.427956,53.336761,On or near Rhodfa Padarn,W01000219,Denbighshire 001B,Anti-social behaviour,,
e1681a85232147339a60b60bba12f8aeceaa442d61ea16b53254e1311e11eba1,2019-01,North Wales Police,North Wales Police,-3.418294,53.335240,On or near Clos Pry Copyn,W01000219,Denbighshire 001B,Criminal damage and arson,Unable to prosecute suspect,
9e6a4d775c71ac245d18424486bd90e660da2f0c85065d0cbd867a1a1ce20137,2019-01,North Wales Police,North Wales Police,-3.422490,53.337680,On or near Llys Bran,W01000219,Denbighshire 001B,Criminal damage and arson,Unable to prosecute suspect,
ae97e5255dc207fe827e09a1c0365f4ce64504648c58e2afdac86ac4fb6f8acf,2019-01,North Wales Police,North Wales Police,-3.416574,53.334541,On or near Min Y Morfa,W01000219,Denbighshire 001B,Criminal damage and arson,Investigation complete; no suspect identified,
c94768c5ff62f92555c10367429c3d82bba0dfd4310f8004c7a714a6b49743f4,2019-01,North Wales Police,North Wales Police,-3.426465,53.337057,On or near Llys Aled,W01000219,Denbighshire 001B,Public order,Investigation complete; no suspect identified,
713cde9521f9c61a5de822d54690a45baf6d524eca45c41c5c53862c57e1aa9c,2019-01,North Wales Police,North Wales Police,-3.427458,53.335769,On or near Rhodfa Peris,W01000219,Denbighshire 001B,Vehicle crime,Investigation complete; no suspect identified,
75130e67fc5c2d59e223cbb7023d1039312d8545a12cb344f036f15a19abe263,2019-01,North Wales Police,North Wales Police,-3.422581,53.338614,On or near Llys Vyrnwy,W01000219,Denbighshire 001B,Vehicle crime,Investigation complete; no suspect identified,
bae4728d9c909c097005a57545dd20e771b53d1d60b5e1e39825968fa498a681,2019-01,North Wales Police,North Wales Police,-3.422581,53.338614,On or near Llys Vyrnwy,W01000219,Denbighshire 001B,Violence and sexual offences,Investigation complete; no suspect identified,
89cedb35c7ffbdda798270a23cd075d737967fc4f051b3f7fe3dd0a1433a2ae9,2019-01,North Wales Police,North Wales Police,-3.422581,53.338614,On or near Llys Vyrnwy,W01000219,Denbighshire 001B,Violence and sexual offences,Investigation complete; no suspect identified,
59692326abed58855f2c5974c49a035cae1cba258166acdcfa6e3c9a7eb4768a,2019-01,North Wales Police,North Wales Police,-3.428744,53.335601,On or near Ferguson Avenue,W01000219,Denbighshire 001B,Violence and sexual offences,Awaiting court outcome,
c133fa37f038d05c5a34cb2a2ad3860d022683d60cb6b29a029534da643e5595,2019-01,North Wales Police,North Wales Police,-3.422581,53.338614,On or near Llys Vyrnwy,W01000219,Denbighshire 001B,Violence and sexual offences,Unable to prosecute suspect,
551573deb4c7835c99235f1cea6ccad9bc63789c7a98b97c70ebec28e0ad7157,2019-01,North Wales Police,North Wales Police,-3.422490,53.337680,On or near Llys Bran,W01000219,Denbighshire 001B,Violence and sexual offences,Under investigation,
dc07fc865975b2461386884469a8efb0bfa344583863e72c800a679ac10410aa,2019-01,North Wales Police,North Wales Police,-3.428744,53.335601,On or near Ferguson Avenue,W01000219,Denbighshire 001B,Violence and sexual offences,Unable to prosecute suspect,
fa440f6d88cf05e4fb2bfe2045c73c62f4ab3c6dbf978c8076ce30768252f296,2019-01,North Wales Police,North Wales Police,-3.428744,53.335601,On or near Ferguson Avenue,W01000219,Denbighshire 001B,Violence and sexual offences,Awaiting court outcome,
c3ad87930c1c45400c78bd97ff480ba8f7db1833531619c8934e4eb0e06b1ac3,2019-01,North Wales Police,North Wales Police,-3.418294,53.335240,On or near Clos Pry Copyn,W01000219,Denbighshire 001B,Violence and sexual offences,Unable to prosecute suspect,
cd5e69c0743ba4e20117f3ee0e649f3570e2abaefe8bb6bc9ae6ca23e05ede6c,2019-01,North Wales Police,North Wales Police,-3.426589,53.335824,On or near Rhodfa Cowlyd,W01000219,Denbighshire 001B,Violence and sexual offences,Under investigation,
845e05cde0950215d8c92c408a9e9d9a732784c718b988e378481c091ecba99c,2019-01,North Wales Police,North Wales Police,-3.422581,53.338614,On or near Llys Vyrnwy,W01000219,Denbighshire 001B,Violence and sexual offences,Unable to prosecute suspect,
78eccd25b6b68952d83a5c1b8d3c2770b0d7bc53375920490dae25532ea611c8,2019-01,North Wales Police,North Wales Police,-3.427956,53.336761,On or near Rhodfa Padarn,W01000219,Denbighshire 001B,Violence and sexual offences,Under investigation,
,2019-01,North Wales Police,North Wales Police,-3.431692,53.333048,On or near Ceri Avenue,W01000220,Denbighshire 001C,Anti-social behaviour,,
81e3aedd0a3f773d2ffeaca5846de89a67a52c338009389992df910f139453c3,2019-01,North Wales Police,North Wales Police,-3.435067,53.331147,On or near Adele Avenue,W01000220,Denbighshire 001C,Other theft,Unable to prosecute suspect,
7de420979786d2e0d69d6239350d3c6d2709cb728cd24451f810c23b3ee3cc64,2019-01,North Wales Police,North Wales Police,-3.435067,53.331147,On or near Adele Avenue,W01000220,Denbighshire 001C,Violence and sexual offences,Under investigation,
1df1e11038e2cb8fd9976c1a47fef50acf4e40f96cbcd0f84c90bf292090a175,2019-01,North Wales Police,North Wales Police,-3.439225,53.330656,On or near The Boulevard,W01000220,Denbighshire 001C,Violence and sexual offences,Unable to prosecute suspect,
e0ad7e9fe2b7ea83fc72a8e0260b7cbdc678b342f77020514b09d697a0d7e2a8,2019-01,North Wales Police,North Wales Police,-3.439225,53.330656,On or near The Boulevard,W01000220,Denbighshire 001C,Violence and sexual offences,Unable to prosecute suspect,
6d31e1eb646dcc7be01d033b7018c476170f7e836db3a5b23e8a53333f59a82c,2019-01,North Wales Police,North Wales Police,-3.431692,53.333048,On or near Ceri Avenue,W01000220,Denbighshire 001C,Violence and sexual offences,Investigation complete; no suspect identified,
32b0ff87ad964015d94cbfc4bb851f6b24fea838cf4074dafc35c7f3d68d37fb,2019-01,North Wales Police,North Wales Police,-3.435067,53.331147,On or near Adele Avenue,W01000220,Denbighshire 001C,Violence and sexual offences,Unable to prosecute suspect,
0cc1103de75dea9a864086e481674bd7b8f228c7b05021ec5444ada009bdf1dd,2019-01,North Wales Police,North Wales Police,-3.439225,53.330656,On or near The Boulevard,W01000220,Denbighshire 001C,Violence and sexual offences,Unable to prosecute suspect,
c2cb86a15973a4978da0428a63af9230a1b0c15549be19bdb330c03b5283d6fd,2019-01,North Wales Police,North Wales Police,-3.428121,53.334494,On or near The Willows,W01000220,Denbighshire 001C,Other crime,Under investigation,
,2019-01,North Wales Police,North Wales Police,-3.405825,53.335127,On or near Penisardre Road,W01000213,Denbighshire 002A,Anti-social behaviour,,
,2019-01,North Wales Police,North Wales Police,-3.408873,53.331468,On or near Nursery Close,W01000213,Denbighshire 002A,Anti-social behaviour,,
,2019-01,North Wales Police,North Wales Police,-3.404202,53.333249,On or near Victoria Avenue,W01000213,Denbighshire 002A,Anti-social behaviour,,
,2019-01,North Wales Police,North Wales Police,-3.405723,53.330643,On or near South Avenue,W01000213,Denbighshire 002A,Anti-social behaviour,,
ab0740bd9fe7233b83b5d4a68545da0508ba8b83c76f46174a4af509c4a678d9,2019-01,North Wales Police,North Wales Police,-3.405825,53.335127,On or near Penisardre Road,W01000213,Denbighshire 002A,Burglary,Investigation complete; no suspect identified,
af60d3b5180063e77e1fd349577b2db9e3be0ea6dfe0c9c388ceaa63312471c9,2019-01,North Wales Police,North Wales Police,-3.402121,53.332078,On or near Ash Grove,W01000213,Denbighshire 002A,Criminal damage and arson,Investigation complete; no suspect identified,
2a622002ce3c77be16d89cfde2be09ca05f835a4f5226ce7a1ae74eeaee877b9,2019-01,North Wales Police,North Wales Police,-3.407559,53.335781,On or near Ffordd Y Bont,W01000213,Denbighshire 002A,Criminal damage and arson,Investigation complete; no suspect identified,
0156457b9af0769b64cceb7c62614e1fabd0579e6a08860746f1cf2aba54cac1,2019-01,North Wales Police,North Wales Police,-3.408873,53.331468,On or near Nursery Close,W01000213,Denbighshire 002A,Drugs,Under investigation,
a28b70837b7cc5a74d565ce14d710b2faabacb6f1242638ab39b0300b4d56c2e,2019-01,North Wales Police,North Wales Police,-3.408873,53.331468,On or near Nursery Close,W01000213,Denbighshire 002A,Drugs,Under investigation,
243ad55d8865fd0a584e87ebf1a121403987bfb349b830a328e90bfa2426a240,2019-01,North Wales Police,North Wales Police,-3.408487,53.330673,On or near Dawson Close,W01000213,Denbighshire 002A,Other theft,Under investigation,
7baf8bd0f5a27f8590efe8d3f7bdb22c413784f38634a00c0ca9d56eb193d21a,2019-01,North Wales Police,North Wales Police,-3.406353,53.333377,On or near Cwrt Dowell,W01000213,Denbighshire 002A,Other theft,Investigation complete; no suspect identified,
affd2ee6b7153111f4286274ae0375135e6dcf25f22ff728925270151ed68f20,2019-01,North Wales Police,North Wales Police,-3.405825,53.335127,On or near Penisardre Road,W01000213,Denbighshire 002A,Public order,Investigation complete; no suspect identified,
337d2a71cf5a9f1560ed79e2f581cd635cd8e15e98d88967a2835d4b3ae40214,2019-01,North Wales Police,North Wales Police,-3.405723,53.330643,On or near South Avenue,W01000213,Denbighshire 002A,Public order,Unable to prosecute suspect,
f248a19ce3ff4b00fd207040f09e8132b8596c9ca1c25f8a82adcfe005190246,2019-01,North Wales Police,North Wales Police,-3.405825,53.335127,On or near Penisardre Road,W01000213,Denbighshire 002A,Shoplifting,Investigation complete; no suspect identified,
5d19068cce2d16ea59b83146c30c230e0ab9280434494564c7990c0e24ce5b06,2019-01,North Wales Police,North Wales Police,-3.406959,53.335806,On or near Parking Area,W01000213,Denbighshire 002A,Violence and sexual offences,Unable to prosecute suspect,
03d575dbc5f302f5c925ec9f8a82cec5edb2313a206eb4a00f0a818d00137019,2019-01,North Wales Police,North Wales Police,-3.406959,53.335806,On or near Parking Area,W01000213,Denbighshire 002A,Violence and sexual offences,Unable to prosecute suspect,
0487bc675a459a0771bdb12c28f9dd7f5cdac52efcafad1ea1583e3030d0cc6a,2019-01,North Wales Police,North Wales Police,-3.405723,53.330643,On or near South Avenue,W01000213,Denbighshire 002A,Violence and sexual offences,Unable to prosecute suspect,
d9b2dd27bac26648da38c8e97244a7091a065cde40a4dcd5ee171403b6c6b617,2019-01,North Wales Police,North Wales Police,-3.405723,53.330643,On or near South Avenue,W01000213,Denbighshire 002A,Violence and sexual offences,Unable to prosecute suspect,
ee1a04d97ba1cec9b61e4a786933079fca3fd290b9585f1e978e1f4964f71cb5,2019-01,North Wales Police,North Wales Police,-3.401198,53.331406,On or near Cassandra Court,W01000213,Denbighshire 002A,Violence and sexual offences,Under investigation,
2424d2e0ce18bfc3a89ecaccdc5c66ea4ce8750477ba9df40ef8817506d4bbae,2019-01,North Wales Police,North Wales Police,-3.401198,53.331406,On or near Cassandra Court,W01000213,Denbighshire 002A,Violence and sexual offences,Investigation complete; no suspect identified,
d96c0ae5036fe725a51f38ecdc0b590bcceeff621f3a5e0c3eb2a94e60306eea,2019-01,North Wales Police,North Wales Police,-3.406553,53.332610,On or near North Avenue,W01000213,Denbighshire 002A,Violence and sexual offences,Unable to prosecute suspect,
d8ae5c3be1e3787399581361a89a76a2ad880cf24c455bfbb3aa985dc325fbb4,2019-01,North Wales Police,North Wales Police,-3.405723,53.330643,On or near South Avenue,W01000213,Denbighshire 002A,Violence and sexual offences,Unable to prosecute suspect,
fa6075f50a2e745f56753d211fe3e2ca274dce6fa6488eff4bf58101552ffcc7,2019-01,North Wales Police,North Wales Police,-3.405723,53.330643,On or near South Avenue,W01000213,Denbighshire 002A,Violence and sexual offences,Unable to prosecute suspect,
dbf830b2074769c9b673865e264131f88bfce5a6066c9569a357fb20bb0e8b9a,2019-01,North Wales Police,North Wales Police,-3.404663,53.334035,On or near Rhodfa Brenin,W01000213,Denbighshire 002A,Violence and sexual offences,Investigation complete; no suspect identified,
6e0b6df50a845f918a4aae15aebdc388e7b8e77ee62f92ebb572c7a728076576,2019-01,North Wales Police,North Wales Police,-3.401885,53.332207,On or near Parking Area,W01000213,Denbighshire 002A,Violence and sexual offences,Under investigation,
,2019-01,North Wales Police,North Wales Police,-3.393472,53.341313,On or near Warren Close,W01000214,Denbighshire 002B,Anti-social behaviour,,
,2019-01,North Wales Police,North Wales Police,-3.399084,53.339323,On or near Warren Road,W01000214,Denbighshire 002B,Anti-social behaviour,,
,2019-01,North Wales Police,North Wales Police,-3.404321,53.335504,On or near Church Lane,W01000214,Denbighshire 002B,Anti-social behaviour,,
,2019-01,North Wales Police,North Wales Police,-3.399084,53.339323,On or near Warren Road,W01000214,Denbighshire 002B,Anti-social behaviour,,
,2019-01,North Wales Police,North Wales Police,-3.399084,53.339323,On or near Warren Road,W01000214,Denbighshire 002B,Anti-social behaviour,,
,2019-01,North Wales Police,North Wales Police,-3.402883,53.338829,On or near Marine Road,W01000214,Denbighshire 002B,Anti-social behaviour,,
,2019-01,North Wales Police,North Wales Police,-3.407256,53.343470,On or near Beach Road East,W01000214,Denbighshire 002B,Anti-social behaviour,,
d023fcfa5ecc88b912503b92995e5e6aa3747e80db9c449bd7f561d8a960a07e,2019-01,North Wales Police,North Wales Police,-3.400568,53.339234,On or near Hafod Road,W01000214,Denbighshire 002B,Criminal damage and arson,Awaiting court outcome,
7405fe470a6c74d7273fdd90955f5156578108a94968e9c6a096a0e6d263918a,2019-01,North Wales Police,North Wales Police,-3.399084,53.339323,On or near Warren Road,W01000214,Denbighshire 002B,Criminal damage and arson,Investigation complete; no suspect identified,
7940e0ff1704ae75fe0ba2fc629c71463fe2954419fba9055bc1255a52a7574e,2019-01,North Wales Police,North Wales Police,-3.404321,53.335504,On or near Church Lane,W01000214,Denbighshire 002B,Criminal damage and arson,Unable to prosecute suspect,
90f265dfde7f66aeba9727e4db8a0ba26def9309784e69e70a060189a4c13837,2019-01,North Wales Police,North Wales Police,-3.404321,53.335504,On or near Church Lane,W01000214,Denbighshire 002B,Criminal damage and arson,Under investigation,
9a224bb46f40c55aff8b75b35f64a9960e74a90ee92bed82bf6cf3451e304de7,2019-01,North Wales Police,North Wales Police,-3.399084,53.339323,On or near Warren Road,W01000214,Denbighshire 002B,Criminal damage and arson,Investigation complete; no suspect identified,
31bc9260e563a9cb75491fd4e8cfba83586978971368d71ee515efa25a333a29,2019-01,North Wales Police,North Wales Police,-3.402883,53.338829,On or near Marine Road,W01000214,Denbighshire 002B,Other theft,Investigation complete; no suspect identified,
9859db0a5995660f0ce50c682e3e2a639831d4df264e6ee0d60010a048973323,2019-01,North Wales Police,North Wales Police,-3.404321,53.335504,On or near Church Lane,W01000214,Denbighshire 002B,Other theft,Investigation complete; no suspect identified,
20dadb0cfc8780362c59ea04c770f6ca7ae1563b3e0e3c0b09abf021268544d1,2019-01,North Wales Police,North Wales Police,-3.402768,53.335334,On or near Parking Area,W01000214,Denbighshire 002B,Other theft,Investigation complete; no suspect identified,
359e7a0a185c7308a174debee032b948b688d8661b895c1bee0238b85e1dd4b5,2019-01,North Wales Police,North Wales Police,-3.407411,53.337230,On or near Bastion Road,W01000214,Denbighshire 002B,Public order,Under investigation,
6bc3142118878af479301916ec0f6c21f82b6d23f8ce2fc76b85468ec9a5e7f4,2019-01,North Wales Police,North Wales Police,-3.400568,53.339234,On or near Hafod Road,W01000214,Denbighshire 002B,Public order,Investigation complete; no suspect identified,
3db4146853f1102d82cffd733f572f0807d469ae220f8e89387e67725cfb7117,2019-01,North Wales Police,North Wales Police,-3.400568,53.339234,On or near Hafod Road,W01000214,Denbighshire 002B,Public order,Unable to prosecute suspect,
dc8ff5cced17cfb84aff84da396e9fb49ff787d1db2a2ba598034830177d30e8,2019-01,North Wales Police,North Wales Police,-3.400568,53.339234,On or near Hafod Road,W01000214,Denbighshire 002B,Public order,Investigation complete; no suspect identified,
5405cee4b895f96a6327ce2d4de2a7d3de20b56a990a63f395783b58e6b7be20,2019-01,North Wales Police,North Wales Police,-3.404321,53.335504,On or near Church Lane,W01000214,Denbighshire 002B,Shoplifting,Formal action is not in the public interest,
44eeaf6bfe5437c897285f967f15d48e282abf7325aac66f15389eb6b084ce33,2019-01,North Wales Police,North Wales Police,-3.394446,53.340780,On or near Warren Drive,W01000214,Denbighshire 002B,Vehicle crime,Investigation complete; no suspect identified,
87ffca2ea5266a35e1ec99bd19156d6d57b5740bc92b2494efaea02ca1aadb21,2019-01,North Wales Police,North Wales Police,-3.402883,53.338829,On or near Marine Road,W01000214,Denbighshire 002B,Violence and sexual offences,Under investigation,
988788357d2e975b08f3765ea584433fcdf35ea8b9bfe1b69a319f5a3758f324,2019-01,North Wales Police,North Wales Police,-3.399084,53.339323,On or near Warren Road,W01000214,Denbighshire 002B,Violence and sexual offences,Unable to prosecute suspect,
21a87e5393d4d73833dae534e4205811468df2c158b7efbd215e58ce663876d3,2019-01,North Wales Police,North Wales Police,-3.400568,53.339234,On or near Hafod Road,W01000214,Denbighshire 002B,Violence and sexual offences,Under investigation,
22cd1a73a53626fea2cb62869d684eae4d9a9ced456a176630b6eee90111b59d,2019-01,North Wales Police,North Wales Police,-3.400568,53.339234,On or near Hafod Road,W01000214,Denbighshire 002B,Violence and sexual offences,Unable to prosecute suspect,
0c0fc9fffc1f13c566ec88216fa79de616a78ed027bd6513d50ad9e4db998322,2019-01,North Wales Police,North Wales Police,-3.404321,53.335504,On or near Church Lane,W01000214,Denbighshire 002B,Violence and sexual offences,Investigation complete; no suspect identified,
f07f9c41201535972c14e3f2b54ea9b538f2c57ac2179dcb76633f9bb1073e8f,2019-01,North Wales Police,North Wales Police,-3.406470,53.339219,On or near Highbury Crescent,W01000214,Denbighshire 002B,Violence and sexual offences,Further investigation is not in the public interest,
7730da4cc6d459aecc8c79a7d95fa78763009643f4a884bef9465a9ed9c239f2,2019-01,North Wales Police,North Wales Police,-3.391514,53.331924,On or near Talton Crescent,W01000215,Denbighshire 002C,Criminal damage and arson,Under investigation,
7b50d77d56048dc7723b952e6fa941ac2d78f3f98dec8f258127d4cec568a7ac,2019-01,North Wales Police,North Wales Police,-3.391188,53.331622,On or near Talton Court,W01000215,Denbighshire 002C,Vehicle crime,Investigation complete; no suspect identified,
ce0dd1f9534d64615a92c3dc2fb9e239d7b561009b8c8075843efedea057416f,2019-01,North Wales Police,North Wales Police,-3.395273,53.333004,On or near The Close,W01000215,Denbighshire 002C,Violence and sexual offences,Unable to prosecute suspect,
6e3de398c69e6539b36f7b7bf6b086885e44b6d0229ccacf59ca565f6687e814,2019-01,North Wales Police,North Wales Police,-3.391514,53.331924,On or near Talton Crescent,W01000215,Denbighshire 002C,Violence and sexual offences,Under investigation,
df74f14bfda504028c6026d8b9756afce047fc71388ff08fac4c4669775b4121,2019-01,North Wales Police,North Wales Police,-3.392937,53.334604,On or near Bosworth Grove,W01000215,Denbighshire 002C,Violence and sexual offences,Under investigation,
8a7f1a5d3b550c87c246fb88f5b3be21ad3a6b02dc3dff55f791b0bb44a3eeb2,2019-01,North Wales Police,North Wales Police,-3.394347,53.331765,On or near Linden Close,W01000215,Denbighshire 002C,Violence and sexual offences,Under investigation,
a0d43941de53271a45f94bd8b478d8c1220d64f83e03602e6c0236e017a6d192,2019-01,North Wales Police,North Wales Police,-3.392937,53.334604,On or near Bosworth Grove,W01000215,Denbighshire 002C,Violence and sexual offences,Unable to prosecute suspect,
faa95c142d7ac2a7d99132cdb16ebd975575059222c1ace520f7739501ed807a,2019-01,North Wales Police,North Wales Police,-3.395273,53.333004,On or near The Close,W01000215,Denbighshire 002C,Violence and sexual offences,Offender given suspended prison sentence,
f040e3858ac3c25a46822c766a569fcb2a22abe60cf3216d936c981607dab8d9,2019-01,North Wales Police,North Wales Police,-3.389184,53.337417,On or near Rhodfa Derwen,W01000215,Denbighshire 002C,Violence and sexual offences,Investigation complete; no suspect identified,
,2019-01,North Wales Police,North Wales Police,-3.404545,53.337767,On or near Morley Road,W01000216,Denbighshire 002D,Anti-social behaviour,,
,2019-01,North Wales Police,North Wales Police,-3.402182,53.338065,On or near Caradoc Road,W01000216,Denbighshire 002D,Anti-social behaviour,,
,2019-01,North Wales Police,North Wales Police,-3.402353,53.338233,On or near Cae'R Nant,W01000216,Denbighshire 002D,Anti-social behaviour,,
,2019-01,North Wales Police,North Wales Police,-3.396794,53.334972,On or near Mostyn Avenue,W01000216,Denbighshire 002D,Anti-social behaviour,,
,2019-01,North Wales Police,North Wales Police,-3.400679,53.336671,On or near Parc Cemlyn,W01000216,Denbighshire 002D,Anti-social behaviour,,
0614e13da0d230711837a8e621dc71cfbe1846422bb2f8a395bfddef22c51305,2019-01,North Wales Police,North Wales Police,-3.396794,53.334972,On or near Mostyn Avenue,W01000216,Denbighshire 002D,Burglary,Under investigation,
8234544edc33b479ab4132ed0649dd75cd2f5bb9893e4e24ccc890e7b910b3cb,2019-01,North Wales Police,North Wales Police,-3.400681,53.337183,On or near Maes Glas,W01000216,Denbighshire 002D,Criminal damage and arson,Unable to prosecute suspect,
10053bd47469b3bec3c720f83328f9dee328f13ac41c2c6b2bbd80b05700f0c7,2019-01,North Wales Police,North Wales Police,-3.401164,53.334499,On or near Glyn Avenue,W01000216,Denbighshire 002D,Criminal damage and arson,Investigation complete; no suspect identified,
e05d2d438f2bfd8f6d58aba70054a5dd51bd5003a3b55e88e8c7c94fc82f7e8a,2019-01,North Wales Police,North Wales Police,-3.402353,53.338233,On or near Cae'R Nant,W01000216,Denbighshire 002D,Criminal damage and arson,Investigation complete; no suspect identified,
373a21d7debaff9d79aa6fda7d96bcf97e413d3034ade12be5912f893b8cb743,2019-01,North Wales Police,North Wales Police,-3.402182,53.338065,On or near Caradoc Road,W01000216,Denbighshire 002D,Criminal damage and arson,Investigation complete; no suspect identified,
34a3f4c04507aa6e1ae04023dace6edf308b777a1a3bc7f77f36dabd491823f2,2019-01,North Wales Police,North Wales Police,-3.402353,53.338233,On or near Cae'R Nant,W01000216,Denbighshire 002D,Criminal damage and arson,Unable to prosecute suspect,
919025d76ebc796c04b3a46ee447d1e20707711f6d9b17a50dc82e1b7c5b540f,2019-01,North Wales Police,North Wales Police,-3.400378,53.336189,On or near Lon Delyn,W01000216,Denbighshire 002D,Other theft,Unable to prosecute suspect,
6f9792df5ffa8a141dbb0d4d6693f269095e1b89ab8bd28cd7f221e67ffc06f5,2019-01,North Wales Police,North Wales Police,-3.402353,53.338233,On or near Cae'R Nant,W01000216,Denbighshire 002D,Public order,Unable to prosecute suspect,
54913f22894708a8e0b47541aed506b0084d6dd3c20395f87f5093a7c62044b4,2019-01,North Wales Police,North Wales Police,-3.400679,53.336671,On or near Parc Cemlyn,W01000216,Denbighshire 002D,Public order,Unable to prosecute suspect,
793b38ad203b47d75abe90453cf68198bfeb8fe4d737909f260605f096f4c360,2019-01,North Wales Police,North Wales Police,-3.404545,53.337767,On or near Morley Road,W01000216,Denbighshire 002D,Robbery,Unable to prosecute suspect,
fb2ccd133b191306b4d55d97b6fd8812c307ffa6b7df45c64f0bbbfd3561962d,2019-01,North Wales Police,North Wales Police,-3.400679,53.336671,On or near Parc Cemlyn,W01000216,Denbighshire 002D,Shoplifting,Awaiting court outcome,
489e1cc4dd3efca5a5a17b875fe72a75f10c0186336004e4d72ce491ce5d72f1,2019-01,North Wales Police,North Wales Police,-3.400679,53.336671,On or near Parc Cemlyn,W01000216,Denbighshire 002D,Shoplifting,Local resolution,
0c43c5a766be968fd613cce3801508a14c68915e9e7ce32a336442a24ba098c9,2019-01,North Wales Police,North Wales Police,-3.400679,53.336671,On or near Parc Cemlyn,W01000216,Denbighshire 002D,Shoplifting,Investigation complete; no suspect identified,
504d2c0317096aa1e93b2d800a5d56b33f4de7b4f5b74cbf59579f9c0e746cb2,2019-01,North Wales Police,North Wales Police,-3.404291,53.335064,On or near Lon Alwen,W01000216,Denbighshire 002D,Vehicle crime,Investigation complete; no suspect identified,
44e928d0612230e85ff40a2f4fa17288dff8477415e15e277bfc39791e2d7817,2019-01,North Wales Police,North Wales Police,-3.402353,53.338233,On or near Cae'R Nant,W01000216,Denbighshire 002D,Violence and sexual offences,Unable to prosecute suspect,
25025b0fa23c99190d13fb77ac0daaeb957fec6a1dd459ae8ab0435cad11905d,2019-01,North Wales Police,North Wales Police,-3.400378,53.336189,On or near Lon Delyn,W01000216,Denbighshire 002D,Violence and sexual offences,Unable to prosecute suspect,
2a43c0077b00c421d018dbf469c7af18d30f8c8e0a9cc06e73fe317c2ca23abe,2019-01,North Wales Police,North Wales Police,-3.401394,53.333273,On or near Church Walks,W01000216,Denbighshire 002D,Violence and sexual offences,Unable to prosecute suspect,
cb7304fd7a168424ea34336f3709ddbc52d67537e5c778ee80e8f81d0f08621a,2019-01,North Wales Police,North Wales Police,-3.404545,53.337767,On or near Morley Road,W01000216,Denbighshire 002D,Violence and sexual offences,Unable to prosecute suspect,
4840824026e06545af5a121bae44b458a0577319aab783f4e9dcfdaf56a77810,2019-01,North Wales Police,North Wales Police,-3.401394,53.333273,On or near Church Walks,W01000216,Denbighshire 002D,Violence and sexual offences,Under investigation,
68647634ab4d2a13111e74a785be7de5c63e6ec54b8d80fa91f46b297e77023b,2019-01,North Wales Police,North Wales Police,-3.396794,53.334972,On or near Mostyn Avenue,W01000216,Denbighshire 002D,Violence and sexual offences,Unable to prosecute suspect,
65ea0c4ad9604a9d3f4f569ed3af16d07c6b01d01a6f76ae3cbb84e45601352a,2019-01,North Wales Police,North Wales Police,-3.396794,53.334972,On or near Mostyn Avenue,W01000216,Denbighshire 002D,Violence and sexual offences,Under investigation,
af8726061adde9230f4c92718682d9c9c54e263dc9ef08e850cee55499d0ce20,2019-01,North Wales Police,North Wales Police,-3.396794,53.334972,On or near Mostyn Avenue,W01000216,Denbighshire 002D,Violence and sexual offences,Further investigation is not in the public interest,
6087141b9a501c080b3dc389d345f54cb04dfbbe6cf2638d1468b8dc966103e8,2019-01,North Wales Police,North Wales Police,-3.399772,53.337383,On or near Clos Bodnant,W01000216,Denbighshire 002D,Violence and sexual offences,Under investigation,
f10d782d0452ee16d7b0c11c4b9475f293ad7d862ce0587e125825c8d0137d72,2019-01,North Wales Police,North Wales Police,-3.400679,53.336671,On or near Parc Cemlyn,W01000216,Denbighshire 002D,Violence and sexual offences,Under investigation,
95b188048db3d72fc4fc419e20ae232b8cfd0230e7612c34a162a680b5d2ea56,2019-01,North Wales Police,North Wales Police,-3.400681,53.337183,On or near Maes Glas,W01000216,Denbighshire 002D,Violence and sexual offences,Unable to prosecute suspect,
e0e1cbfcabe2a3015f2c4524383603bc25f8eaba5487ae47ef73278734167623,2019-01,North Wales Police,North Wales Police,-3.401394,53.333273,On or near Church Walks,W01000216,Denbighshire 002D,Violence and sexual offences,Under investigation,
3c2d5d7d47f714c45a1d3be6980d30044b9e2fb4b69f80541b635f42e93988c1,2019-01,North Wales Police,North Wales Police,-3.396794,53.334972,On or near Mostyn Avenue,W01000216,Denbighshire 002D,Violence and sexual offences,Under investigation,
,2019-01,North Wales Police,North Wales Police,-3.407968,53.327245,On or near Gordon Avenue,W01000212,Denbighshire 003A,Anti-social behaviour,,
,2019-01,North Wales Police,North Wales Police,-3.407968,53.327245,On or near Gordon Avenue,W01000212,Denbighshire 003A,Anti-social behaviour,,
17fc1b7a74984c7937547c0834e9fbbd4f93cbd767eb76a4a7811d8e487c7ca8,2019-01,North Wales Police,North Wales Police,-3.397976,53.324738,On or near Bishopswood Road,W01000212,Denbighshire 003A,Burglary,Under investigation,
e4549852988a50e18b6aa63ed011017f5146416f1086efdba4f37a59009ee4b4,2019-01,North Wales Police,North Wales Police,-3.401702,53.328002,On or near Oak Hill Drive,W01000212,Denbighshire 003A,Burglary,Under investigation,
480a30e7968db5d18f94b5ad102bfec913a1853fb9f61820ba553a7590ffe359,2019-01,North Wales Police,North Wales Police,-3.407968,53.327245,On or near Gordon Avenue,W01000212,Denbighshire 003A,Violence and sexual offences,Formal action is not in the public interest,
b9b39caaed7e74c63b4a77cbfbd5410fa1f643f05c950e13bc7bd4f9990c330a,2019-01,North Wales Police,North Wales Police,-3.409405,53.327543,On or near Fairview Avenue,W01000212,Denbighshire 003A,Violence and sexual offences,Unable to prosecute suspect,
7dd51f875dbda961a7fa3d7c38cb0f1765c567cb0d50c6ba4e694497add94c38,2019-01,North Wales Police,North Wales Police,-3.409405,53.327543,On or near Fairview Avenue,W01000212,Denbighshire 003A,Violence and sexual offences,Unable to prosecute suspect,
b441ee6da14b4962f8fc1dd2e1be6b3b783daa67f4e78e3c560d73923da69e9e,2019-01,North Wales Police,North Wales Police,-3.407968,53.327245,On or near Gordon Avenue,W01000212,Denbighshire 003A,Violence and sexual offences,Unable to prosecute suspect,
76252a96636bbae04f3aa2f6a517f0499ed2d35e3e279ab98672aac55c90653f,2019-01,North Wales Police,North Wales Police,-3.407968,53.327245,On or near Gordon Avenue,W01000212,Denbighshire 003A,Violence and sexual offences,Under investigation,
f1ec10efdca705476a92f6c97509f9feeee545ca77f90f6e79fdee1201b7ff26,2019-01,North Wales Police,North Wales Police,-3.407968,53.327245,On or near Gordon Avenue,W01000212,Denbighshire 003A,Violence and sexual offences,Unable to prosecute suspect,
ff278b49dd4f67b2a75514b8df7d6f943640c7fdd94ce2adcb4f46894e09854e,2019-01,North Wales Police,North Wales Police,-3.420676,53.323301,On or near St Anne'S Avenue,W01000221,Denbighshire 003B,Public order,Under investigation,
b3eb0b59a757344ade77e33588da46bd6b8623c0b353eb3f3b5eb52906118774,2019-01,North Wales Police,North Wales Police,-3.423615,53.326808,On or near Lon Brynli,W01000221,Denbighshire 003B,Public order,Under investigation,
5e10588c12e6123cbec52bd81357ecc8b148ec5f775ceadd164a8792866e33a4,2019-01,North Wales Police,North Wales Police,-3.420012,53.326374,On or near Aber Court,W01000221,Denbighshire 003B,Shoplifting,Under investigation,
425f7cd6c7ea31cee56f3bdd39133b6ce92a6080b909c19eb8c07a463b62de85,2019-01,North Wales Police,North Wales Police,-3.419876,53.328614,On or near Chester Close,W01000221,Denbighshire 003B,Violence and sexual offences,Under investigation,
dcdeb98e1fdfe671226add19d72f5bbfcf78491c9db574c2286c34910cadf5e9,2019-01,North Wales Police,North Wales Police,-3.422401,53.327775,On or near Lon Taliesin,W01000221,Denbighshire 003B,Violence and sexual offences,Unable to prosecute suspect,
8135e410abb35ae2ed6b13b9e416758c24fb7fa14d457a3a89a901edbb0ccc67,2019-01,North Wales Police,North Wales Police,-3.417474,53.325910,On or near St Asaph Drive,W01000221,Denbighshire 003B,Violence and sexual offences,Unable to prosecute suspect,
0fd9e458e3793ca54ffb0bc09af5bca6851ad7d769265fd68916eb096d3602b0,2019-01,North Wales Police,North Wales Police,-3.419876,53.328614,On or near Chester Close,W01000221,Denbighshire 003B,Violence and sexual offences,Unable to prosecute suspect,
cb0c766ce1c833580a994391067112998adf544843f69a6f8f3d7de21c574136,2019-01,North Wales Police,North Wales Police,-3.417474,53.325910,On or near St Asaph Drive,W01000221,Denbighshire 003B,Violence and sexual offences,Unable to prosecute suspect,
5996b5edcc4fb08b0b956bed6e366d441142e89b6666e18106b3913a524d2065,2019-01,North Wales Police,North Wales Police,-3.423615,53.326808,On or near Lon Brynli,W01000221,Denbighshire 003B,Violence and sexual offences,Action to be taken by another organisation,
a5764f5fb435bb7f2521da49aa84fa0a3bba444c987e91b3e76e69bc789a00b6,2019-01,North Wales Police,North Wales Police,-3.423615,53.326808,On or near Lon Brynli,W01000221,Denbighshire 003B,Violence and sexual offences,Action to be taken by another organisation,
300a2c2b37937030280cb5f478bbbb5199787c5f7cd577bd203da35f936f4e9c,2019-01,North Wales Police,North Wales Police,-3.419028,53.327051,On or near Salisbury Drive,W01000221,Denbighshire 003B,Violence and sexual offences,Unable to prosecute suspect,
64bb0ab30cbb17d1ae2de4fb9c77c687a4e465b6380c2d3121f92a23b0990069,2019-01,North Wales Police,North Wales Police,-3.423615,53.326808,On or near Lon Brynli,W01000221,Denbighshire 003B,Violence and sexual offences,Action to be taken by another organisation,
7fee789585d4a4a19d07ca376d620a4bb705e2f9716ba00b8a2ae25868aaa1b2,2019-01,North Wales Police,North Wales Police,-3.423615,53.326808,On or near Lon Brynli,W01000221,Denbighshire 003B,Violence and sexual offences,Action to be taken by another organisation,
f94f2873940a4bb1a97918f195148bb7b16fea5ea5ecceb0fed40dbb0a076322,2019-01,North Wales Police,North Wales Police,-3.419876,53.328614,On or near Chester Close,W01000221,Denbighshire 003B,Violence and sexual offences,Investigation complete; no suspect identified,
df585bd2b9351834b053f39bd2fe7e43cbf9141b183f0e62b14f796ef7b32780,2019-01,North Wales Police,North Wales Police,-3.422060,53.331537,On or near Monmouth Grove,W01000222,Denbighshire 003C,Criminal damage and arson,Investigation complete; no suspect identified,
601e76e79769f5d716770fbf8e7389ba01dfed2f433632c9a3f33138090be0b0,2019-01,North Wales Police,North Wales Police,-3.426530,53.330917,On or near Morfa Close,W01000222,Denbighshire 003C,Criminal damage and arson,Local resolution,
85209353a369f71e583f7919e2fa26c55e3df8cd9e55d22dd51c25ed31528eda,2019-01,North Wales Police,North Wales Police,-3.422684,53.329956,On or near Durlston Drive,W01000222,Denbighshire 003C,Violence and sexual offences,Unable to prosecute suspect,
,2019-01,North Wales Police,North Wales Police,-3.468326,53.326239,On or near Oakville Avenue,W01000226,Denbighshire 004A,Anti-social behaviour,,
c131122081d3a5bad30c351345ab065a90cb2f0676a33ad6c0afa5b12d8d91ca,2019-01,North Wales Police,North Wales Police,-3.447036,53.330724,On or near Terfyn Pella Avenue,W01000226,Denbighshire 004A,Burglary,Investigation complete; no suspect identified,
8f2607c49f76776b36052e19c31f05eb035c6dad545b010406d1412d7948e0cb,2019-01,North Wales Police,North Wales Police,-3.476465,53.328421,On or near Marine Drive,W01000226,Denbighshire 004A,Criminal damage and arson,Unable to prosecute suspect,
bcfeebbd5aac0d2f10c1c9039d649ebb0af95acc650459353e3adfa2842b2aa2,2019-01,North Wales Police,North Wales Police,-3.468326,53.326239,On or near Oakville Avenue,W01000226,Denbighshire 004A,Criminal damage and arson,Investigation complete; no suspect identified,
f862ce48d3e163f0f1040d3a9b4dcdb1b6c680a2d188feb244b5d845321333e0,2019-01,North Wales Police,North Wales Police,-3.447036,53.330724,On or near Terfyn Pella Avenue,W01000226,Denbighshire 004A,Other theft,Investigation complete; no suspect identified,
7653ebe6a86edec141344b82730dd317c19d7555eff454ed3240078b25da73bd,2019-01,North Wales Police,North Wales Police,-3.447036,53.330724,On or near Terfyn Pella Avenue,W01000226,Denbighshire 004A,Other theft,Unable to prosecute suspect,
2a52b9ec0133bd6b19b1a532527df9b83a2c33f9834e8cf477bd28c4ad7a22ba,2019-01,North Wales Police,North Wales Police,-3.464254,53.326145,On or near Edgbaston Road,W01000226,Denbighshire 004A,Violence and sexual offences,Unable to prosecute suspect,
f2c8454656ac28a52e50fe9b06626595c05db309983468b8a8d862b8072f195c,2019-01,North Wales Police,North Wales Police,-3.464783,53.325383,On or near Sholing Drive,W01000226,Denbighshire 004A,Violence and sexual offences,Under investigation,
c3b6e61e4f9b22f9d90fa60347591a3e59f3c6e581d53c501369198a5be050a1,2019-01,North Wales Police,North Wales Police,-3.464254,53.326145,On or near Edgbaston Road,W01000226,Denbighshire 004A,Violence and sexual offences,Unable to prosecute suspect,
b4857fb9ed64deee29121fd861539b135a1c26994d60d7f5d8231c7f69ed772a,2019-01,North Wales Police,North Wales Police,-3.468326,53.326239,On or near Oakville Avenue,W01000226,Denbighshire 004A,Violence and sexual offences,Unable to prosecute suspect,
4148e61d5df3176cd7e2042be61c0aa119639904816eb3d9c8536ec66bc05907,2019-01,North Wales Police,North Wales Police,-3.464783,53.325383,On or near Sholing Drive,W01000226,Denbighshire 004A,Violence and sexual offences,Unable to prosecute suspect,
a4dd90bd63e22f928b291674147d6189b8c83921ee0930cce7b3487a5ae836a0,2019-01,North Wales Police,North Wales Police,-3.470654,53.328448,On or near Carlisle Avenue,W01000226,Denbighshire 004A,Violence and sexual offences,Unable to prosecute suspect,
77850fc0bf4fe51c89de86b3ce2bfc1fef590d04ebca4db023f5f04a0ef9a97f,2019-01,North Wales Police,North Wales Police,-3.464254,53.326145,On or near Edgbaston Road,W01000226,Denbighshire 004A,Violence and sexual offences,Investigation complete; no suspect identified,
,2019-01,North Wales Police,North Wales Police,-3.480653,53.322320,On or near Maes Emlyn,W01000227,Denbighshire 004B,Anti-social behaviour,,
e9fc349aa58b4dec14840ed5b08764c434afd683ec6fc6f07dcedda0c0f81230,2019-01,North Wales Police,North Wales Police,-3.473936,53.325639,On or near Grove Park Avenue,W01000227,Denbighshire 004B,Burglary,Investigation complete; no suspect identified,
e4becba493edbd190a1d2fa59a259bcaa097d037ff05a748479cd316fbb9e3cf,2019-01,North Wales Police,North Wales Police,-3.480653,53.322320,On or near Maes Emlyn,W01000227,Denbighshire 004B,Violence and sexual offences,Unable to prosecute suspect,
785ebe4644e1bc3fb1fa044e8ae571bbb93996a4f0606d768210eee38aa0581b,2019-01,North Wales Police,North Wales Police,-3.473936,53.325639,On or near Grove Park Avenue,W01000227,Denbighshire 004B,Violence and sexual offences,Unable to prosecute suspect,
30145f1a2635b9b9f716844a433fed6c078f0004fe2d345878d339e186aeebef,2019-01,North Wales Police,North Wales Police,-3.476558,53.323746,On or near Trehearn Drive,W01000227,Denbighshire 004B,Violence and sexual offences,Unable to prosecute suspect,
fb81a480462c63536ae866c6b455ee170222da6d58f3cda1e6935e7310c1ef65,2019-01,North Wales Police,North Wales Police,-3.480653,53.322320,On or near Maes Emlyn,W01000227,Denbighshire 004B,Violence and sexual offences,Unable to prosecute suspect,
1de92f9cc4ad6b9fed566d6e5201482071506cb1a4776830d773d21367c7972f,2019-01,North Wales Police,North Wales Police,-3.480653,53.322320,On or near Maes Emlyn,W01000227,Denbighshire 004B,Violence and sexual offences,Further investigation is not in the public interest,
be592be923c0a5449d4f7d7a54958d2016a66633ceb95c8752de1c9dd05c3f2c,2019-01,North Wales Police,North Wales Police,-3.480653,53.322320,On or near Maes Emlyn,W01000227,Denbighshire 004B,Violence and sexual offences,Unable to prosecute suspect,
,2019-01,North Wales Police,North Wales Police,-3.481868,53.323572,On or near The Grove,W01000228,Denbighshire 004C,Anti-social behaviour,,
,2019-01,North Wales Police,North Wales Police,-3.482016,53.325683,On or near Beechwood Road,W01000228,Denbighshire 004C,Anti-social behaviour,,
,2019-01,North Wales Police,North Wales Police,-3.486862,53.321271,On or near Stryd Y Baddon,W01000228,Denbighshire 004C,Anti-social behaviour,,
,2019-01,North Wales Police,North Wales Police,-3.484262,53.323335,On or near Boughton Avenue,W01000228,Denbighshire 004C,Anti-social behaviour,,
2106ee31a80eecee1998491431f446e15c6ff56fe5e70866926ee5ab186b38b0,2019-01,North Wales Police,North Wales Police,-3.484715,53.324723,On or near St Asaph Street,W01000228,Denbighshire 004C,Burglary,Investigation complete; no suspect identified,
b16610e75402b26ba2922f525fb20125f8ff12a3184fa73eb2d28d6057181bf3,2019-01,North Wales Police,North Wales Police,-3.486915,53.323635,On or near Tarleton Street,W01000228,Denbighshire 004C,Criminal damage and arson,Investigation complete; no suspect identified,
8fb62044c6f6f92115f6b7e485bc498e9ab9ca3503f617219c47e4327ec076c5,2019-01,North Wales Police,North Wales Police,-3.486004,53.323350,On or near Russell Gardens,W01000228,Denbighshire 004C,Other theft,Investigation complete; no suspect identified,
e478222ae9b6507b8be71f71641c49afb64025cf7ab231fc8cb5ac771d18b1bb,2019-01,North Wales Police,North Wales Police,-3.479590,53.325012,On or near Bryntirion Avenue,W01000228,Denbighshire 004C,Other theft,Investigation complete; no suspect identified,
e33c3d5d9cf3e33f2932e3340b070a863782436db82cbf7ebd7b66d00d4bde11,2019-01,North Wales Police,North Wales Police,-3.483098,53.325274,On or near Conwy Street,W01000228,Denbighshire 004C,Public order,Under investigation,
92c2b0290193fc9073d940dafb83a46062f0deaa72b07d689014e77b34638160,2019-01,North Wales Police,North Wales Police,-3.484262,53.323335,On or near Boughton Avenue,W01000228,Denbighshire 004C,Public order,Under investigation,
d34a03a98a2234bb38db1c8fa9e45563f63c1a57b17620744a2b78cf7974b23d,2019-01,North Wales Police,North Wales Police,-3.483098,53.325274,On or near Conwy Street,W01000228,Denbighshire 004C,Violence and sexual offences,Under investigation,
fb0bb8ce8062b003beafc42dde2fcc71436566785927869c7d03584f82bed92e,2019-01,North Wales Police,North Wales Police,-3.483098,53.325274,On or near Conwy Street,W01000228,Denbighshire 004C,Violence and sexual offences,Unable to prosecute suspect,
6d5a421e53d5da0d0927a693f92ebaa9782889db1e25d2f53fb305129a06f73a,2019-01,North Wales Police,North Wales Police,-3.486004,53.323350,On or near Russell Gardens,W01000228,Denbighshire 004C,Violence and sexual offences,Under investigation,
,2019-01,North Wales Police,North Wales Police,-3.496818,53.317461,On or near Maude Street,W01000239,Denbighshire 004D,Anti-social behaviour,,
,2019-01,North Wales Police,North Wales Police,-3.497364,53.317625,On or near Emlyn Grove,W01000239,Denbighshire 004D,Anti-social behaviour,,
,2019-01,North Wales Police,North Wales Police,-3.494015,53.316723,On or near Ffynnongroew Road,W01000239,Denbighshire 004D,Anti-social behaviour,,
,2019-01,North Wales Police,North Wales Police,-3.496818,53.317461,On or near Maude Street,W01000239,Denbighshire 004D,Anti-social behaviour,,
,2019-01,North Wales Police,North Wales Police,-3.497364,53.317625,On or near Emlyn Grove,W01000239,Denbighshire 004D,Anti-social behaviour,,
4b154467fdb78c346a10695252f5e8f04f937fe7d59616ef90494b9f9b043c78,2019-01,North Wales Police,North Wales Police,-3.499941,53.318330,On or near West Parade,W01000239,Denbighshire 004D,Burglary,Investigation complete; no suspect identified,
6e39471b425533702ac79552860016d5418446078f17cf9404affa31ad9787e9,2019-01,North Wales Police,North Wales Police,-3.499941,53.318330,On or near West Parade,W01000239,Denbighshire 004D,Burglary,Unable to prosecute suspect,
fa0a87923af7109d5b68863414f9aac6ce806ea8ff367612ab3b7121f77d84f7,2019-01,North Wales Police,North Wales Police,-3.494391,53.318894,On or near Crescent Road,W01000239,Denbighshire 004D,Burglary,Under investigation,
e1e4535e151912922944ce6f764fc3ae81d261d093b7b4447395564205181faf,2019-01,North Wales Police,North Wales Police,-3.494391,53.318894,On or near Crescent Road,W01000239,Denbighshire 004D,Burglary,Under investigation,
535b6106a4d5949143be5d90fd62c7be0e215076fb64f8fb147c27d1e2f82931,2019-01,North Wales Police,North Wales Police,-3.498304,53.318297,On or near Aquarium Crescent,W01000239,Denbighshire 004D,Burglary,Unable to prosecute suspect,
a86dcbf3832c211360cd0cb44ce64f8c038b6be37b73a72c2f4a02e7435d33a8,2019-01,North Wales Police,North Wales Police,-3.496818,53.317461,On or near Maude Street,W01000239,Denbighshire 004D,Criminal damage and arson,Under investigation,
a2e0afea8646ba831a1da5a0e66673bbb3d61563d9bfc0daa59a4fae6b6be630,2019-01,North Wales Police,North Wales Police,-3.494391,53.318894,On or near Crescent Road,W01000239,Denbighshire 004D,Criminal damage and arson,Investigation complete; no suspect identified,
4b8fde2f99f24c8b9b354d492e99f088cc3f4924cf21f58c9cc97eb5bd59ba7a,2019-01,North Wales Police,North Wales Police,-3.496994,53.318205,On or near John Street,W01000239,Denbighshire 004D,Criminal damage and arson,Unable to prosecute suspect,
70d31d47c6c76b9ad889f301554b51e557048d6807983666bd6e68213aa24196,2019-01,North Wales Police,North Wales Police,-3.499056,53.317073,On or near Butterton Road,W01000239,Denbighshire 004D,Criminal damage and arson,Offender given community sentence,
8faa5c72cdcdb9bac60ef3cad982ce6048733d8c49f9c0582fabaed3df8194c8,2019-01,North Wales Police,North Wales Police,-3.498304,53.318297,On or near Aquarium Crescent,W01000239,Denbighshire 004D,Criminal damage and arson,Under investigation,
cfde440fdade12c8f8b4d78663406d939d6fb690999f81d90a8d35fbf0ed9fbf,2019-01,North Wales Police,North Wales Police,-3.498304,53.318297,On or near Aquarium Crescent,W01000239,Denbighshire 004D,Criminal damage and arson,Unable to prosecute suspect,
d1072eda82a714efd5df9c833a20d296cdaeb0ae2d3b6ecbc20339ab2cc8f5f6,2019-01,North Wales Police,North Wales Police,-3.494959,53.318824,On or near Hope Place,W01000239,Denbighshire 004D,Criminal damage and arson,Unable to prosecute suspect,
600b1744d9a545413d0fb749f41e27fa4e59b6e6bd5ef69233c829635d7f8675,2019-01,North Wales Police,North Wales Police,-3.493831,53.318766,On or near Vaughan Street,W01000239,Denbighshire 004D,Drugs,Under investigation,
135a13b39431463151fa214d45bb2bc36a26ac489e346145f0116638601f8b08,2019-01,North Wales Police,North Wales Police,-3.496818,53.317461,On or near Maude Street,W01000239,Denbighshire 004D,Violence and sexual offences,Unable to prosecute suspect,
26137903b1f7033119b614936ef2158a5d17b408c317f3bc73bcbe4294b00d8b,2019-01,North Wales Police,North Wales Police,-3.498158,53.317570,On or near River Street,W01000239,Denbighshire 004D,Violence and sexual offences,Unable to prosecute suspect,
0a34421b372c97dade6b5ecf74d76b16cb892acade2fe5d9fbbad1f3099200ec,2019-01,North Wales Police,North Wales Police,-3.496994,53.318205,On or near John Street,W01000239,Denbighshire 004D,Violence and sexual offences,Unable to prosecute suspect,
baa1b455a8a684e8eff835299aafe3e141d14457e92ca6208566a4e9f0667727,2019-01,North Wales Police,North Wales Police,-3.494391,53.318894,On or near Crescent Road,W01000239,Denbighshire 004D,Violence and sexual offences,Unable to prosecute suspect,
4642262fe66a3431db517adbbdf0935552b39f58883719f8db10241dbbcee9e1,2019-01,North Wales Police,North Wales Police,-3.495405,53.318261,On or near Gordon Avenue,W01000239,Denbighshire 004D,Violence and sexual offences,Further investigation is not in the public interest,
465f168724dd748976cacba65d25cd2fd0e52f84cfa997eecb93d233132c4568,2019-01,North Wales Police,North Wales Police,-3.495405,53.318261,On or near Gordon Avenue,W01000239,Denbighshire 004D,Violence and sexual offences,Further investigation is not in the public interest,
bc013312d6b9a97ee67000c24ab84079dad62a07b4b7f3a8b2b24b9592e792c9,2019-01,North Wales Police,North Wales Police,-3.499056,53.317073,On or near Butterton Road,W01000239,Denbighshire 004D,Violence and sexual offences,Under investigation,
eb2b0168916e99b5faf8d5bb5aa95aa5d1cf93afa7f6d4ce7c3bdb4b138b634f,2019-01,North Wales Police,North Wales Police,-3.496818,53.317461,On or near Maude Street,W01000239,Denbighshire 004D,Violence and sexual offences,Under investigation,
97b2d13dee12642ce70922a0e987a9862f466f742e2e06e61caebf23a574fb15,2019-01,North Wales Police,North Wales Police,-3.496994,53.318205,On or near John Street,W01000239,Denbighshire 004D,Violence and sexual offences,Awaiting court outcome,
22fbf0fbb0267cd48734a123a67d44dc536ce7d71875c05bf0c89dd8e909e01a,2019-01,North Wales Police,North Wales Police,-3.493476,53.317179,On or near Oxford Grove,W01000239,Denbighshire 004D,Violence and sexual offences,Under investigation,
176dcb52165933ab5497801960ca248e98f8eec1b75edc93f90a9a52da822be9,2019-01,North Wales Police,North Wales Police,-3.496994,53.318205,On or near John Street,W01000239,Denbighshire 004D,Violence and sexual offences,Under investigation,
fc5e0bdbc2e45cc8c087b0a8bb78082399bf87356057aa36ef566dccaa97a498,2019-01,North Wales Police,North Wales Police,-3.498158,53.317570,On or near River Street,W01000239,Denbighshire 004D,Violence and sexual offences,Under investigation,
2e44294776a5fbf1e81529bcf7736c5fd8f92980e69a24fb26583839d4cfb305,2019-01,North Wales Police,North Wales Police,-3.494439,53.315963,On or near Terence Avenue,W01000239,Denbighshire 004D,Violence and sexual offences,Unable to prosecute suspect,
74a9299a5aa77e382ffd68de76c00ccb0b7f08051b84f38f2bb10648cc2ba898,2019-01,North Wales Police,North Wales Police,-3.494439,53.315963,On or near Terence Avenue,W01000239,Denbighshire 004D,Violence and sexual offences,Unable to prosecute suspect,
eb9a3dc34281f8e9f870429c41af78e779dcfbf1dd49f62a524f49b40f6a5c03,2019-01,North Wales Police,North Wales Police,-3.494439,53.315963,On or near Terence Avenue,W01000239,Denbighshire 004D,Violence and sexual offences,Unable to prosecute suspect,
9cfe3805a4fd680f9876f089fba5e09119a63a0ab622465dd3a5179b02106d68,2019-01,North Wales Police,North Wales Police,-3.498158,53.317570,On or near River Street,W01000239,Denbighshire 004D,Violence and sexual offences,Unable to prosecute suspect,
a1af1179ef50907919ace9ffe16aaadc680e3eaed011ec6c8d6b56fefb61262c,2019-01,North Wales Police,North Wales Police,-3.498158,53.317570,On or near River Street,W01000239,Denbighshire 004D,Violence and sexual offences,Investigation complete; no suspect identified,
45d5a45efcca7328b9ffadadb2be6bef8a68060924a27de3972769a831cf3a3c,2019-01,North Wales Police,North Wales Police,-3.498158,53.317570,On or near River Street,W01000239,Denbighshire 004D,Violence and sexual offences,Investigation complete; no suspect identified,
1f75b19f76079e1a6d5848dc26285f3a124696b11904e1b36875992032cbd2d8,2019-01,North Wales Police,North Wales Police,-3.496698,53.315305,On or near Ellis Avenue,W01000239,Denbighshire 004D,Violence and sexual offences,Action to be taken by another organisation,
9ddc84342cca49fd3a3521fb2cd616d1406edd9db7afcd54ab120f4fbbef2d1b,2019-01,North Wales Police,North Wales Police,-3.495307,53.315466,On or near Barry Road South,W01000239,Denbighshire 004D,Violence and sexual offences,Unable to prosecute suspect,
df9e456080b2e81d3b15c3e9a910a3b879496f1712c2584a9f21a89ce17fa31b,2019-01,North Wales Police,North Wales Police,-3.495405,53.318261,On or near Gordon Avenue,W01000239,Denbighshire 004D,Violence and sexual offences,Unable to prosecute suspect,
4e2a95637ac78619b9cf2773264c5ed2594ff99d54394f7c15319ada0b4b081d,2019-01,North Wales Police,North Wales Police,-3.494439,53.315963,On or near Terence Avenue,W01000239,Denbighshire 004D,Violence and sexual offences,Unable to prosecute suspect,
03ab66cf1bc4b676aa86fc28b3e5a6607995a039d746ec46ef458a8820b687f3,2019-01,North Wales Police,North Wales Police,-3.495405,53.318261,On or near Gordon Avenue,W01000239,Denbighshire 004D,Violence and sexual offences,Unable to prosecute suspect,
,2019-01,North Wales Police,North Wales Police,-3.489671,53.322603,On or near Parking Area,W01000240,Denbighshire 004E,Anti-social behaviour,,
,2019-01,North Wales Police,North Wales Police,-3.489671,53.322603,On or near Parking Area,W01000240,Denbighshire 004E,Anti-social behaviour,,
,2019-01,North Wales Police,North Wales Police,-3.491007,53.319584,On or near Rhyl Police Station,W01000240,Denbighshire 004E,Anti-social behaviour,,
,2019-01,North Wales Police,North Wales Police,-3.495432,53.319888,On or near Edward Henry Street,W01000240,Denbighshire 004E,Anti-social behaviour,,
,2019-01,North Wales Police,North Wales Police,-3.491007,53.319584,On or near Rhyl Police Station,W01000240,Denbighshire 004E,Anti-social behaviour,,
,2019-01,North Wales Police,North Wales Police,-3.489671,53.322603,On or near Parking Area,W01000240,Denbighshire 004E,Anti-social behaviour,,
,2019-01,North Wales Police,North Wales Police,-3.490356,53.318135,On or near Stryd Cilmael,W01000240,Denbighshire 004E,Anti-social behaviour,,
,2019-01,North Wales Police,North Wales Police,-3.493103,53.320277,On or near Water Street,W01000240,Denbighshire 004E,Anti-social behaviour,,
,2019-01,North Wales Police,North Wales Police,-3.491007,53.319584,On or near Rhyl Police Station,W01000240,Denbighshire 004E,Anti-social behaviour,,
,2019-01,North Wales Police,North Wales Police,-3.491633,53.320295,On or near Queen Street,W01000240,Denbighshire 004E,Anti-social behaviour,,
,2019-01,North Wales Police,North Wales Police,-3.489216,53.319444,On or near Stryd Cilmael,W01000240,Denbighshire 004E,Anti-social behaviour,,
,2019-01,North Wales Police,North Wales Police,-3.491007,53.319584,On or near Rhyl Police Station,W01000240,Denbighshire 004E,Anti-social behaviour,,
,2019-01,North Wales Police,North Wales Police,-3.489688,53.320077,On or near St Helens Place,W01000240,Denbighshire 004E,Anti-social behaviour,,
,2019-01,North Wales Police,North Wales Police,-3.489671,53.322603,On or near Parking Area,W01000240,Denbighshire 004E,Anti-social behaviour,,
,2019-01,North Wales Police,North Wales Police,-3.490356,53.318135,On or near Stryd Cilmael,W01000240,Denbighshire 004E,Anti-social behaviour,,
,2019-01,North Wales Police,North Wales Police,-3.489671,53.322603,On or near Parking Area,W01000240,Denbighshire 004E,Anti-social behaviour,,
,2019-01,North Wales Police,North Wales Police,-3.493376,53.319491,On or near Bedford Street,W01000240,Denbighshire 004E,Anti-social behaviour,,
,2019-01,North Wales Police,North Wales Police,-3.489794,53.320947,On or near Shopping Area,W01000240,Denbighshire 004E,Anti-social behaviour,,
,2019-01,North Wales Police,North Wales Police,-3.493103,53.320277,On or near Water Street,W01000240,Denbighshire 004E,Anti-social behaviour,,
,2019-01,North Wales Police,North Wales Police,-3.489216,53.319444,On or near Stryd Cilmael,W01000240,Denbighshire 004E,Anti-social behaviour,,
,2019-01,North Wales Police,North Wales Police,-3.490192,53.319441,On or near Stryd Bodfor,W01000240,Denbighshire 004E,Anti-social behaviour,,
70f54405932a0e3437e16eace1f0480c68258dcccf0781daff744f6a5c1aa17d,2019-01,North Wales Police,North Wales Police,-3.489671,53.322603,On or near Parking Area,W01000240,Denbighshire 004E,Bicycle theft,Investigation complete; no suspect identified,
9bb898019e6588793c7debc35aa8c95b6cdba46b7e7a1bdad326d12fe14ee9bc,2019-01,North Wales Police,North Wales Police,-3.492331,53.318362,On or near Elwy Street,W01000240,Denbighshire 004E,Burglary,Investigation complete; no suspect identified,
7f056d77682bf01bc3d883dc74bd0ce72618f6c39b3af172a74bc7434e58c266,2019-01,North Wales Police,North Wales Police,-3.491633,53.320295,On or near Queen Street,W01000240,Denbighshire 004E,Burglary,Unable to prosecute suspect,
df809606eeab4b930320dc99999fec0d2a79cebb1013ceba89cd08c2191ad2d4,2019-01,North Wales Police,North Wales Police,-3.490356,53.318135,On or near Stryd Cilmael,W01000240,Denbighshire 004E,Burglary,Under investigation,
ce8a7740ff9e271248f37c50d0d4a74989af0f3e5e0bbcfa35a12cf25085f1a3,2019-01,North Wales Police,North Wales Police,-3.492328,53.316978,On or near West Kinmel Street,W01000240,Denbighshire 004E,Burglary,Under investigation,
d52b56b6480a5ff60f10a614bf573999889374c3af3504b8f798555293bd1841,2019-01,North Wales Police,North Wales Police,-3.491268,53.318879,On or near Windsor Street,W01000240,Denbighshire 004E,Burglary,Under investigation,
3a9ff8d6b7f1772f19d01a8363c17cb1f4b218d02d78ccdb4059f798ab02804a,2019-01,North Wales Police,North Wales Police,-3.492374,53.321742,On or near Nightclub,W01000240,Denbighshire 004E,Criminal damage and arson,Unable to prosecute suspect,
934180c65e21961def5b95982bad04e4e8832de6c34a5c766c9a70f50d27405e,2019-01,North Wales Police,North Wales Police,-3.491633,53.320295,On or near Queen Street,W01000240,Denbighshire 004E,Criminal damage and arson,Unable to prosecute suspect,
2409dff093aae4830f0cd22f1a74e395d113a64ffad87ba260c81c5eea3a2630,2019-01,North Wales Police,North Wales Police,-3.493101,53.321068,On or near Queen Street,W01000240,Denbighshire 004E,Criminal damage and arson,Under investigation,
b5a262e512b55dc2a095eaa623f927c970f9ed0b81da1acc6e20160af3c101e5,2019-01,North Wales Police,North Wales Police,-3.491633,53.320295,On or near Queen Street,W01000240,Denbighshire 004E,Criminal damage and arson,Unable to prosecute suspect,
d38dad744c7f4d4e83dba5212966f677db7c88ff24022dda1f89b0d415a94db8,2019-01,North Wales Police,North Wales Police,-3.493209,53.320734,On or near Sussex Lane,W01000240,Denbighshire 004E,Criminal damage and arson,Investigation complete; no suspect identified,
54fbab815a39c8c1696e7c2eae20a6dfbf5ba04fd85ebf1019c4926af880c0f3,2019-01,North Wales Police,North Wales Police,-3.489671,53.322603,On or near Parking Area,W01000240,Denbighshire 004E,Criminal damage and arson,Unable to prosecute suspect,
f8917582ec93d815c9c78277ec1ff5d36342e3b5fc0cc332a7a003d84cd96032,2019-01,North Wales Police,North Wales Police,-3.490360,53.321677,On or near Parking Area,W01000240,Denbighshire 004E,Criminal damage and arson,Unable to prosecute suspect,
37648f71d81c3e825dece27a1af0f6bfff5b4f6affd764b9f26f8e23b30a17d4,2019-01,North Wales Police,North Wales Police,-3.490356,53.318135,On or near Stryd Cilmael,W01000240,Denbighshire 004E,Criminal damage and arson,Investigation complete; no suspect identified,
423703dbfb09b1593e2f35476d9cad3f70afc0d13fcfd08e384bdb3036a3e2df,2019-01,North Wales Police,North Wales Police,-3.494721,53.320175,On or near Parking Area,W01000240,Denbighshire 004E,Criminal damage and arson,Unable to prosecute suspect,
576b90299b1334205ab8df262b7ec1cb5374e3b7fd58771c69f29d7b56de6837,2019-01,North Wales Police,North Wales Police,-3.492589,53.320598,On or near Sussex Street,W01000240,Denbighshire 004E,Criminal damage and arson,Unable to prosecute suspect,
05c34484d27f5e7ea2f921cbd2b4b1a48068a9d9b32ab2ef344219e15b1de2a0,2019-01,North Wales Police,North Wales Police,-3.493209,53.320734,On or near Sussex Lane,W01000240,Denbighshire 004E,Criminal damage and arson,Investigation complete; no suspect identified,
a836f37f452cff9080166373dd52031f48c3c3ae28484a107a7e71ed7c0ad1a4,2019-01,North Wales Police,North Wales Police,-3.493209,53.320734,On or near Sussex Lane,W01000240,Denbighshire 004E,Drugs,Awaiting court outcome,
350c9802da1c53ad3d2847148864c48cf886a087b2ab45d879457433e68ee833,2019-01,North Wales Police,North Wales Police,-3.489688,53.320077,On or near St Helens Place,W01000240,Denbighshire 004E,Drugs,Unable to prosecute suspect,
664041d1b3ec2a87b32e9734e0161d1d534b183963edafea56b633b0527ecc23,2019-01,North Wales Police,North Wales Police,-3.491007,53.319584,On or near Rhyl Police Station,W01000240,Denbighshire 004E,Drugs,Under investigation,
9074960dea16abc5add043244ef51e481b64952ed05e9849880f413dfa1b9f2b,2019-01,North Wales Police,North Wales Police,-3.490360,53.321677,On or near Parking Area,W01000240,Denbighshire 004E,Drugs,Offender given a drugs possession warning,
b57f71204bbb951b22e9af163a5d7ba2b1a6642ebc428eb3961777f0ce47b847,2019-01,North Wales Police,North Wales Police,-3.493103,53.320277,On or near Water Street,W01000240,Denbighshire 004E,Other theft,Investigation complete; no suspect identified,
442d9f94721101e9fb583813949d0aa95e85f4efb01878b48300e9ee3e6bf304,2019-01,North Wales Police,North Wales Police,-3.492374,53.321742,On or near Nightclub,W01000240,Denbighshire 004E,Other theft,Investigation complete; no suspect identified,
04146e3ebbcce565700e8f03e82b09136478870f4fcd35f4359181414d9cf336,2019-01,North Wales Police,North Wales Police,-3.493103,53.320277,On or near Water Street,W01000240,Denbighshire 004E,Other theft,Investigation complete; no suspect identified,
708e87337a3655dee8153a0e49da3aa49072cf919d0baad5a0d66898771ff8a2,2019-01,North Wales Police,North Wales Police,-3.490356,53.318135,On or near Stryd Cilmael,W01000240,Denbighshire 004E,Other theft,Unable to prosecute suspect,
e99f4426d6400e314a94c158746a64e34f84523a4a2d17cab13d6baa3d09945a,2019-01,North Wales Police,North Wales Police,-3.489671,53.322603,On or near Parking Area,W01000240,Denbighshire 004E,Other theft,Under investigation,
40d7d7b983019c95e7454299208e7df1a67b46afc65e2a87151274a3f0076780,2019-01,North Wales Police,North Wales Police,-3.491007,53.319584,On or near Rhyl Police Station,W01000240,Denbighshire 004E,Other theft,Formal action is not in the public interest,
dd88c46e3a41aa7895a7becc7d557a31a827afd5d8e1e0f1db39b1bb2946939f,2019-01,North Wales Police,North Wales Police,-3.490356,53.318135,On or near Stryd Cilmael,W01000240,Denbighshire 004E,Other theft,Under investigation,
5487078155db0e855d39c1b07130ecd12e7002d77e6ab1ffd590e1f1b0a3a190,2019-01,North Wales Police,North Wales Police,-3.488374,53.318978,On or near Bus/Coach Station,W01000240,Denbighshire 004E,Other theft,Investigation complete; no suspect identified,
f457fad8c62708d23ff87174c737f762be173663192c2d710036ca4d9e9b847c,2019-01,North Wales Police,North Wales Police,-3.495432,53.319888,On or near Edward Henry Street,W01000240,Denbighshire 004E,Other theft,Unable to prosecute suspect,
067ddaab4be578d9c512c61aa6a2fc0e7b680ad717b44245d7554a703bc0197e,2019-01,North Wales Police,North Wales Police,-3.490356,53.318135,On or near Stryd Cilmael,W01000240,Denbighshire 004E,Other theft,Under investigation,
c08eaf3eb63cecf25555bf5e49be3e377dd024af33ff611d4ec12edb1b2754b2,2019-01,North Wales Police,North Wales Police,-3.490192,53.319441,On or near Stryd Bodfor,W01000240,Denbighshire 004E,Other theft,Investigation complete; no suspect identified,
3b4c4f4defe3c7a8698137cd8f0bdea69ce77eadfa2a69f073760ae62c5401de,2019-01,North Wales Police,North Wales Police,-3.491007,53.319584,On or near Rhyl Police Station,W01000240,Denbighshire 004E,Possession of weapons,Under investigation,
f016f9ac36109c7b4225bc86f3dac73b4bb91e6bdd861c63367e43df9286be99,2019-01,North Wales Police,North Wales Police,-3.493103,53.320277,On or near Water Street,W01000240,Denbighshire 004E,Possession of weapons,Offender given community sentence,
e60e68bc973b2db8880ee142c77e18f3f2493944871caf53f796dcfab3214dc0,2019-01,North Wales Police,North Wales Police,-3.492944,53.317878,On or near Princes Street,W01000240,Denbighshire 004E,Public order,Unable to prosecute suspect,
7a538f85ec0316a82908156a204b24e02ee183ad42b4e570ca3e0249b22d82c4,2019-01,North Wales Police,North Wales Police,-3.490356,53.318135,On or near Stryd Cilmael,W01000240,Denbighshire 004E,Public order,Unable to prosecute suspect,
738f1b49de604acc7238ffcd0a9781741dd84d01c22a8190fff71e1d4faf22f2,2019-01,North Wales Police,North Wales Police,-3.489671,53.322603,On or near Parking Area,W01000240,Denbighshire 004E,Public order,Unable to prosecute suspect,
013780fa50fa0ea174b4d58bdb8f21b1c841f250adcf026083828d04e867107e,2019-01,North Wales Police,North Wales Police,-3.492944,53.317878,On or near Princes Street,W01000240,Denbighshire 004E,Public order,Unable to prosecute suspect,
9780ffcf0c9db980aae45d5f1c6a1db8e980767c94ddfcf400cae79715648764,2019-01,North Wales Police,North Wales Police,-3.487514,53.320140,On or near Ffordd Brighton,W01000240,Denbighshire 004E,Public order,Under investigation,
473a6c76b45cfb5a3f1a54bfed4a9442cf531f8d271f1ec618dda81ec0640ce9,2019-01,North Wales Police,North Wales Police,-3.491268,53.318879,On or near Windsor Street,W01000240,Denbighshire 004E,Public order,Unable to prosecute suspect,
fce2e30f3a9877f229012bd65635374b4e0fd6ac231ab229dc14faa78b337443,2019-01,North Wales Police,North Wales Police,-3.489688,53.320077,On or near St Helens Place,W01000240,Denbighshire 004E,Public order,Unable to prosecute suspect,
73e45d2783d81d5d65365bede095ad22494f1c781a00c4151c6055edaf2d9353,2019-01,North Wales Police,North Wales Police,-3.491007,53.319584,On or near Rhyl Police Station,W01000240,Denbighshire 004E,Public order,Investigation complete; no suspect identified,
653fd84bcf1632f72254809b3cd7188b8884ce757bf56bcdc407ef0c5f8f93b8,2019-01,North Wales Police,North Wales Police,-3.491633,53.320295,On or near Queen Street,W01000240,Denbighshire 004E,Public order,Unable to prosecute suspect,
a2314b1cddd2c6279df5eeb7e0966470785b05c41a2a5f12b321b9d533cf2933,2019-01,North Wales Police,North Wales Police,-3.489688,53.320077,On or near St Helens Place,W01000240,Denbighshire 004E,Public order,Offender given a caution,
eb37c150baa9d038c7f3cd5a9d2c1124cf33c3b8122c36928a2248bb8acaea2e,2019-01,North Wales Police,North Wales Police,-3.489794,53.320947,On or near Shopping Area,W01000240,Denbighshire 004E,Public order,Under investigation,
ecd6bc50f5c4bd959b65c5bb0fbfaca2e22a12caee0d2f19e4879ac559522c4c,2019-01,North Wales Police,North Wales Police,-3.490192,53.319441,On or near Stryd Bodfor,W01000240,Denbighshire 004E,Public order,Under investigation,
57490d32d39424d54141bd4956e80d65230030abb0cb3be0bd91ec6a4b4c9eb3,2019-01,North Wales Police,North Wales Police,-3.491007,53.319584,On or near Rhyl Police Station,W01000240,Denbighshire 004E,Public order,Offender given a caution,
17eb26bc1883adf4362fbd2693eab4fbece55c73af5f1c0a0b2d73b7a0d0d692,2019-01,North Wales Police,North Wales Police,-3.488379,53.320416,On or near Heol Clwyd,W01000240,Denbighshire 004E,Public order,Unable to prosecute suspect,
afc7cb6aed479c6cb744b1f422897ca8366362777a7823bb5431acca53e9557f,2019-01,North Wales Police,North Wales Police,-3.491007,53.319584,On or near Rhyl Police Station,W01000240,Denbighshire 004E,Public order,Unable to prosecute suspect,
0babc934ca1b5186d877d73ae310832111fb5820c5b88b016a84603b3fdc07a0,2019-01,North Wales Police,North Wales Police,-3.492328,53.316978,On or near West Kinmel Street,W01000240,Denbighshire 004E,Public order,Unable to prosecute suspect,
4f79f9128d3dc517c96700a067b448c2ebe04f914610cd23365df014ecc482ef,2019-01,North Wales Police,North Wales Police,-3.493103,53.320277,On or near Water Street,W01000240,Denbighshire 004E,Public order,Under investigation,
bcbdd058096b86fe2e904a0f4646982077015223e067175b8fbf2acfafedd8c8,2019-01,North Wales Police,North Wales Police,-3.493376,53.319491,On or near Bedford Street,W01000240,Denbighshire 004E,Public order,Under investigation,
a1c8da3957f55573669046416c36f5aa6d6937c5f697f5d45796cf641d2abfea,2019-01,North Wales Police,North Wales Police,-3.493209,53.320734,On or near Sussex Lane,W01000240,Denbighshire 004E,Public order,Offender fined,
749a473a1e5e080058558b6127095fb9f44a151c9f47075b8f1f3eba140095d2,2019-01,North Wales Police,North Wales Police,-3.490258,53.321777,On or near Supermarket,W01000240,Denbighshire 004E,Public order,Unable to prosecute suspect,
577d0ee4836ef3e01de78232e5beeb5512e98c6ee303b3a43f5460ea6ee117b3,2019-01,North Wales Police,North Wales Police,-3.489688,53.320077,On or near St Helens Place,W01000240,Denbighshire 004E,Public order,Offender sent to prison,
26cd5c98d8b6d9477c45ede234e2252a87bd96ca20192c4e3484632f420ba7b6,2019-01,North Wales Police,North Wales Police,-3.491633,53.320295,On or near Queen Street,W01000240,Denbighshire 004E,Shoplifting,Awaiting court outcome,
b5c6b0ff1ecd1d5fa6728f131b94d9c224ec2048c28d7763a59648893a514d55,2019-01,North Wales Police,North Wales Police,-3.492374,53.321742,On or near Nightclub,W01000240,Denbighshire 004E,Shoplifting,Local resolution,
1808788e34c649827e7bafd371fd71238f74011b44953b62e1ce0ba9c0874d00,2019-01,North Wales Police,North Wales Police,-3.489794,53.320947,On or near Shopping Area,W01000240,Denbighshire 004E,Shoplifting,Unable to prosecute suspect,
9dd05e223862cea1e258d160746cd8f8f59190b84df4f3a148375bfbced7aa30,2019-01,North Wales Police,North Wales Police,-3.490360,53.321677,On or near Parking Area,W01000240,Denbighshire 004E,Shoplifting,Investigation complete; no suspect identified,
73d3878dfc4c4467fefb22910ed3438318f7e43c742829c82167e264fcc440fb,2019-01,North Wales Police,North Wales Police,-3.491633,53.320295,On or near Queen Street,W01000240,Denbighshire 004E,Shoplifting,Awaiting court outcome,
ff3e78016dfe2e3152132547470dd42eecfa6421fb13f1b0a943b4b1c2738492,2019-01,North Wales Police,North Wales Police,-3.492374,53.321742,On or near Nightclub,W01000240,Denbighshire 004E,Shoplifting,Awaiting court outcome,
e94a7d90c223724c8face747139ff21160424fdd37ac96c0acc66327851e76bc,2019-01,North Wales Police,North Wales Police,-3.491633,53.320295,On or near Queen Street,W01000240,Denbighshire 004E,Shoplifting,Offender given a caution,
35f489cdb29279a442d5bfb430d7731b245e4b22a1ea1f25dd17ea348f4ec7f6,2019-01,North Wales Police,North Wales Police,-3.490360,53.321677,On or near Parking Area,W01000240,Denbighshire 004E,Shoplifting,Investigation complete; no suspect identified,
204575f077e1dc1193865c88c969cddb58f19a7898db2c9e9939ae2428aee6ed,2019-01,North Wales Police,North Wales Police,-3.490363,53.321767,On or near Shopping Area,W01000240,Denbighshire 004E,Shoplifting,Investigation complete; no suspect identified,
82c898574226dda9f6ca765373dbf0821b28311cdf9b604ec3566de8e216acd9,2019-01,North Wales Police,North Wales Police,-3.491633,53.320295,On or near Queen Street,W01000240,Denbighshire 004E,Shoplifting,Local resolution,
06701a3ef24f0618ae1aff31a9d437c4251c1ff59b82af72aa3fdcdf3c1ff064,2019-01,North Wales Police,North Wales Police,-3.490360,53.321677,On or near Parking Area,W01000240,Denbighshire 004E,Shoplifting,Investigation complete; no suspect identified,
76bae2bfc4ac9a78fa31b4c7ba12a0bde16d545f3037e2c41516bc98dca435c2,2019-01,North Wales Police,North Wales Police,-3.490360,53.321677,On or near Parking Area,W01000240,Denbighshire 004E,Shoplifting,Investigation complete; no suspect identified,
4bead7eec2174a4d76edd36062b6d152cf63d50666ef44afe7d64f06a597cd92,2019-01,North Wales Police,North Wales Police,-3.489688,53.320077,On or near St Helens Place,W01000240,Denbighshire 004E,Shoplifting,Awaiting court outcome,
5b0e14ba2d95d9d737d8517c4326f6e62f30c22f33928f674daa0a66e2f57a1a,2019-01,North Wales Police,North Wales Police,-3.491633,53.320295,On or near Queen Street,W01000240,Denbighshire 004E,Shoplifting,Offender given a caution,
b6998c9ed16426e9ec55188ce61e4b0f7686ba57169b03cab46247282b6dda52,2019-01,North Wales Police,North Wales Police,-3.492589,53.320598,On or near Sussex Street,W01000240,Denbighshire 004E,Shoplifting,Offender fined,
f6994cdc4babbe5be7dd65a0080cda0fe6d164b6f5624717e2deb12d9ee2891f,2019-01,North Wales Police,North Wales Police,-3.491633,53.320295,On or near Queen Street,W01000240,Denbighshire 004E,Shoplifting,Awaiting court outcome,
911630778fb1a0eda9123e284e697d0360f9b031b5d052a210eb3d5719ebe5fb,2019-01,North Wales Police,North Wales Police,-3.492374,53.321742,On or near Nightclub,W01000240,Denbighshire 004E,Theft from the person,Investigation complete; no suspect identified,
44c7d0bd5f6793f135a6d33da76f0def31febc3cb8f0f342a8a23421fc8606fc,2019-01,North Wales Police,North Wales Police,-3.489604,53.321965,On or near Stryd Yr Eglwys,W01000240,Denbighshire 004E,Violence and sexual offences,Unable to prosecute suspect,
c12d8c40cd69659370c4cf2dbe67f38814f1611124ddec883999f3443190fdee,2019-01,North Wales Police,North Wales Police,-3.489604,53.321965,On or near Stryd Yr Eglwys,W01000240,Denbighshire 004E,Violence and sexual offences,Under investigation,
1d1c8cd5e275b056a6d2a26a9369776a65af6526a849f15bf601ede0653aca60,2019-01,North Wales Police,North Wales Police,-3.492374,53.321742,On or near Nightclub,W01000240,Denbighshire 004E,Violence and sexual offences,Under investigation,
e8324e501a03f01dcfe91da1e7102fadf462b189db4e9dd83d470f77f15d1498,2019-01,North Wales Police,North Wales Police,-3.489671,53.322603,On or near Parking Area,W01000240,Denbighshire 004E,Violence and sexual offences,Unable to prosecute suspect,
335deeaa6759392a78230c78ec6d0c32e85297224807f50cf543afeb23781535,2019-01,North Wales Police,North Wales Police,-3.487603,53.321838,On or near Stryd Y Baddon,W01000240,Denbighshire 004E,Violence and sexual offences,Unable to prosecute suspect,
5197ab6a5c9e633e7bd2cf09215cac37896899a85b4a43d9f45accbf4ad52f0a,2019-01,North Wales Police,North Wales Police,-3.489671,53.322603,On or near Parking Area,W01000240,Denbighshire 004E,Violence and sexual offences,Unable to prosecute suspect,
8c6f697c5c369bce58d481c09e669e67097254ee01b45e9f5df19980d9e8f54c,2019-01,North Wales Police,North Wales Police,-3.489216,53.319444,On or near Stryd Cilmael,W01000240,Denbighshire 004E,Violence and sexual offences,Offender given community sentence,
b0b3f13f5f3b30845f345fcca69e029b545b423ca9ff5305a1899528cc0f9d8a,2019-01,North Wales Police,North Wales Police,-3.492328,53.316978,On or near West Kinmel Street,W01000240,Denbighshire 004E,Violence and sexual offences,Under investigation,
3f1e788191fcaacdd33d561de7996bc01177cbb446f417bbee1c8fc935e760ab,2019-01,North Wales Police,North Wales Police,-3.492589,53.320598,On or near Sussex Street,W01000240,Denbighshire 004E,Violence and sexual offences,Unable to prosecute suspect,
9b44cd24cc48a6994616a6449d76a519b0430976cf5e2fc5035fa048e0c19eb9,2019-01,North Wales Police,North Wales Police,-3.490356,53.318135,On or near Stryd Cilmael,W01000240,Denbighshire 004E,Violence and sexual offences,Unable to prosecute suspect,
d9dd2b67f8561197d6464f7588730a392318e3ff83fdf1e44fb5311b1f09ce4f,2019-01,North Wales Police,North Wales Police,-3.487603,53.321838,On or near Stryd Y Baddon,W01000240,Denbighshire 004E,Violence and sexual offences,Unable to prosecute suspect,
f5f3e9f18084bfe4cd670c2c6c5d180a608ce1082ff4d3482d701bbc342eee14,2019-01,North Wales Police,North Wales Police,-3.492589,53.320598,On or near Sussex Street,W01000240,Denbighshire 004E,Violence and sexual offences,Unable to prosecute suspect,
99373165cef8ca3721024822c6ba28552b671e5b69e5fc140c9f1ffb52fc386c,2019-01,North Wales Police,North Wales Police,-3.491268,53.318879,On or near Windsor Street,W01000240,Denbighshire 004E,Violence and sexual offences,Under investigation,
0169ef1935a2fc0c84e8d225702bfa498b33475268ea17571aeb57b5d00cc162,2019-01,North Wales Police,North Wales Police,-3.494721,53.320175,On or near Parking Area,W01000240,Denbighshire 004E,Violence and sexual offences,Unable to prosecute suspect,
70e192c523ec06805328d70b592739ed61033c396f1f55612341c3ad788c7a1e,2019-01,North Wales Police,North Wales Police,-3.492589,53.320598,On or near Sussex Street,W01000240,Denbighshire 004E,Violence and sexual offences,Under investigation,
b370cdd96374f5bb47aa5f5fee7a6ee44e83c341784057274067893560a2e80e,2019-01,North Wales Police,North Wales Police,-3.492328,53.316978,On or near West Kinmel Street,W01000240,Denbighshire 004E,Violence and sexual offences,Unable to prosecute suspect,
5ec1ced17eb3b38ea7696d33f6f08655696efcbd26c00f93ae0c2aa0ec61f17d,2019-01,North Wales Police,North Wales Police,-3.492374,53.321742,On or near Nightclub,W01000240,Denbighshire 004E,Violence and sexual offences,Under investigation,
16a9bcff83229601eba4542d2004778f02de44f17ee307971232462c7e695c72,2019-01,North Wales Police,North Wales Police,-3.491007,53.319584,On or near Rhyl Police Station,W01000240,Denbighshire 004E,Violence and sexual offences,Unable to prosecute suspect,
321b7903f26d72f8b91658b63ce9e5b41855045ab301f8aabd1261809bbba817,2019-01,North Wales Police,North Wales Police,-3.493376,53.319491,On or near Bedford Street,W01000240,Denbighshire 004E,Violence and sexual offences,Unable to prosecute suspect,
18e5bae258f6312547e34a1d9f93df4487950da0cac923700f66ab8a47ac53b0,2019-01,North Wales Police,North Wales Police,-3.491633,53.320295,On or near Queen Street,W01000240,Denbighshire 004E,Violence and sexual offences,Further investigation is not in the public interest,
bc8ee4a2f02658050b3a96fb296ff464b720f4008658571ac7bff9b1b85eb6a0,2019-01,North Wales Police,North Wales Police,-3.490360,53.321677,On or near Parking Area,W01000240,Denbighshire 004E,Violence and sexual offences,Unable to prosecute suspect,
8ecf64e52902853458e12163b85bda397d3596fc2f3afe2ab360030934f40c07,2019-01,North Wales Police,North Wales Police,-3.489216,53.319444,On or near Stryd Cilmael,W01000240,Denbighshire 004E,Violence and sexual offences,Offender given community sentence,
795d820d22578073abb36e6ec7b77c91cc1014ded7ab5da756a431493e9d4486,2019-01,North Wales Police,North Wales Police,-3.489216,53.319444,On or near Stryd Cilmael,W01000240,Denbighshire 004E,Violence and sexual offences,Unable to prosecute suspect,
3deb84231ba433e4e5d1356cce21f01daf60064d23929317ca5afc129c32c26e,2019-01,North Wales Police,North Wales Police,-3.489216,53.319444,On or near Stryd Cilmael,W01000240,Denbighshire 004E,Violence and sexual offences,Offender given community sentence,
e0c4b7a4aa63e3186b0e6a81b3d06f495f2bfdcffcad9db9c7dd1794a50da792,2019-01,North Wales Police,North Wales Police,-3.489794,53.320947,On or near Shopping Area,W01000240,Denbighshire 004E,Violence and sexual offences,Under investigation,
09852696d6f25327a84b30cd5b0777470dc93e8054f7d5caf4c60ac840f2d481,2019-01,North Wales Police,North Wales Police,-3.492944,53.317878,On or near Princes Street,W01000240,Denbighshire 004E,Violence and sexual offences,Unable to prosecute suspect,
f98a97cbf55e9569d0b45bb9fd33324dcd3e417eb404f5ec3e36214772a3a809,2019-01,North Wales Police,North Wales Police,-3.489604,53.321965,On or near Stryd Yr Eglwys,W01000240,Denbighshire 004E,Violence and sexual offences,Unable to prosecute suspect,
b93397cf3e475ccf65ad89889521fc6a092ee8aab55fe7434abdee6f355af7a2,2019-01,North Wales Police,North Wales Police,-3.491007,53.319584,On or near Rhyl Police Station,W01000240,Denbighshire 004E,Violence and sexual offences,Offender given a caution,
68a4be12147ac46f1ce07294fef2c25dd9d2238b620f13321ac8f39acca8e91c,2019-01,North Wales Police,North Wales Police,-3.489794,53.320947,On or near Shopping Area,W01000240,Denbighshire 004E,Violence and sexual offences,Further investigation is not in the public interest,
0ea076fddee39e111518a2d723c8e9a6953241b297e2beecd04c00a250e88a37,2019-01,North Wales Police,North Wales Police,-3.491633,53.320295,On or near Queen Street,W01000240,Denbighshire 004E,Violence and sexual offences,Under investigation,
d31607144feb34832e7ae94b28d7035073c96ad7801f0cebd24c1035404202bc,2019-01,North Wales Police,North Wales Police,-3.493209,53.320734,On or near Sussex Lane,W01000240,Denbighshire 004E,Violence and sexual offences,Unable to prosecute suspect,
0d9c0e4e801e72a5f741b6f0abdfab2861ffd9410fcee1626a2ee013d650e90b,2019-01,North Wales Police,North Wales Police,-3.491633,53.320295,On or near Queen Street,W01000240,Denbighshire 004E,Violence and sexual offences,Unable to prosecute suspect,
6472251b755dc20795e4028338ec52acee57c6de3fb671d790359bbc39909a9b,2019-01,North Wales Police,North Wales Police,-3.487991,53.322651,On or near Morlan Park,W01000240,Denbighshire 004E,Violence and sexual offences,Unable to prosecute suspect,
bdd7929f47450b0aa58109f2cb485c0085931f9095adc8af40023e35a392ed17,2019-01,North Wales Police,North Wales Police,-3.491007,53.319584,On or near Rhyl Police Station,W01000240,Denbighshire 004E,Violence and sexual offences,Unable to prosecute suspect,
9656fb98af0211b43a319f049703cb4b450ef41c53e8000154d001163c48479f,2019-01,North Wales Police,North Wales Police,-3.489671,53.322603,On or near Parking Area,W01000240,Denbighshire 004E,Violence and sexual offences,Formal action is not in the public interest,
1f8f5980a2a5f47af75a286cf2558978f463b149c7e9d73b4fc2058f1b99dd6a,2019-01,North Wales Police,North Wales Police,-3.490192,53.319441,On or near Stryd Bodfor,W01000240,Denbighshire 004E,Violence and sexual offences,Under investigation,
e3296af5427b04a4491e2ad325c29306174130a3cf0dfaf3e8dc48d25c64a86e,2019-01,North Wales Police,North Wales Police,-3.493103,53.320277,On or near Water Street,W01000240,Denbighshire 004E,Violence and sexual offences,Unable to prosecute suspect,
b674589b54a0f617dc4c19b5c8225ae9a099f721e22bb0675a53a428ff1278fc,2019-01,North Wales Police,North Wales Police,-3.489671,53.322603,On or near Parking Area,W01000240,Denbighshire 004E,Violence and sexual offences,Unable to prosecute suspect,
1c713f17d3d41eccdeac1a37307e199498d85012a2d2038a49a225604de944a0,2019-01,North Wales Police,North Wales Police,-3.490363,53.321767,On or near Shopping Area,W01000240,Denbighshire 004E,Violence and sexual offences,Awaiting court outcome,
0773b68820446f03a59c5081f549c4247080c4d1bafe80cdf85e0e7bc8901558,2019-01,North Wales Police,North Wales Police,-3.489688,53.320077,On or near St Helens Place,W01000240,Denbighshire 004E,Violence and sexual offences,Unable to prosecute suspect,
956ed2067bd1f04eeb23514d4e23bdc77d8dda97cc1bc5c3ce70ee50a1eddeda,2019-01,North Wales Police,North Wales Police,-3.489688,53.320077,On or near St Helens Place,W01000240,Denbighshire 004E,Violence and sexual offences,Unable to prosecute suspect,
e83ee5f3c957bbf9461d1e254ea144585f95a7f9d70bb0ae5897e33674b55d0b,2019-01,North Wales Police,North Wales Police,-3.489671,53.322603,On or near Parking Area,W01000240,Denbighshire 004E,Violence and sexual offences,Formal action is not in the public interest,
99609960f005b5be11dc8e9576ce45cc9645867bf6a79cfe3d6ce67601cc8f95,2019-01,North Wales Police,North Wales Police,-3.489688,53.320077,On or near St Helens Place,W01000240,Denbighshire 004E,Violence and sexual offences,Unable to prosecute suspect,
f364ecc123002f8b8bb119ee8384d2bd1fa740b80ad96fedfd8168b8a0064123,2019-01,North Wales Police,North Wales Police,-3.490360,53.321677,On or near Parking Area,W01000240,Denbighshire 004E,Violence and sexual offences,Unable to prosecute suspect,
20bf1b811ad9d0a946e665800301de299694b83ceee4566fee0dcd4cf92bb4de,2019-01,North Wales Police,North Wales Police,-3.489216,53.319444,On or near Stryd Cilmael,W01000240,Denbighshire 004E,Violence and sexual offences,Offender given suspended prison sentence,
a66b16a1b6f9189c9c425a39dff384cd549b598d5bfc73e096b436d37c0d6a56,2019-01,North Wales Police,North Wales Police,-3.489794,53.320947,On or near Shopping Area,W01000240,Denbighshire 004E,Violence and sexual offences,Unable to prosecute suspect,
e18795fd1291920653fe7591e794613dcbd06697a1148dfa6e29854f44e5aa92,2019-01,North Wales Police,North Wales Police,-3.488374,53.318978,On or near Bus/Coach Station,W01000240,Denbighshire 004E,Violence and sexual offences,Unable to prosecute suspect,
,2019-01,North Wales Police,North Wales Police,-3.497107,53.313700,On or near Victoria Avenue,W01000241,Denbighshire 004F,Anti-social behaviour,,
,2019-01,North Wales Police,North Wales Police,-3.501721,53.314289,On or near Wellington Road,W01000241,Denbighshire 004F,Anti-social behaviour,,
,2019-01,North Wales Police,North Wales Police,-3.501738,53.315206,On or near Osborne Grove,W01000241,Denbighshire 004F,Anti-social behaviour,,
,2019-01,North Wales Police,North Wales Police,-3.498436,53.315652,On or near Wellington Road,W01000241,Denbighshire 004F,Anti-social behaviour,,
,2019-01,North Wales Police,North Wales Police,-3.497107,53.313700,On or near Victoria Avenue,W01000241,Denbighshire 004F,Anti-social behaviour,,
7517278abf9d6ddcbf4cd8e30339aaff4e2f7a4fdb05097db364a9765902c7ae,2019-01,North Wales Police,North Wales Police,-3.497107,53.313700,On or near Victoria Avenue,W01000241,Denbighshire 004F,Burglary,Under investigation,
06e4a74518778dfba0a9464d2ab39f46f9553edc450f2e9e371a06981490195c,2019-01,North Wales Police,North Wales Police,-3.501738,53.315206,On or near Osborne Grove,W01000241,Denbighshire 004F,Criminal damage and arson,Unable to prosecute suspect,
ad0e50e331af0e2fed819beeefcf1770f6534e1ee1476b268f7f6edbe5d43568,2019-01,North Wales Police,North Wales Police,-3.497995,53.313761,On or near Seabank Road,W01000241,Denbighshire 004F,Public order,Unable to prosecute suspect,
dabae91f70ef5716f797d3c81bede39374f82bae005de4b3bac8c53eb091d4a8,2019-01,North Wales Police,North Wales Police,-3.497107,53.313700,On or near Victoria Avenue,W01000241,Denbighshire 004F,Public order,Under investigation,
c0cff5f2ff901bb8a02e7fcffc169e25d552f7acf2e9a158b8bbf6c75719bb56,2019-01,North Wales Police,North Wales Police,-3.498715,53.314201,On or near Wood Road,W01000241,Denbighshire 004F,Public order,Investigation complete; no suspect identified,
d9008f0848f6680c0f87fe5b0cb6573ddec14616f5589a4c23b5bfc5c414f50e,2019-01,North Wales Police,North Wales Police,-3.502760,53.315256,On or near Sydenham Avenue,W01000241,Denbighshire 004F,Shoplifting,Awaiting court outcome,
b7e5c0cf8492ca5cfb4703179d94cecc16bc6aa0047726437c2f74e6fc8fe069,2019-01,North Wales Police,North Wales Police,-3.502760,53.315256,On or near Sydenham Avenue,W01000241,Denbighshire 004F,Shoplifting,Awaiting court outcome,
e76e61aceeb809f53930cdced7a422aae1eda3347255b53dfcc17f6d2fb4449e,2019-01,North Wales Police,North Wales Police,-3.498715,53.314201,On or near Wood Road,W01000241,Denbighshire 004F,Shoplifting,Awaiting court outcome,
1e0e44e0d06cc838a91815b681c5a313b487d1c8426c4f11061ba5297152c825,2019-01,North Wales Police,North Wales Police,-3.498715,53.314201,On or near Wood Road,W01000241,Denbighshire 004F,Shoplifting,Investigation complete; no suspect identified,
d40040beb4dd578b2c4f10ad2844b7c8f79c1b019f094b7e4318bec1b0246479,2019-01,North Wales Police,North Wales Police,-3.501564,53.315819,On or near Sandringham Avenue,W01000241,Denbighshire 004F,Vehicle crime,Investigation complete; no suspect identified,
3976d3564275a0724774c0e13774b137c89f03c56c3767b943be83d4cff3f3e2,2019-01,North Wales Police,North Wales Police,-3.502186,53.315569,On or near Balmoral Grove,W01000241,Denbighshire 004F,Violence and sexual offences,Action to be taken by another organisation,
95dbd22e0a92c543dcb4be3ecaf5bec2fb78923a500030ba21315b29ab97f093,2019-01,North Wales Police,North Wales Police,-3.501564,53.315819,On or near Sandringham Avenue,W01000241,Denbighshire 004F,Violence and sexual offences,Under investigation,
2b00e7eb74990fed0bf3c34509af36b72ae0d5a7891633b2c612e7265d3ad302,2019-01,North Wales Police,North Wales Police,-3.498436,53.315652,On or near Wellington Road,W01000241,Denbighshire 004F,Violence and sexual offences,Awaiting court outcome,
f364bbbe4dcb80916beacdf6f0bc93ae3a64837a36b5ad75ec6b8af19b13bc89,2019-01,North Wales Police,North Wales Police,-3.497107,53.313700,On or near Victoria Avenue,W01000241,Denbighshire 004F,Violence and sexual offences,Under investigation,
30d1e83c07c0dbb948c0a429a654370335b0df6a24a75aff84694614e73cf04f,2019-01,North Wales Police,North Wales Police,-3.502186,53.315569,On or near Balmoral Grove,W01000241,Denbighshire 004F,Violence and sexual offences,Unable to prosecute suspect,
b6e1a9d47e2b0a85189aa854f45b8888893da7c87b30e8def851a764526ac132,2019-01,North Wales Police,North Wales Police,-3.498436,53.315652,On or near Wellington Road,W01000241,Denbighshire 004F,Violence and sexual offences,Awaiting court outcome,
6fced97e6883008079e8d712a7a4d44d00086f49a6254ec231d6c7dcaa4a21cf,2019-01,North Wales Police,North Wales Police,-3.500437,53.317047,On or near North Avenue,W01000241,Denbighshire 004F,Violence and sexual offences,Action to be taken by another organisation,
3d6e7445088f778611c3c56f0e83125f5152fd94f704cab278fb4a357f589a1d,2019-01,North Wales Police,North Wales Police,-3.501738,53.315206,On or near Osborne Grove,W01000241,Denbighshire 004F,Violence and sexual offences,Unable to prosecute suspect,
8adbfe89f1936afda320e5c961b1818a5642b13514db9c6cc3f8e3f4d402c863,2019-01,North Wales Police,North Wales Police,-3.496087,53.315025,On or near Buckley Avenue,W01000241,Denbighshire 004F,Violence and sexual offences,Unable to prosecute suspect,
7a7d3f403db288ff75143acb5b9ffd1c0f44acf074203044a671c3f4250782e7,2019-01,North Wales Police,North Wales Police,-3.500424,53.315825,On or near Lake Avenue,W01000241,Denbighshire 004F,Violence and sexual offences,Unable to prosecute suspect,
7089e7d00218fbd26909ee3b2767f9da6ed5225289a4f5c54b28914a30680b2c,2019-01,North Wales Police,North Wales Police,-3.498793,53.315126,On or near West Street,W01000241,Denbighshire 004F,Violence and sexual offences,Action to be taken by another organisation,
2030faa1875bf565d690a8e1526dca83f5017b1b2e3b478cde4ab0b6f894dd90,2019-01,North Wales Police,North Wales Police,-3.501564,53.315819,On or near Sandringham Avenue,W01000241,Denbighshire 004F,Other crime,Further investigation is not in the public interest,
5eef496e68b57c658e7ac8b1c9e057be71c7ce10db186598db294f6f52c864bf,2019-01,North Wales Police,North Wales Police,-3.502186,53.315569,On or near Balmoral Grove,W01000241,Denbighshire 004F,Other crime,Under investigation,
,2019-01,North Wales Police,North Wales Police,-3.479965,53.314579,On or near Aled Avenue,W01000236,Denbighshire 006A,Anti-social behaviour,,
,2019-01,North Wales Police,North Wales Police,-3.481926,53.313125,On or near Cefndy Road,W01000236,Denbighshire 006A,Anti-social behaviour,,
,2019-01,North Wales Police,North Wales Police,-3.488611,53.316305,On or near Clwyd Avenue,W01000236,Denbighshire 006A,Anti-social behaviour,,
,2019-01,North Wales Police,North Wales Police,-3.480572,53.310877,On or near Parking Area,W01000236,Denbighshire 006A,Anti-social behaviour,,
3e442e3878e4962541ee92759c0731db057b95498714e3b7e210b21848422e99,2019-01,North Wales Police,North Wales Police,-3.488611,53.316305,On or near Clwyd Avenue,W01000236,Denbighshire 006A,Burglary,Under investigation,
73e9530c95729d06c7f620519d7a27a855533e0c31fb56039c14a0b8e2fa1588,2019-01,North Wales Police,North Wales Police,-3.478834,53.313991,On or near Maes Cefndy,W01000236,Denbighshire 006A,Criminal damage and arson,Under investigation,
7b9c747b1f8ee10214d07e2801a16577d6bdfde4f9630d0a84c92b5027fc8d6b,2019-01,North Wales Police,North Wales Police,-3.485339,53.313712,On or near Parc Fforddlas,W01000236,Denbighshire 006A,Criminal damage and arson,Investigation complete; no suspect identified,
f7a687c91ec1291ef44894bde967a552769343a1e7d5aeb241238016590c8c23,2019-01,North Wales Police,North Wales Police,-3.485339,53.313712,On or near Parc Fforddlas,W01000236,Denbighshire 006A,Criminal damage and arson,Investigation complete; no suspect identified,
5ca03ffa622a933b4e3ba0ebd3b2280e96a8e5737410f76ec438e310df184195,2019-01,North Wales Police,North Wales Police,-3.485339,53.313712,On or near Parc Fforddlas,W01000236,Denbighshire 006A,Criminal damage and arson,Investigation complete; no suspect identified,
3b52cb4d37d06bd24dc15de61b8716211de344edc580c476ff06b070749147dd,2019-01,North Wales Police,North Wales Police,-3.487238,53.314381,On or near Ffordd Las,W01000236,Denbighshire 006A,Criminal damage and arson,Investigation complete; no suspect identified,
238ef7f46b8d90e9f8019cd90faf51bca4d3bfe6c4e7532daf5669d1879c8aaf,2019-01,North Wales Police,North Wales Police,-3.485339,53.313712,On or near Parc Fforddlas,W01000236,Denbighshire 006A,Criminal damage and arson,Investigation complete; no suspect identified,
f8c2ac41ab2fd447dccaf099ccc1be0ef86643713e77b4b62e88d0d05555cf6c,2019-01,North Wales Police,North Wales Police,-3.485339,53.313712,On or near Parc Fforddlas,W01000236,Denbighshire 006A,Criminal damage and arson,Investigation complete; no suspect identified,
24246ecde0eacff25852044b383338e86e59917137d5ba35047ad9f4e920c942,2019-01,North Wales Police,North Wales Police,-3.483865,53.317102,On or near Williams Street,W01000236,Denbighshire 006A,Drugs,Offender given a drugs possession warning,
06a6faebee089b9a767368dd43157a3c5e21848d08b53194e06e7b23ea24d54e,2019-01,North Wales Police,North Wales Police,-3.486895,53.318322,On or near Petrol Station,W01000236,Denbighshire 006A,Other theft,Investigation complete; no suspect identified,
90aea30f9b6a0331583635e51a1ae6343f64b6ec51c8246109d75b13ff65c4df,2019-01,North Wales Police,North Wales Police,-3.479965,53.314579,On or near Aled Avenue,W01000236,Denbighshire 006A,Other theft,Investigation complete; no suspect identified,
ee1817d2fbbceb8150c4fce565cbb4536f1124102af84003c755fced46ee895c,2019-01,North Wales Police,North Wales Police,-3.484260,53.315515,On or near Victoria Road,W01000236,Denbighshire 006A,Public order,Unable to prosecute suspect,
ba0d6f4a3732c73a791257a78942cc1a11701f31773b96296a623000c660a30c,2019-01,North Wales Police,North Wales Police,-3.483805,53.314082,On or near Kingsley Avenue,W01000236,Denbighshire 006A,Public order,Under investigation,
1f088ca77be6ae40b24ff73d217a742906277697b99935b44c495b479c1a24f0,2019-01,North Wales Police,North Wales Police,-3.483865,53.317102,On or near Williams Street,W01000236,Denbighshire 006A,Public order,Unable to prosecute suspect,
8cf4b4a739981c876770bf348d28dd4c08125d7459e01313d15360fba0581fcc,2019-01,North Wales Police,North Wales Police,-3.486895,53.318322,On or near Petrol Station,W01000236,Denbighshire 006A,Shoplifting,Under investigation,
b04c4eb09921048035c184f3463ac378580243eb0ce7742d9b97d90f090993e2,2019-01,North Wales Police,North Wales Police,-3.487697,53.316766,On or near Gamlin Street,W01000236,Denbighshire 006A,Shoplifting,Awaiting court outcome,
4d77854df2faa957f49627fa7eb2e4e0b0038ada37189e3ba9a8ef9a0b34ceb4,2019-01,North Wales Police,North Wales Police,-3.487697,53.316766,On or near Gamlin Street,W01000236,Denbighshire 006A,Shoplifting,Awaiting court outcome,
a4f86ec571c64a23b43de6ce2fb6b933feb56c9cb39922bd7b5038cfe909f4ac,2019-01,North Wales Police,North Wales Police,-3.485050,53.319226,On or near Shopping Area,W01000236,Denbighshire 006A,Shoplifting,Investigation complete; no suspect identified,
d8e1a6b22e43a3b625a47b0dd05c73c3e5197c8eb7299171320570a023810229,2019-01,North Wales Police,North Wales Police,-3.485050,53.319226,On or near Shopping Area,W01000236,Denbighshire 006A,Shoplifting,Unable to prosecute suspect,
90b7d5823f13c4d5b6b4b7fa3a43f3eaab4b63b5efc0d436518dbcb5cb93a85f,2019-01,North Wales Police,North Wales Police,-3.487697,53.316766,On or near Gamlin Street,W01000236,Denbighshire 006A,Shoplifting,Investigation complete; no suspect identified,
184550f32a08131a47c0e91c86abda1bb2bae53e59ca5f0bbb7c39639d0639ed,2019-01,North Wales Police,North Wales Police,-3.481926,53.313125,On or near Cefndy Road,W01000236,Denbighshire 006A,Violence and sexual offences,Unable to prosecute suspect,
d8357e15f26a41c9b831197ef231e58a759df5eefb45e4ea04409c64eb86ec08,2019-01,North Wales Police,North Wales Police,-3.485735,53.316476,On or near Ernest Street,W01000236,Denbighshire 006A,Violence and sexual offences,Unable to prosecute suspect,
fc7acdfccab2ffcc65df37fa8d6df7ec345d5f307634085d14ccb5a667147465,2019-01,North Wales Police,North Wales Police,-3.488611,53.316305,On or near Clwyd Avenue,W01000236,Denbighshire 006A,Violence and sexual offences,Under investigation,
34fdd5f2aa59913b4d2b3690254e7b7db5c349729071127c5502d897ae019f7a,2019-01,North Wales Police,North Wales Police,-3.485339,53.313712,On or near Parc Fforddlas,W01000236,Denbighshire 006A,Violence and sexual offences,Awaiting court outcome,
ff72e8640a2a735cef954d8e49380bd6bd78bd9cf95ad5c8a879cb21eac1993c,2019-01,North Wales Police,North Wales Police,-3.479305,53.313311,On or near Meredith Crescent,W01000236,Denbighshire 006A,Violence and sexual offences,Unable to prosecute suspect,
8ad89688b28ee70ab3a9a165e6f2ce834db467ac6a43d0c2103c125c14f5fa9f,2019-01,North Wales Police,North Wales Police,-3.486132,53.317541,On or near Vezey Street,W01000236,Denbighshire 006A,Violence and sexual offences,Unable to prosecute suspect,
a1e72cf7a1b8c537318cf187e96e5782f14065f0e8f35c2588464d2a188a3479,2019-01,North Wales Police,North Wales Police,-3.479305,53.313311,On or near Meredith Crescent,W01000236,Denbighshire 006A,Violence and sexual offences,Under investigation,
90530a21d693b4e266bc77311afdd6fac5007690a86e71c97cf324c816601beb,2019-01,North Wales Police,North Wales Police,-3.481931,53.314141,On or near Walford Avenue,W01000236,Denbighshire 006A,Violence and sexual offences,Action to be taken by another organisation,
6fc4901bc31c6aa587af5f45841ae950176adb215135d3fb9a84226d3378ed63,2019-01,North Wales Police,North Wales Police,-3.484260,53.315515,On or near Victoria Road,W01000236,Denbighshire 006A,Violence and sexual offences,Unable to prosecute suspect,
b171be52245ddf1db4415054bc224508f4020483b50f0e4eda058ffd79283e1a,2019-01,North Wales Police,North Wales Police,-3.481926,53.313125,On or near Cefndy Road,W01000236,Denbighshire 006A,Violence and sexual offences,Unable to prosecute suspect,
f6cbc295aca774710d3bb791b2e4dfe92ca00b8c4023b7f623a0165550d232b0,2019-01,North Wales Police,North Wales Police,-3.479305,53.313311,On or near Meredith Crescent,W01000236,Denbighshire 006A,Violence and sexual offences,Unable to prosecute suspect,
3c4d328c8dd6e3de573107329793792f986654f7fd7d2fe27a624e07bcc4539f,2019-01,North Wales Police,North Wales Police,-3.483865,53.317102,On or near Williams Street,W01000236,Denbighshire 006A,Violence and sexual offences,Investigation complete; no suspect identified,
b1f14340caa2ef119c6120332fc7ed00e5af3112b017d6bd9df6f28091b678a2,2019-01,North Wales Police,North Wales Police,-3.481926,53.313125,On or near Cefndy Road,W01000236,Denbighshire 006A,Violence and sexual offences,Awaiting court outcome,
86dfd8011f4ef29d261e873ba4e0053869bf524fc9b9106ce18bf8e4232989a6,2019-01,North Wales Police,North Wales Police,-3.481869,53.316254,On or near Vale Park,W01000236,Denbighshire 006A,Violence and sexual offences,Under investigation,
d9ddbe1fa512801ddccbba4539c3c3c1636b87759f35b3f98a894b631c844642,2019-01,North Wales Police,North Wales Police,-3.478834,53.313991,On or near Maes Cefndy,W01000236,Denbighshire 006A,Violence and sexual offences,Action to be taken by another organisation,
d1a0d305b424ff2f8ebcfb8769145daafa7ed4275d7f06845086026db0c60329,2019-01,North Wales Police,North Wales Police,-3.481926,53.313125,On or near Cefndy Road,W01000236,Denbighshire 006A,Violence and sexual offences,Further investigation is not in the public interest,
,2019-01,North Wales Police,North Wales Police,-3.491244,53.312173,On or near Sports/Recreation Area,W01000237,Denbighshire 006B,Anti-social behaviour,,
,2019-01,North Wales Police,North Wales Police,-3.488681,53.314426,On or near Menai Avenue,W01000237,Denbighshire 006B,Anti-social behaviour,,
fc7b6f28f03dd2ea6e064ce1aef8b8d9b58e5d2746efbbea77b804a1e2bc280c,2019-01,North Wales Police,North Wales Police,-3.493209,53.312994,On or near Haddon Close,W01000237,Denbighshire 006B,Criminal damage and arson,Investigation complete; no suspect identified,
d03e884e3db2b99b156ad0fd0a13de6db637ae8d3219703597dde463a7b55835,2019-01,North Wales Police,North Wales Police,-3.491448,53.311128,On or near Sports/Recreation Area,W01000237,Denbighshire 006B,Criminal damage and arson,Under investigation,
3619c3fe920e9f9f930053f1610cd52de19237a8c2393759f5144bfa548783a4,2019-01,North Wales Police,North Wales Police,-3.488681,53.314426,On or near Menai Avenue,W01000237,Denbighshire 006B,Criminal damage and arson,Under investigation,
503f82a8e41eb5c59b59c7340776eae5efd7d9faad7633243a5c1f90f59f4b5f,2019-01,North Wales Police,North Wales Police,-3.491244,53.312173,On or near Sports/Recreation Area,W01000237,Denbighshire 006B,Public order,Unable to prosecute suspect,
ce7e35eb2f7296003454cc432a4ba5c0052edca1fdf6e9ff4de7ea09835c6ae3,2019-01,North Wales Police,North Wales Police,-3.490061,53.315271,On or near Sports/Recreation Area,W01000237,Denbighshire 006B,Public order,Investigation complete; no suspect identified,
93aa70deee009254011ff1a896d2ab471bb702609bc053f2cf54c4e7510092a2,2019-01,North Wales Police,North Wales Police,-3.488394,53.312218,On or near Brookes Avenue,W01000237,Denbighshire 006B,Public order,Unable to prosecute suspect,
15c726a7c6d6000338b0d17668e7300e14a34c1ac7c1a774db82f593b15f98fc,2019-01,North Wales Police,North Wales Police,-3.492449,53.312284,On or near Rhydwen Drive,W01000237,Denbighshire 006B,Violence and sexual offences,Unable to prosecute suspect,
676059a8605bf725aa275da79324b35b8fb32963d262e4210c27dec2109e8492,2019-01,North Wales Police,North Wales Police,-3.488394,53.312218,On or near Brookes Avenue,W01000237,Denbighshire 006B,Violence and sexual offences,Unable to prosecute suspect,
380676bbf076e78c89abb6688df189fb73ff791e8016cf2f686b6cc692606fc8,2019-01,North Wales Police,North Wales Police,-3.488681,53.314426,On or near Menai Avenue,W01000237,Denbighshire 006B,Violence and sexual offences,Under investigation,
a0ce00ec02ff6a5c80f4e1b48a8c03cf8ecb480c4b431582b299b4efccfe688d,2019-01,North Wales Police,North Wales Police,-3.488394,53.312218,On or near Brookes Avenue,W01000237,Denbighshire 006B,Violence and sexual offences,Unable to prosecute suspect,
5bf67afc8e400facf2482642ab624d92a241724d9cb47db1abeef6d3e05af38f,2019-01,North Wales Police,North Wales Police,-3.492449,53.312284,On or near Rhydwen Drive,W01000237,Denbighshire 006B,Violence and sexual offences,Unable to prosecute suspect,
f79905b2a1fe30fb6614f73095437d5f5ee34db847b5a94dfe2f5a9324e388fa,2019-01,North Wales Police,North Wales Police,-3.491244,53.312173,On or near Sports/Recreation Area,W01000237,Denbighshire 006B,Violence and sexual offences,Unable to prosecute suspect,
f99434c94c844e12ba631680f3263fb524e83c54af1a6883a106038c5ebed82b,2019-01,North Wales Police,North Wales Police,-3.488681,53.314426,On or near Menai Avenue,W01000237,Denbighshire 006B,Violence and sexual offences,Awaiting court outcome,
3466f0846c4a18793b1c7e634afac0f780954e5529ef2bdde1f079a3a3bedd87,2019-01,North Wales Police,North Wales Police,-3.488681,53.314426,On or near Menai Avenue,W01000237,Denbighshire 006B,Violence and sexual offences,Awaiting court outcome,
1814dcfd2c99cb091d0ed7da89a3c11b8b798aa6808a297670f8a1ecb0d53324,2019-01,North Wales Police,North Wales Police,-3.492449,53.312284,On or near Rhydwen Drive,W01000237,Denbighshire 006B,Violence and sexual offences,Unable to prosecute suspect,
44f4959c2a2a3dffa722ae72b8e3062583224a60f27f67c0141bf95853ec6605,2019-01,North Wales Police,North Wales Police,-3.491244,53.312173,On or near Sports/Recreation Area,W01000237,Denbighshire 006B,Violence and sexual offences,Unable to prosecute suspect,
2b4cf654253c7084908cf205592e47708bb2022b65ead1c651cec8f7b937f72f,2019-01,North Wales Police,North Wales Police,-3.494059,53.313675,On or near Thornton Close,W01000237,Denbighshire 006B,Violence and sexual offences,Under investigation,
e175d952c857c130c9f28f16e28865c77b7830aff18b01e5d570b0e684b8cee9,2019-01,North Wales Police,North Wales Police,-3.491244,53.312173,On or near Sports/Recreation Area,W01000237,Denbighshire 006B,Violence and sexual offences,Unable to prosecute suspect,
b4ec3c4b21f20f5e0e3f5953c88a0bc1e7e0174f327465652faddbb9625e5bc6,2019-01,North Wales Police,North Wales Police,-3.492449,53.312284,On or near Rhydwen Drive,W01000237,Denbighshire 006B,Other crime,Under investigation,
32329321b958c7d8c646d730d15ea4e783082c43cca4242228d282510ba93a40,2019-01,North Wales Police,North Wales Police,-3.492449,53.312284,On or near Rhydwen Drive,W01000237,Denbighshire 006B,Other crime,Under investigation,
,2019-01,North Wales Police,North Wales Police,-3.475332,53.315176,On or near Petrol Station,W01000238,Denbighshire 006C,Anti-social behaviour,,
,2019-01,North Wales Police,North Wales Police,-3.479480,53.317066,On or near Knowsley Avenue,W01000238,Denbighshire 006C,Anti-social behaviour,,
c20d1e93e05eb2117ac17230cdb505fded2c9220a39ecec10fc241c8757ccea0,2019-01,North Wales Police,North Wales Police,-3.478616,53.318992,On or near Clifton Avenue,W01000238,Denbighshire 006C,Criminal damage and arson,Investigation complete; no suspect identified,
2ea3c2031ad16d935c4170b109cc8a6da9baedb26f33067acbdf0f32a6014abe,2019-01,North Wales Police,North Wales Police,-3.479020,53.318519,On or near Brookdale Road,W01000238,Denbighshire 006C,Public order,Unable to prosecute suspect,
4d335d1c4e2465012e00ba330dc3014509274e657c335e0d836c3b1af9a46851,2019-01,North Wales Police,North Wales Police,-3.480640,53.316737,On or near Vale Road,W01000238,Denbighshire 006C,Violence and sexual offences,Under investigation,
d37040cacf04e340bd837e82139d53d2f55a03e5cfbcfd3b9897e71e102a332d,2019-01,North Wales Police,North Wales Police,-3.480640,53.316737,On or near Vale Road,W01000238,Denbighshire 006C,Violence and sexual offences,Unable to prosecute suspect,
1bbf12f13cdfb02bed6a068aaa25969e0d6ea9e2bd17f625327d41f402a7a1bf,2019-01,North Wales Police,North Wales Police,-3.472822,53.315513,On or near Tudor Avenue,W01000238,Denbighshire 006C,Violence and sexual offences,Unable to prosecute suspect,
414520f2579ce6e1622bdc9e995b8c6f86e9b19b95cd24b2eccdf418a1d818b1,2019-01,North Wales Police,North Wales Police,-3.481743,53.317802,On or near The Crescent,W01000238,Denbighshire 006C,Violence and sexual offences,Investigation complete; no suspect identified,
befbb12bc708b701571ebdda489028982790cdef95b35b56887fa572c29ee3f6,2019-01,North Wales Police,North Wales Police,-3.472822,53.315513,On or near Tudor Avenue,W01000238,Denbighshire 006C,Violence and sexual offences,Unable to prosecute suspect,
a6a6f5fa58ba04c1fa48d1a6f59ff8f52eab84565c7759577f2fd502ed63691a,2019-01,North Wales Police,North Wales Police,-3.480640,53.316737,On or near Vale Road,W01000238,Denbighshire 006C,Violence and sexual offences,Under investigation,
,2019-01,North Wales Police,North Wales Police,-3.412923,53.300434,On or near Y Stryd Fawr,W01000200,Denbighshire 008A,Anti-social behaviour,,
,2019-01,North Wales Police,North Wales Police,-3.412692,53.299322,On or near Thomas Avenue,W01000200,Denbighshire 008A,Anti-social behaviour,,
620bfcfca023aa567f72b6c439235676662ed8fc2a5bc70346f882ca9622bdf0,2019-01,North Wales Police,North Wales Police,-3.415060,53.299240,On or near Sports/Recreation Area,W01000200,Denbighshire 008A,Burglary,Under investigation,
c9c4e94e3b2c353730f41e3df6750c8662f0ca0295a8476c817e6e2501bbf2e5,2019-01,North Wales Police,North Wales Police,-3.412923,53.300434,On or near Y Stryd Fawr,W01000200,Denbighshire 008A,Shoplifting,Investigation complete; no suspect identified,
acd103f6100cdd713b95c7fa608a3e43040062d1ae98b251b10c21bef7532c94,2019-01,North Wales Police,North Wales Police,-3.412923,53.300434,On or near Y Stryd Fawr,W01000200,Denbighshire 008A,Violence and sexual offences,Under investigation,
907882959ffe231c27cf61e9e55af98a147d89d1f629e7ab3e9413025483fd9b,2019-01,North Wales Police,North Wales Police,-3.412158,53.300874,On or near Parc Hiraddug,W01000200,Denbighshire 008A,Violence and sexual offences,Unable to prosecute suspect,
bc38ed2e36ef6854fbf6d2c6977815cbc13d5a7dd0ff7a60034f52ba58f13484,2019-01,North Wales Police,North Wales Police,-3.412692,53.299322,On or near Thomas Avenue,W01000200,Denbighshire 008A,Violence and sexual offences,Under investigation,
,2019-01,North Wales Police,North Wales Police,-3.425540,53.326892,On or near Ffordd Pant Y Celyn,W01000201,Denbighshire 008B,Anti-social behaviour,,
,2019-01,North Wales Police,North Wales Police,-3.425540,53.326892,On or near Ffordd Pant Y Celyn,W01000201,Denbighshire 008B,Anti-social behaviour,,
,2019-01,North Wales Police,North Wales Police,-3.425540,53.326892,On or near Ffordd Pant Y Celyn,W01000201,Denbighshire 008B,Anti-social behaviour,,
aff6e79c31cb20528c39a25b9cf6db039249197724a5f12be348c4e3a1d83915,2019-01,North Wales Police,North Wales Police,-3.416492,53.296274,On or near St Asaph Road,W01000201,Denbighshire 008B,Burglary,Awaiting court outcome,
e610f168dc95f3ebcca14874964fb71f6a261ba379748df86f2aac484c9b133b,2019-01,North Wales Police,North Wales Police,-3.420186,53.301318,On or near Maes Hyfryd,W01000201,Denbighshire 008B,Criminal damage and arson,Investigation complete; no suspect identified,
51d328da789fde2f8a2922b2124171e7916aad58f0f57c3947b0f4599465b1d2,2019-01,North Wales Police,North Wales Police,-3.419696,53.302852,On or near Maes-Y-Llys,W01000201,Denbighshire 008B,Other theft,Unable to prosecute suspect,
d806c9e27ee2b22bb3c23dd5a1d13eeaad86d4df8d575bb5adadb8a2e056695e,2019-01,North Wales Police,North Wales Police,-3.420186,53.301318,On or near Maes Hyfryd,W01000201,Denbighshire 008B,Public order,Under investigation,
913350db27eedbd8ad04bd9e627029c839fa33118341277d7ca9fd1a345d3686,2019-01,North Wales Police,North Wales Police,-3.424945,53.325254,On or near Cwrt Berllan,W01000201,Denbighshire 008B,Public order,Formal action is not in the public interest,
859f7fa598865e6b3b3521eb95f445d7a835e364e010f5d0189d5c66e0595a8b,2019-01,North Wales Police,North Wales Police,-3.426370,53.327017,On or near Crud Yr Awel,W01000201,Denbighshire 008B,Violence and sexual offences,Under investigation,
8bcfe8dc7165fa1041e0dbaa7d47523eddb26919f80f1cfbd7194e00b3b413e4,2019-01,North Wales Police,North Wales Police,-3.425540,53.326892,On or near Ffordd Pant Y Celyn,W01000201,Denbighshire 008B,Violence and sexual offences,Further investigation is not in the public interest,
3266ce909d407525b40eeae0ca69c0693e0cb61ecf2d1a79c01a51d4f664796f,2019-01,North Wales Police,North Wales Police,-3.416492,53.296274,On or near St Asaph Road,W01000201,Denbighshire 008B,Violence and sexual offences,Unable to prosecute suspect,
8d2cfab77cdc58464965543a2dcf1585dcfec84644b60b9d32b07e810bbdcbe4,2019-01,North Wales Police,North Wales Police,-3.420186,53.301318,On or near Maes Hyfryd,W01000201,Denbighshire 008B,Violence and sexual offences,Under investigation,
e3660ee5e4c320162dff99ed5f86d9704cc20f722da90846fdbf2df7dda47c71,2019-01,North Wales Police,North Wales Police,-3.426370,53.327017,On or near Crud Yr Awel,W01000201,Denbighshire 008B,Violence and sexual offences,Under investigation,
263e4cc76f4d2b3486fd410ce18b12f66532c33469c1e01016f7925bffa81241,2019-01,North Wales Police,North Wales Police,-3.419696,53.302852,On or near Maes-Y-Llys,W01000201,Denbighshire 008B,Violence and sexual offences,Unable to prosecute suspect,
c425b837e81cd94c126633cd45fec685d9046014f1b260e96c34acebdc38a373,2019-01,North Wales Police,North Wales Police,-3.420186,53.301318,On or near Maes Hyfryd,W01000201,Denbighshire 008B,Violence and sexual offences,Under investigation,
,2019-01,North Wales Police,North Wales Police,-3.412243,53.316200,On or near The Grove,W01000217,Denbighshire 008C,Anti-social behaviour,,
,2019-01,North Wales Police,North Wales Police,-3.418060,53.315511,On or near Rhodfa Hendre,W01000217,Denbighshire 008C,Anti-social behaviour,,
2049c2d42c7e2ea2d7e01ba2f473cbe2ee769a49acfd201d783b55f1bad66cd7,2019-01,North Wales Police,North Wales Police,-3.409995,53.317225,On or near Ffordd Bryn Melyd,W01000217,Denbighshire 008C,Burglary,Under investigation,
d0db421b8ea82a150aba6444af289b3f37eaefa5a5fac16802422314868f0324,2019-01,North Wales Police,North Wales Police,-3.415379,53.314347,On or near Rhodfa Graig,W01000217,Denbighshire 008C,Drugs,Offender given a drugs possession warning,
73959db9ec7f88605acf5dcd49078cbff82f680a88500332e88255caddb22739,2019-01,North Wales Police,North Wales Police,-3.410877,53.316639,On or near Llwyn Mesen,W01000217,Denbighshire 008C,Public order,Under investigation,
45d18a53e6290b5830ea98c56889092c0d9a5222f4911e9b7e303f5379148b57,2019-01,North Wales Police,North Wales Police,-3.418060,53.315511,On or near Rhodfa Hendre,W01000217,Denbighshire 008C,Public order,Under investigation,
cdc5d7948c6c792779d25814d231715cf75152e3eba23f3367185e831b816793,2019-01,North Wales Police,North Wales Police,-3.407354,53.317705,On or near Manod Road,W01000217,Denbighshire 008C,Public order,Under investigation,
45d10f025a3964fae24ad7c1a88119a53a770d3efef32b171af17d5fc31d2eb1,2019-01,North Wales Police,North Wales Police,-3.409086,53.316957,On or near Ffordd Talargoch,W01000217,Denbighshire 008C,Violence and sexual offences,Action to be taken by another organisation,
148528cc016869616792b6a68e2c7ca74b9de99865d3791059e33bc3e059d77e,2019-01,North Wales Police,North Wales Police,-3.414276,53.315484,On or near Ffordd Pennant,W01000217,Denbighshire 008C,Violence and sexual offences,Unable to prosecute suspect,
c3d33f71472a7599ff79f2d725e886eda0249339daf457987a332eb2565caf91,2019-01,North Wales Police,North Wales Police,-3.410849,53.315354,On or near Ochr Y Bryn,W01000217,Denbighshire 008C,Violence and sexual offences,Unable to prosecute suspect,
fc8358fcd310d0111ad59cb4e219fd89d89d6dc52142b00bfa444f75e1dbbd2c,2019-01,North Wales Police,North Wales Police,-3.409086,53.316957,On or near Ffordd Talargoch,W01000217,Denbighshire 008C,Violence and sexual offences,Action to be taken by another organisation,
54501a43e4d24a9d50790573d0e410b0413804b80692d30c8cbea9f1c4f66f40,2019-01,North Wales Police,North Wales Police,-3.409086,53.316957,On or near Ffordd Talargoch,W01000217,Denbighshire 008C,Violence and sexual offences,Action to be taken by another organisation,
1101fb065175254edad2f4993fe24fdfb4aae77ea740f8c2716b4be36fef5841,2019-01,North Wales Police,North Wales Police,-3.405984,53.317128,On or near Brynllys East,W01000217,Denbighshire 008C,Violence and sexual offences,Unable to prosecute suspect,
95979578913ff6067e3abbfad9bde33edb42b999e52cc2b3fb7279b8146fdbaf,2019-01,North Wales Police,North Wales Police,-3.410849,53.315354,On or near Ochr Y Bryn,W01000217,Denbighshire 008C,Violence and sexual offences,Unable to prosecute suspect,
6127bf15945eaa45770e5491a2b60499a5464e02cb56871874c38394549cfbc8,2019-01,North Wales Police,North Wales Police,-3.418060,53.315511,On or near Rhodfa Hendre,W01000217,Denbighshire 008C,Violence and sexual offences,Under investigation,
ce5eb9ba0fe5e6983ccf8f4b3dfafbbce0b26e1d48c93b06e9514155d91fc50c,2019-01,North Wales Police,North Wales Police,-3.366060,53.273166,On or near A55,W01000248,Denbighshire 008D,Drugs,Awaiting court outcome,
f6e8e04bfe78262e3d014a9e87285f461d80f198b1c9b0b59f199d2fccdb0604,2019-01,North Wales Police,North Wales Police,-3.409607,53.288598,On or near Ffordd-Y-Cwm,W01000248,Denbighshire 008D,Vehicle crime,Under investigation,
,2019-01,North Wales Police,North Wales Police,-3.455760,53.266298,On or near The Roe,W01000191,Denbighshire 009A,Anti-social behaviour,,
4abf047ae2aae26a799e3ddb03c34ea7f21c4fbf3d32355ac648d1b8dd3f8e34,2019-01,North Wales Police,North Wales Police,-3.501532,53.269146,On or near Clos Dinas Bran,W01000191,Denbighshire 009A,Burglary,Investigation complete; no suspect identified,
f11e1a3fc1de7f795cfb7be0adc3349b182a86a5e4eeaf44146acac717e247cd,2019-01,North Wales Police,North Wales Police,-3.499164,53.270030,On or near Rhodfa Flint,W01000191,Denbighshire 009A,Criminal damage and arson,Unable to prosecute suspect,
6c432308bd6706ddd93608d0f1c808e76b2f241a3343567c46fe6320f9818f43,2019-01,North Wales Police,North Wales Police,-3.499164,53.270030,On or near Rhodfa Flint,W01000191,Denbighshire 009A,Criminal damage and arson,Unable to prosecute suspect,
5c040bec53973c57f1622d8c02be64802f6c9d960d9827edd28c301bbd585f49,2019-01,North Wales Police,North Wales Police,-3.478161,53.257590,On or near Ffordd Richard Davies,W01000191,Denbighshire 009A,Criminal damage and arson,Unable to prosecute suspect,
9c6f4b777cbf82dc0d5b89d8239636306f69236f5d1fe59e2508b48fe9bca6e6,2019-01,North Wales Police,North Wales Police,-3.508919,53.268549,On or near Park Avenue,W01000191,Denbighshire 009A,Criminal damage and arson,Under investigation,
170d255957ea28da575c5560dfff610a56aead618e28c9bbc36bfec2a95dfa89,2019-01,North Wales Police,North Wales Police,-3.478161,53.257590,On or near Ffordd Richard Davies,W01000191,Denbighshire 009A,Drugs,Further investigation is not in the public interest,
a3ea0beefbe3c9c1c443625810e34c16049e467f455bb25d932ea3208ef8e916,2019-01,North Wales Police,North Wales Police,-3.506615,53.261027,On or near Hillcrest Court,W01000191,Denbighshire 009A,Drugs,Local resolution,
656f585fe65ee4ae2dd0f07cd6307ba42ff48837af5fe1cc661931d23148c63a,2019-01,North Wales Police,North Wales Police,-3.478161,53.257590,On or near Ffordd Richard Davies,W01000191,Denbighshire 009A,Drugs,Under investigation,
0b241a5ef90c95c1f3856ada9dcf02f608a922d6dee84d2eafc6df736c64d668,2019-01,North Wales Police,North Wales Police,-3.512879,53.269443,On or near St Barbara'S Avenue,W01000191,Denbighshire 009A,Other theft,Investigation complete; no suspect identified,
9d7985dea73ec0245a064818276f1c49ddec8ea3fd94fae46548d94b3969903a,2019-01,North Wales Police,North Wales Police,-3.512879,53.269443,On or near St Barbara'S Avenue,W01000191,Denbighshire 009A,Other theft,Investigation complete; no suspect identified,
ac7b1238f8c25ee868751121bc2ba4194a7bafb5d14d835d340c231d65e9d1b7,2019-01,North Wales Police,North Wales Police,-3.499164,53.270030,On or near Rhodfa Flint,W01000191,Denbighshire 009A,Other theft,Under investigation,
ccbeb0e66181b992e897021e6c3bb943bfbf40fe920843df99e18d5a0e12ddd9,2019-01,North Wales Police,North Wales Police,-3.455760,53.266298,On or near The Roe,W01000191,Denbighshire 009A,Public order,Under investigation,
3d8dab7ff02918deef761c493b86f61d95140b827b1e7b1641049723a0cb10e4,2019-01,North Wales Police,North Wales Police,-3.499164,53.270030,On or near Rhodfa Flint,W01000191,Denbighshire 009A,Public order,Unable to prosecute suspect,
59b18ae09c8cc98db7af4a823a0259acc669a70e314ae59fc7520a32ac7d550a,2019-01,North Wales Police,North Wales Police,-3.499164,53.270030,On or near Rhodfa Flint,W01000191,Denbighshire 009A,Theft from the person,Unable to prosecute suspect,
c542edd68726d4231a2edaeb34d9f8c0e53f7b81c49428f3d7fb70b0fa6c84b2,2019-01,North Wales Police,North Wales Police,-3.499164,53.270030,On or near Rhodfa Flint,W01000191,Denbighshire 009A,Vehicle crime,Investigation complete; no suspect identified,
a5f02dc2b25f653264aa7142e084880584a792025312c039d8dd05a18e218a06,2019-01,North Wales Police,North Wales Police,-3.455760,53.266298,On or near The Roe,W01000191,Denbighshire 009A,Violence and sexual offences,Action to be taken by another organisation,
c01ae0de776d90afe27bd075d4f8cedd0054baacae7627121e08ef0f1559a043,2019-01,North Wales Police,North Wales Police,-3.499164,53.270030,On or near Rhodfa Flint,W01000191,Denbighshire 009A,Violence and sexual offences,Unable to prosecute suspect,
98f051d21a3d5cf48dfec94d41c3f76eb62d6443b35c7eab1847cecc4bf7489d,2019-01,North Wales Police,North Wales Police,-3.510194,53.253655,On or near Glascoed Road,W01000191,Denbighshire 009A,Violence and sexual offences,Unable to prosecute suspect,
cc645d86787f8e821d461fdd9a3b982a82dcffa187a3147ca6d5a0857b74d53a,2019-01,North Wales Police,North Wales Police,-3.510194,53.253655,On or near Glascoed Road,W01000191,Denbighshire 009A,Violence and sexual offences,Unable to prosecute suspect,
b9e23091a5e12489a4a62a7d8c02cc9324e51a73d02d067f568de3ba37a0d0fa,2019-01,North Wales Police,North Wales Police,-3.478161,53.257590,On or near Ffordd Richard Davies,W01000191,Denbighshire 009A,Violence and sexual offences,Under investigation,
86b156e6418ef62a136e4482b56772f2fa0e40771f2247592e6c11d657a7b8b2,2019-01,North Wales Police,North Wales Police,-3.478161,53.257590,On or near Ffordd Richard Davies,W01000191,Denbighshire 009A,Violence and sexual offences,Awaiting court outcome,
b985a7de6678e4eef44eab34830ff982a8833ae0988374a52f4192311e6866cb,2019-01,North Wales Police,North Wales Police,-3.478161,53.257590,On or near Ffordd Richard Davies,W01000191,Denbighshire 009A,Violence and sexual offences,Awaiting court outcome,
f4849282d16af7b33d06aee1f0818fcbdd808ca9fbff9505e8ff02c25e7dc399,2019-01,North Wales Police,North Wales Police,-3.478161,53.257590,On or near Ffordd Richard Davies,W01000191,Denbighshire 009A,Violence and sexual offences,Unable to prosecute suspect,
8435e0833c1ecd0a76e07145fa3d37ca750590c539b5dfce5219d3f081ffa5fd,2019-01,North Wales Police,North Wales Police,-3.499164,53.270030,On or near Rhodfa Flint,W01000191,Denbighshire 009A,Violence and sexual offences,Unable to prosecute suspect,
2ea42af9caefac791881789850bd079275f0732d44a01c7f7f2a9559658677d0,2019-01,North Wales Police,North Wales Police,-3.508919,53.268549,On or near Park Avenue,W01000191,Denbighshire 009A,Violence and sexual offences,Unable to prosecute suspect,
ec4c55804e1447e7b4dee3dd91bd387610b9aa9cf4e108a7cdbfa1c6d6be5d8d,2019-01,North Wales Police,North Wales Police,-3.507317,53.270313,On or near Ronaldsway,W01000191,Denbighshire 009A,Violence and sexual offences,Unable to prosecute suspect,
f7999c2c6a2cfc24d42f2cdc9c5501f169ac27a9aab98135eb74b46a72e73696,2019-01,North Wales Police,North Wales Police,-3.499164,53.270030,On or near Rhodfa Flint,W01000191,Denbighshire 009A,Violence and sexual offences,Unable to prosecute suspect,
a6094caac1f36d81feaf88193da9afd6ef02aa7b74eee8a173ed25e379fed0c7,2019-01,North Wales Police,North Wales Police,-3.510194,53.253655,On or near Glascoed Road,W01000191,Denbighshire 009A,Violence and sexual offences,Unable to prosecute suspect,
542778d5596b225dac66c0b6ac30b049ba9b353c315e087c58647fbf04e309cb,2019-01,North Wales Police,North Wales Police,-3.506615,53.261027,On or near Hillcrest Court,W01000191,Denbighshire 009A,Other crime,Unable to prosecute suspect,
,2019-01,North Wales Police,North Wales Police,-3.487969,53.309077,On or near Cefndy Road,W01000223,Denbighshire 009B,Anti-social behaviour,,
0a42c931058c14936bcfb95246502505d1b282d9ab0c8e6d4f55232df97e00d3,2019-01,North Wales Police,North Wales Police,-3.487969,53.309077,On or near Cefndy Road,W01000223,Denbighshire 009B,Burglary,Investigation complete; no suspect identified,
903a15e76d48b8dfd14f7ec6cfc48959cab9ea620315429477fd9b7f984b5048,2019-01,North Wales Police,North Wales Police,-3.487969,53.309077,On or near Cefndy Road,W01000223,Denbighshire 009B,Burglary,Investigation complete; no suspect identified,
0264d5bd58a1eb573a5d40ffe85e25296a56144ad2da6a2d4b9e615e63fa7550,2019-01,North Wales Police,North Wales Police,-3.487969,53.309077,On or near Cefndy Road,W01000223,Denbighshire 009B,Criminal damage and arson,Investigation complete; no suspect identified,
f20ec6424e0c8018349b98d8dc981718809c581b78e18bf22c3a617cf529bd94,2019-01,North Wales Police,North Wales Police,-3.487969,53.309077,On or near Cefndy Road,W01000223,Denbighshire 009B,Other theft,Investigation complete; no suspect identified,
e630fa424c3b0e0ed8dd1c5c05d896de28850f928821130ed4288edcaf567a80,2019-01,North Wales Police,North Wales Police,-3.468535,53.302603,On or near Supermarket,W01000223,Denbighshire 009B,Shoplifting,Awaiting court outcome,
4eb5eb00f405a37afb3004d981324a0fcbf87bb464cc5eeccd393ef214ca6078,2019-01,North Wales Police,North Wales Police,-3.468535,53.302603,On or near Supermarket,W01000223,Denbighshire 009B,Shoplifting,Under investigation,
3520933ec146f1d3bd22bf3d7a8f61efbc7325819029e4753c19ac5322b2576e,2019-01,North Wales Police,North Wales Police,-3.487969,53.309077,On or near Cefndy Road,W01000223,Denbighshire 009B,Violence and sexual offences,Action to be taken by another organisation,
03d10831a93632792ae436551cb4b41370c74bc04a622f66cd351f45951a33f6,2019-01,North Wales Police,North Wales Police,-3.487969,53.309077,On or near Cefndy Road,W01000223,Denbighshire 009B,Violence and sexual offences,Unable to prosecute suspect,
739984eb6f20134649995d6d81ae2e4dec08594c9cade377af28db03d8311d29,2019-01,North Wales Police,North Wales Police,-3.487969,53.309077,On or near Cefndy Road,W01000223,Denbighshire 009B,Other crime,Under investigation,
58eacf467fa54b4c8e7e78d0eac3218b4d407f60ae1691515f7e2ede630c4a61,2019-01,North Wales Police,North Wales Police,-3.456907,53.322504,On or near Maes-Y-Gog,W01000223,Denbighshire 009B,Other crime,Under investigation,
8d33ea49927f7f1072d074ca136c19ab4b412da0d5d8439993a16a07ba3fae62,2019-01,North Wales Police,North Wales Police,-3.487969,53.309077,On or near Cefndy Road,W01000223,Denbighshire 009B,Other crime,Under investigation,
f887d0e62e5651ed4da824d4473cf96e051e60bb13ab04923f448f9f72b51dd5,2019-01,North Wales Police,North Wales Police,-3.460559,53.295770,On or near Maes-Y-Bryn,W01000224,Denbighshire 009C,Public order,Awaiting court outcome,
b8de700dc221422e2eccfa9d47556185febb0b14f4560a8cb0c201f5d0a1e353,2019-01,North Wales Police,North Wales Police,-3.464688,53.293238,On or near Berllan Avenue,W01000224,Denbighshire 009C,Violence and sexual offences,Under investigation,
8a2a73aca309f57234735f501d9bab9787e9a0f75143829897506c14a5613068,2019-01,North Wales Police,North Wales Police,-3.464359,53.294563,On or near Clos-Y-Berllan,W01000224,Denbighshire 009C,Violence and sexual offences,Unable to prosecute suspect,
fb1ba1417ae981c4e9be4e7a38f217153682cf67216142ae88e9cf2d59ab7c75,2019-01,North Wales Police,North Wales Police,-3.464359,53.294563,On or near Clos-Y-Berllan,W01000224,Denbighshire 009C,Violence and sexual offences,Unable to prosecute suspect,
68e769daca34c640e27b2db738b28a7c56f4f7c87f63d169f4a0219a45dda10d,2019-01,North Wales Police,North Wales Police,-3.460559,53.295770,On or near Maes-Y-Bryn,W01000224,Denbighshire 009C,Violence and sexual offences,Unable to prosecute suspect,
1e0256040456f212d0c94207a190f0f6845f0c236fbcab0cc46f3e5ef340a0df,2019-01,North Wales Police,North Wales Police,-3.464688,53.293238,On or near Berllan Avenue,W01000224,Denbighshire 009C,Violence and sexual offences,Under investigation,
,2019-01,North Wales Police,North Wales Police,-3.465382,53.290272,On or near Cross Street,W01000225,Denbighshire 009D,Anti-social behaviour,,
e547b55e2009ba3e4e0b75e4d14d07681db9d337a94a11abe0a8e84fa78ab4ba,2019-01,North Wales Police,North Wales Police,-3.466373,53.291167,On or near High Street,W01000225,Denbighshire 009D,Criminal damage and arson,Offender ordered to pay compensation,
5bd2b943edda0b960b4d86b4656a038d42d9839ef8be61c1034d036d1a3eda47,2019-01,North Wales Police,North Wales Police,-3.468485,53.291070,On or near Church Street,W01000225,Denbighshire 009D,Criminal damage and arson,Investigation complete; no suspect identified,
0b94274445ae15fe0b2a13859f7d5e300f0f22eb764749926ac71e2c54503eab,2019-01,North Wales Police,North Wales Police,-3.466525,53.291678,On or near Parc Edith,W01000225,Denbighshire 009D,Criminal damage and arson,Unable to prosecute suspect,
76f492089020c783c217d81a21da12e57496600cf91b091193305649a45106a3,2019-01,North Wales Police,North Wales Police,-3.465382,53.290272,On or near Cross Street,W01000225,Denbighshire 009D,Criminal damage and arson,Under investigation,
51b7817cc73a45e4a011ecdd445dfb89ea0ae6dd1a86c7d3fd6ae53965907734,2019-01,North Wales Police,North Wales Police,-3.466525,53.291678,On or near Parc Edith,W01000225,Denbighshire 009D,Possession of weapons,Offender sent to prison,
95039966f8a5a3fc3b96b96d652fbcc7f1cfb2f24112e148237fadcdc4de81bc,2019-01,North Wales Police,North Wales Police,-3.460541,53.288668,On or near Maes Y Castell,W01000225,Denbighshire 009D,Public order,Investigation complete; no suspect identified,
4968a8dd611b476662aa929ae546d4f8f3d41d216955319e26e87f399df7c427,2019-01,North Wales Police,North Wales Police,-3.466525,53.291678,On or near Parc Edith,W01000225,Denbighshire 009D,Violence and sexual offences,Unable to prosecute suspect,
d809b8d13c84ad34756e413ddeac5157e42cdafe3c3fac68280b3d618f8dc647,2019-01,North Wales Police,North Wales Police,-3.463120,53.291702,On or near Plas-Y-Brenin,W01000225,Denbighshire 009D,Violence and sexual offences,Unable to prosecute suspect,
9e15998291557c65c2505f51a05f315352b51dd2b5af434eccc6a6d945c3fa1d,2019-01,North Wales Police,North Wales Police,-3.466525,53.291678,On or near Parc Edith,W01000225,Denbighshire 009D,Violence and sexual offences,Unable to prosecute suspect,
1e386b7c74e3e87b16d5624440ca23f058dab7334fb2ab74a158d4787c683079,2019-01,North Wales Police,North Wales Police,-3.466373,53.291167,On or near High Street,W01000225,Denbighshire 009D,Violence and sexual offences,Unable to prosecute suspect,
f3540128c08d8fbfcf5c07b07ca4d355f645dbcc129b43472971ed1d47367161,2019-01,North Wales Police,North Wales Police,-3.468485,53.291070,On or near Church Street,W01000225,Denbighshire 009D,Violence and sexual offences,Under investigation,
,2019-01,North Wales Police,North Wales Police,-3.446647,53.258857,On or near Mill Street,W01000245,Denbighshire 010A,Anti-social behaviour,,
,2019-01,North Wales Police,North Wales Police,-3.445890,53.257275,On or near Lower Street,W01000245,Denbighshire 010A,Anti-social behaviour,,
,2019-01,North Wales Police,North Wales Police,-3.446647,53.258857,On or near Mill Street,W01000245,Denbighshire 010A,Anti-social behaviour,,
,2019-01,North Wales Police,North Wales Police,-3.446647,53.258857,On or near Mill Street,W01000245,Denbighshire 010A,Anti-social behaviour,,
,2019-01,North Wales Police,North Wales Police,-3.438185,53.255076,On or near Sports/Recreation Area,W01000245,Denbighshire 010A,Anti-social behaviour,,
,2019-01,North Wales Police,North Wales Police,-3.436766,53.252990,On or near Bryn Elwy,W01000245,Denbighshire 010A,Anti-social behaviour,,
54f2bbd6e71904db6943261359454f8eeb167628f2e9f5191948f8971f4a4961,2019-01,North Wales Police,North Wales Police,-3.445890,53.257275,On or near Lower Street,W01000245,Denbighshire 010A,Criminal damage and arson,Investigation complete; no suspect identified,
f93b0c97065d56a8fa1d2e42fd319345cbfb5d9bee5be77dd5e5d86c0d9ba527,2019-01,North Wales Police,North Wales Police,-3.438185,53.255076,On or near Sports/Recreation Area,W01000245,Denbighshire 010A,Criminal damage and arson,Under investigation,
47063ae259dff5a3d7355349cd0dfc0a6c67659ab230ae4661686cda69d598dd,2019-01,North Wales Police,North Wales Police,-3.442092,53.259793,On or near Rhodfa Glenys,W01000245,Denbighshire 010A,Other theft,Under investigation,
67a69806d8394e3d332063c11204885faa882bfc4c99aa532a0b850aa2b0d62e,2019-01,North Wales Police,North Wales Police,-3.441303,53.258176,On or near Bronwylfa Square,W01000245,Denbighshire 010A,Other theft,Unable to prosecute suspect,
e77ee7b3ae4ba15c96f2514e0fbdf261763cfef2aafcaeea15574148198bdd23,2019-01,North Wales Police,North Wales Police,-3.445706,53.258491,On or near Luke Street,W01000245,Denbighshire 010A,Public order,Unable to prosecute suspect,
a3cec7a93376b6212115008558002156a14cb5503344e553ecbfdebfbe7fca3a,2019-01,North Wales Police,North Wales Police,-3.444480,53.257715,On or near Gemig Street,W01000245,Denbighshire 010A,Public order,Formal action is not in the public interest,
b855b9e3c5a1eef75f1f401225366029af020e1ceed8391715bf4f6c3321a81a,2019-01,North Wales Police,North Wales Police,-3.442824,53.258391,On or near Cathedral Walk,W01000245,Denbighshire 010A,Vehicle crime,Court case unable to proceed,
ffd986845fb5c91cd69c5d69dc64d490c4aa7e35ec6c0608f59ad67921c21519,2019-01,North Wales Police,North Wales Police,-3.445706,53.258491,On or near Luke Street,W01000245,Denbighshire 010A,Vehicle crime,Offender given community sentence,
c1c73a7db9dfe13061cf1c37c1e8197927bce354b09003c4fb62018500b96f0b,2019-01,North Wales Police,North Wales Police,-3.442824,53.258391,On or near Cathedral Walk,W01000245,Denbighshire 010A,Vehicle crime,Court case unable to proceed,
36d3d4093d3f16cad462edfed47635a0388115177fa28a353d4f60ebc04ef942,2019-01,North Wales Police,North Wales Police,-3.446647,53.258857,On or near Mill Street,W01000245,Denbighshire 010A,Violence and sexual offences,Under investigation,
37fadf7d08af0ac7a720adc4f3ae99bf98d1e48b0a8c3c378451378d641f414e,2019-01,North Wales Police,North Wales Police,-3.445706,53.258491,On or near Luke Street,W01000245,Denbighshire 010A,Violence and sexual offences,Action to be taken by another organisation,
ed017fbc446601362aff86d3d0423602ff905a919e34d4fe0eadd5ddba2499dd,2019-01,North Wales Police,North Wales Police,-3.438185,53.255076,On or near Sports/Recreation Area,W01000245,Denbighshire 010A,Violence and sexual offences,Under investigation,
0a2f7d3bccffb4f139e0de47f93acffb5d702170050cd634191f137d4200e4c2,2019-01,North Wales Police,North Wales Police,-3.440823,53.254154,On or near Llys Alun,W01000245,Denbighshire 010A,Violence and sexual offences,Unable to prosecute suspect,
39fcee30b63dd8d8caee5aee72ea3d95b911310a9563c23caadb4a24fdb551b0,2019-01,North Wales Police,North Wales Police,-3.452292,53.259957,On or near Petrol Station,W01000246,Denbighshire 010B,Other theft,Unable to prosecute suspect,
3269df44a9fce1889774d25e6b20622f88ec89f2373b7ad0cf89b44f01574a1f,2019-01,North Wales Police,North Wales Police,-3.452292,53.259957,On or near Petrol Station,W01000246,Denbighshire 010B,Other theft,Investigation complete; no suspect identified,
4497b3a4e076215baec27348ec7ce238bd911b625284e970d16eae3e11cf881c,2019-01,North Wales Police,North Wales Police,-3.452292,53.259957,On or near Petrol Station,W01000246,Denbighshire 010B,Other theft,Investigation complete; no suspect identified,
bc63c392e77e537cfb38c484b75d8475428d3aecbc414f135085769acda85fba,2019-01,North Wales Police,North Wales Police,-3.452292,53.259957,On or near Petrol Station,W01000246,Denbighshire 010B,Other theft,Investigation complete; no suspect identified,
de4c0d55570ffa6220dfa5a09d15925bf09a68c04c092b6473927d7083ce9f8e,2019-01,North Wales Police,North Wales Police,-3.448968,53.256995,On or near Hospital,W01000246,Denbighshire 010B,Public order,Investigation complete; no suspect identified,
8ea44e4ae2d689199b12a8ab79fa770121206c33703883aa9151978eb3b91c0d,2019-01,North Wales Police,North Wales Police,-3.448968,53.256995,On or near Hospital,W01000246,Denbighshire 010B,Public order,Under investigation,
66e8a4e29051a4a25c0a241dd7773afe0c6c171ab33f56805676bc7ffecb890b,2019-01,North Wales Police,North Wales Police,-3.450950,53.258400,On or near Elwy Crescent,W01000246,Denbighshire 010B,Vehicle crime,Investigation complete; no suspect identified,
77fd5a4cdc3978810935009250651b842d2d017f83acda024a86bad1ead852ba,2019-01,North Wales Police,North Wales Police,-3.449377,53.256685,On or near The Roe,W01000246,Denbighshire 010B,Vehicle crime,Unable to prosecute suspect,
a2dfb00c08becf096a68f7ea6b35efffeeb109079cec8cf683a2a1b8eb08ef5a,2019-01,North Wales Police,North Wales Police,-3.449720,53.254406,On or near Llwyn Elwy,W01000246,Denbighshire 010B,Violence and sexual offences,Investigation complete; no suspect identified,
8f0f286617b95fadbba2561424b195d2d18742a47a4076a24a718ed94cec8858,2019-01,North Wales Police,North Wales Police,-3.449720,53.254406,On or near Llwyn Elwy,W01000246,Denbighshire 010B,Violence and sexual offences,Unable to prosecute suspect,
78d39eaa480f7d713ad6073e5fd0367ac47447c8ad838e491119dd653c577b78,2019-01,North Wales Police,North Wales Police,-3.454432,53.258097,On or near Ffordd Siarl,W01000246,Denbighshire 010B,Violence and sexual offences,Unable to prosecute suspect,
1e75e8085ed6ce7473da056f7218424c6739cd0f6119617f33ca25b34aee83f1,2019-01,North Wales Police,North Wales Police,-3.476536,53.251748,On or near Further/Higher Educational Building,W01000247,Denbighshire 010C,Violence and sexual offences,Under investigation,
,2019-01,North Wales Police,North Wales Police,-3.421771,53.183176,On or near Mount Pleasant,W01000194,Denbighshire 011A,Anti-social behaviour,,
,2019-01,North Wales Police,North Wales Police,-3.412097,53.185728,On or near Llys Y Gamog,W01000194,Denbighshire 011A,Anti-social behaviour,,
,2019-01,North Wales Police,North Wales Police,-3.422246,53.181247,On or near Love Lane,W01000194,Denbighshire 011A,Anti-social behaviour,,
,2019-01,North Wales Police,North Wales Police,-3.412097,53.185728,On or near Llys Y Gamog,W01000194,Denbighshire 011A,Anti-social behaviour,,
,2019-01,North Wales Police,North Wales Police,-3.421916,53.183049,On or near Parking Area,W01000194,Denbighshire 011A,Anti-social behaviour,,
,2019-01,North Wales Police,North Wales Police,-3.412097,53.185728,On or near Llys Y Gamog,W01000194,Denbighshire 011A,Anti-social behaviour,,
ee2f5ee09cee2dd9fa94fb841256f17e53394a0e09106e78a5c27b40f48bf9a4,2019-01,North Wales Police,North Wales Police,-3.421164,53.183372,On or near Portland Place,W01000194,Denbighshire 011A,Burglary,Investigation complete; no suspect identified,
29e962233feb4666bee2cad34db0442208c3477a33b29ebf8dc5b69f90a371d2,2019-01,North Wales Police,North Wales Police,-3.421771,53.183176,On or near Mount Pleasant,W01000194,Denbighshire 011A,Criminal damage and arson,Formal action is not in the public interest,
41d86b71984d6de9195a25fbe29e0ad69a953775505e940a4eb7c65a96d62105,2019-01,North Wales Police,North Wales Police,-3.417415,53.184972,On or near Parking Area,W01000194,Denbighshire 011A,Drugs,Offender fined,
e9a000d21696890be639514c7175d3a8b2dd3f5d8ceac74bcb15b593f34337bd,2019-01,North Wales Police,North Wales Police,-3.419858,53.183712,On or near Lon Gefn,W01000194,Denbighshire 011A,Other theft,Investigation complete; no suspect identified,
60ac35c89c93ab6b4e4a8bb3afdac3799cb918543f2df271780e7273234dc1b2,2019-01,North Wales Police,North Wales Police,-3.417964,53.183914,On or near Parking Area,W01000194,Denbighshire 011A,Other theft,Investigation complete; no suspect identified,
8f7ed40a0a1201fcf0ff4bdb9cef60e26ceb86e7ee8602d6def97242dbb9958e,2019-01,North Wales Police,North Wales Police,-3.420233,53.185101,On or near Water Street,W01000194,Denbighshire 011A,Possession of weapons,Offender sent to prison,
2979424c3db3ec99f6e036926c0309ae4fb715b7ed0203916bcc6f0954749a2e,2019-01,North Wales Police,North Wales Police,-3.420233,53.185101,On or near Water Street,W01000194,Denbighshire 011A,Public order,Offender sent to prison,
db22e8a168097fd6c2c88e8153c3ed0e6c2442556385815ab76cd71e6a748e8c,2019-01,North Wales Police,North Wales Police,-3.412907,53.186689,On or near Station Road,W01000194,Denbighshire 011A,Shoplifting,Investigation complete; no suspect identified,
8fe3c43bdc1692a4b4ce518c25b6c495f01c9548a7ba0b608a2a10d6af511a79,2019-01,North Wales Police,North Wales Police,-3.414326,53.186142,On or near Supermarket,W01000194,Denbighshire 011A,Shoplifting,Investigation complete; no suspect identified,
1b24976bd73b9305b00a82c6e16b48951d6c4c4cf0f3dd41ff3ce738eb7e3562,2019-01,North Wales Police,North Wales Police,-3.419185,53.183279,On or near Supermarket,W01000194,Denbighshire 011A,Shoplifting,Investigation complete; no suspect identified,
85f76c4255c3254e41d7ba76452edb0daf3ea23842cf0c359f3c8a91711877ba,2019-01,North Wales Police,North Wales Police,-3.412907,53.186689,On or near Station Road,W01000194,Denbighshire 011A,Shoplifting,Investigation complete; no suspect identified,
0148fce7a17d7612443f2cebe386b97c786fc3f4a049a2b58c34b4e113e33874,2019-01,North Wales Police,North Wales Police,-3.414326,53.186142,On or near Supermarket,W01000194,Denbighshire 011A,Shoplifting,Investigation complete; no suspect identified,
7e0531ac78179e732d3122efafa9b04d1e7c0101cc86a7114b06db1294857c12,2019-01,North Wales Police,North Wales Police,-3.419185,53.183279,On or near Supermarket,W01000194,Denbighshire 011A,Shoplifting,Investigation complete; no suspect identified,
a3e5b9a99544851e31ebb5587718f348973f4c4d3ee0a01875c2ba7f17d0de04,2019-01,North Wales Police,North Wales Police,-3.412907,53.186689,On or near Station Road,W01000194,Denbighshire 011A,Theft from the person,Investigation complete; no suspect identified,
b7528c1210808a19d21ad16e23b35b9d727a17c4ca93276a0f84a2622826f310,2019-01,North Wales Police,North Wales Police,-3.421771,53.183176,On or near Mount Pleasant,W01000194,Denbighshire 011A,Violence and sexual offences,Defendant found not guilty,
c01ca9e5d8a0bc41fa19638dbac5851ad5be38660d77df8b93bb517f51bf837f,2019-01,North Wales Police,North Wales Police,-3.414931,53.185433,On or near Vale Street,W01000194,Denbighshire 011A,Violence and sexual offences,Unable to prosecute suspect,
58cc0eafa47ce21f7a8c15d61b6d3681bf8edfffdb453feb249332b2a1eba884,2019-01,North Wales Police,North Wales Police,-3.412907,53.186689,On or near Station Road,W01000194,Denbighshire 011A,Violence and sexual offences,Investigation complete; no suspect identified,
1542b48c17c306ce81323df8e31c23549d27f2134154fd737f93f9e8f2c37e17,2019-01,North Wales Police,North Wales Police,-3.416027,53.186895,On or near Lon Goch,W01000194,Denbighshire 011A,Violence and sexual offences,Investigation complete; no suspect identified,
01a088d257e99f30fc6269f3e707d084099771e1cb0289c003041dc53352685d,2019-01,North Wales Police,North Wales Police,-3.414931,53.185433,On or near Vale Street,W01000194,Denbighshire 011A,Violence and sexual offences,Investigation complete; no suspect identified,
0473c6f0fb699f701d6a20367d12a721fa722f424861c25d71eca30fd676dfa2,2019-01,North Wales Police,North Wales Police,-3.414931,53.185433,On or near Vale Street,W01000194,Denbighshire 011A,Violence and sexual offences,Unable to prosecute suspect,
438eb2dd87352b461679373266c9ecfa7ffa613b2349e445b599973da6a1ef55,2019-01,North Wales Police,North Wales Police,-3.420988,53.183950,On or near Factory Place,W01000194,Denbighshire 011A,Violence and sexual offences,Local resolution,
2980cb5c75ff1d2bc09f6bbde18c06f8095355f944dc9abc038c2d3869137fd3,2019-01,North Wales Police,North Wales Police,-3.412907,53.186689,On or near Station Road,W01000194,Denbighshire 011A,Violence and sexual offences,Investigation complete; no suspect identified,
b2b5544f02d4424bcc53cdfc0e8aa7d7503019cb1c375785a977df28d2607b2d,2019-01,North Wales Police,North Wales Police,-3.412097,53.185728,On or near Llys Y Gamog,W01000194,Denbighshire 011A,Violence and sexual offences,Unable to prosecute suspect,
b87cb35d8cb5ec18d4f47e3de22d7a41373156eac1da76a7fc36dea20a34148a,2019-01,North Wales Police,North Wales Police,-3.419743,53.184315,On or near Lon Crown,W01000194,Denbighshire 011A,Violence and sexual offences,Unable to prosecute suspect,
d39143382198b39c1d50f52f40412cfab02b0ada6f3a4c7c0adf3a7e9e623470,2019-01,North Wales Police,North Wales Police,-3.424126,53.179750,On or near Llewelyn'S Estate,W01000194,Denbighshire 011A,Violence and sexual offences,Unable to prosecute suspect,
7ea767c80ea29ea929a45e0305f00bab23440fdeece62cbe0bfb487a9dad0c7a,2019-01,North Wales Police,North Wales Police,-3.420233,53.185101,On or near Water Street,W01000194,Denbighshire 011A,Violence and sexual offences,Awaiting court outcome,
fe369302fffc99ff6c35097861833a0fdb41d8c2afa23fc3aeb203aa1ecd37e0,2019-01,North Wales Police,North Wales Police,-3.420233,53.185101,On or near Water Street,W01000194,Denbighshire 011A,Violence and sexual offences,Unable to prosecute suspect,
a77dafb5b36b9c26a9a056d8aa00e946a52407307b09778701ed7a0089ea8c9b,2019-01,North Wales Police,North Wales Police,-3.421916,53.183049,On or near Parking Area,W01000194,Denbighshire 011A,Violence and sexual offences,Unable to prosecute suspect,
,2019-01,North Wales Police,North Wales Police,-3.425742,53.183354,On or near Maes Mathonwy,W01000198,Denbighshire 011B,Anti-social behaviour,,
,2019-01,North Wales Police,North Wales Police,-3.424107,53.184569,On or near Maes-Yr-Eglwys,W01000198,Denbighshire 011B,Anti-social behaviour,,
,2019-01,North Wales Police,North Wales Police,-3.427698,53.182323,On or near Myddelton Avenue,W01000198,Denbighshire 011B,Anti-social behaviour,,
,2019-01,North Wales Police,North Wales Police,-3.424107,53.184569,On or near Maes-Yr-Eglwys,W01000198,Denbighshire 011B,Anti-social behaviour,,
16ea2379e46e964a39ced0229864b1e7e14ab2bbba778ce4bd264c80d61cd113,2019-01,North Wales Police,North Wales Police,-3.425626,53.186609,On or near Pen Y Graig,W01000198,Denbighshire 011B,Criminal damage and arson,Investigation complete; no suspect identified,
d13ffcc00e4b768364c8bb9b8002d3623b88ec34330e13d0b35ee08769cc57b4,2019-01,North Wales Police,North Wales Police,-3.425742,53.183354,On or near Maes Mathonwy,W01000198,Denbighshire 011B,Criminal damage and arson,Unable to prosecute suspect,
3947df5e4fcfd46bf314b6dfe5688f55b4f3c664ff878287b77a704daa82bb91,2019-01,North Wales Police,North Wales Police,-3.426964,53.186782,On or near Bryn Seion,W01000198,Denbighshire 011B,Violence and sexual offences,Action to be taken by another organisation,
c73cece5aec0f302d41a78e3af34eff85e29dc684774fb36ae39785f3d499184,2019-01,North Wales Police,North Wales Police,-3.426025,53.182406,On or near Maesglas Avenue,W01000198,Denbighshire 011B,Violence and sexual offences,Under investigation,
4d7812b9d14749338da42ca39b7ce130c65e4aed6dc9e4d5a7e26713b6a3f8b1,2019-01,North Wales Police,North Wales Police,-3.426237,53.186072,On or near Crud Y Gwynt,W01000198,Denbighshire 011B,Violence and sexual offences,Under investigation,
447d5b3af9ea370382497f777018da556dca2e28a61cde009c2eeb7568dd5ead,2019-01,North Wales Police,North Wales Police,-3.429502,53.183452,On or near Maes Y Dre,W01000198,Denbighshire 011B,Violence and sexual offences,Unable to prosecute suspect,
278c1e691cf9586aa9081af0a8d593132a21ccffea7cd6d6ba661ade65abd800,2019-01,North Wales Police,North Wales Police,-3.426025,53.182406,On or near Maesglas Avenue,W01000198,Denbighshire 011B,Violence and sexual offences,Action to be taken by another organisation,
d3a9dbfa7dc635b591c20e45f1ff1bc115605f8ae4c860c1dec4eb01c1cac7dd,2019-01,North Wales Police,North Wales Police,-3.423654,53.183100,On or near Smithfield Road,W01000198,Denbighshire 011B,Violence and sexual offences,Unable to prosecute suspect,
c7166f17468b58290b08ff4e51787b63f1ec8ef2e2b8b65be4752f4778af4856,2019-01,North Wales Police,North Wales Police,-3.426237,53.186072,On or near Crud Y Gwynt,W01000198,Denbighshire 011B,Violence and sexual offences,Unable to prosecute suspect,
7b3f3e307f5cc3da951dd9bbdc551b33c2e7da1aa6a385a76b7492a3279800a5,2019-01,North Wales Police,North Wales Police,-3.423119,53.183223,On or near Pwll-Y-Grawys,W01000198,Denbighshire 011B,Violence and sexual offences,Unable to prosecute suspect,
f936150451fa6722c295b50872e624e45bbe3e1fb00fb5776d36b6541b56e5d0,2019-01,North Wales Police,North Wales Police,-3.429502,53.183452,On or near Maes Y Dre,W01000198,Denbighshire 011B,Violence and sexual offences,Under investigation,
9b2e40c5258d76a3cea414c85601f2c0dba0c35f2b21411d559e904299f1bb75,2019-01,North Wales Police,North Wales Police,-3.426237,53.186072,On or near Crud Y Gwynt,W01000198,Denbighshire 011B,Violence and sexual offences,Under investigation,
339277b80839bac64e32d3619b5bfd6c82520070b38b3c1960f803405763c720,2019-01,North Wales Police,North Wales Police,-3.423119,53.183223,On or near Pwll-Y-Grawys,W01000198,Denbighshire 011B,Violence and sexual offences,Unable to prosecute suspect,
e90ce60e5bb96bee4ca82a45c4513ba67332381917c7e5574ff0d364a3863c58,2019-01,North Wales Police,North Wales Police,-3.425742,53.183354,On or near Maes Mathonwy,W01000198,Denbighshire 011B,Violence and sexual offences,Unable to prosecute suspect,
a7cdd1601b833d4264c782db38ff86d849e3de8dcce72f8da625c70a1b1181ee,2019-01,North Wales Police,North Wales Police,-3.429502,53.183452,On or near Maes Y Dre,W01000198,Denbighshire 011B,Violence and sexual offences,Further investigation is not in the public interest,
8c8118da98aa75f8df765c6d640a192cf797e5842867700c714f83267956f832,2019-01,North Wales Police,North Wales Police,-3.425710,53.184649,On or near Stryd Henllan,W01000198,Denbighshire 011B,Violence and sexual offences,Unable to prosecute suspect,
e558e4017ee51ba58e08a61c9f2146ba5b5dec3cfed4de02061aac84d9797902,2019-01,North Wales Police,North Wales Police,-3.427306,53.185816,On or near Blaen-Y-Coed,W01000198,Denbighshire 011B,Violence and sexual offences,Unable to prosecute suspect,
92aca9858046ad70b8021eaf81112263641c693ae2a851ec009090a0404274bf,2019-01,North Wales Police,North Wales Police,-3.423119,53.183223,On or near Pwll-Y-Grawys,W01000198,Denbighshire 011B,Other crime,Unable to prosecute suspect,
,2019-01,North Wales Police,North Wales Police,-3.420615,53.172205,On or near Sports/Recreation Area,W01000199,Denbighshire 011C,Anti-social behaviour,,
,2019-01,North Wales Police,North Wales Police,-3.420615,53.172205,On or near Sports/Recreation Area,W01000199,Denbighshire 011C,Anti-social behaviour,,
,2019-01,North Wales Police,North Wales Police,-3.423552,53.182283,On or near Glas Meadow Lane,W01000199,Denbighshire 011C,Anti-social behaviour,,
,2019-01,North Wales Police,North Wales Police,-3.423552,53.182283,On or near Glas Meadow Lane,W01000199,Denbighshire 011C,Anti-social behaviour,,
1ca4da78e8c24923a171a4acf1a5ffa666a53e1e15186fe2d5d8668e155f5fe6,2019-01,North Wales Police,North Wales Police,-3.423552,53.182283,On or near Glas Meadow Lane,W01000199,Denbighshire 011C,Criminal damage and arson,Offender given community sentence,
131202ed7990cd076be97d8ad556421c12d797ee46e314249210a6991149b5a2,2019-01,North Wales Police,North Wales Police,-3.425641,53.181647,On or near Petrol Station,W01000199,Denbighshire 011C,Other theft,Investigation complete; no suspect identified,
814aaf0f9eda5b9270f9ade0a125f510e59089cf163c053bf4e291ffa7424051,2019-01,North Wales Police,North Wales Police,-3.425641,53.181647,On or near Petrol Station,W01000199,Denbighshire 011C,Violence and sexual offences,Unable to prosecute suspect,
43c85fa64ffe6ac3ec48c55a4c19c9c659178abcbe9f98f3293d61479198a861,2019-01,North Wales Police,North Wales Police,-3.431543,53.184075,On or near Gwaenynog Road,W01000199,Denbighshire 011C,Violence and sexual offences,Unable to prosecute suspect,
2165d05b0961e3f4924109c09a99363c76096776eb84efcf401118cc29072981,2019-01,North Wales Police,North Wales Police,-3.431543,53.184075,On or near Gwaenynog Road,W01000199,Denbighshire 011C,Violence and sexual offences,Unable to prosecute suspect,
5301590d1c99cce17b9732282414cb18ddc31248df7b870e974e8b1e485a4d23,2019-01,North Wales Police,North Wales Police,-3.420615,53.172205,On or near Sports/Recreation Area,W01000199,Denbighshire 011C,Violence and sexual offences,Action to be taken by another organisation,
,2019-01,North Wales Police,North Wales Police,-3.403827,53.183614,On or near Sports/Recreation Area,W01000195,Denbighshire 012A,Anti-social behaviour,,
7b78b40bf1c7df6af9a1fc3b2ba51e44c4ee5c36b9c10b5da9d6972303f09059,2019-01,North Wales Police,North Wales Police,-3.393880,53.182850,On or near Karen Court,W01000195,Denbighshire 012A,Burglary,Under investigation,
a78ea361812ca3f35259f4de49730211adb82927107429c551ff7bbe82372c5f,2019-01,North Wales Police,North Wales Police,-3.399435,53.182021,On or near Lon Derwen,W01000195,Denbighshire 012A,Other theft,Unable to prosecute suspect,
,2019-01,North Wales Police,North Wales Police,-3.410326,53.186926,On or near Pigot Road,W01000196,Denbighshire 012B,Anti-social behaviour,,
,2019-01,North Wales Police,North Wales Police,-3.409063,53.191328,On or near Petrol Station,W01000196,Denbighshire 012B,Anti-social behaviour,,
30e85e6db510596298a47cbef17b04d528e88ab8ce8911ec38d3138f656b3acd,2019-01,North Wales Police,North Wales Police,-3.407410,53.189739,On or near Llys Gwyndyr,W01000196,Denbighshire 012B,Criminal damage and arson,Investigation complete; no suspect identified,
e065d385c9e0bf34d325f12f8900bd8999d938a7937dc2483e2b7889e45bf08a,2019-01,North Wales Police,North Wales Police,-3.404779,53.190300,On or near Ffordd Aled,W01000196,Denbighshire 012B,Other theft,Unable to prosecute suspect,
8cdb9906c15c92ef648d96b757bad13252abcabdcb670b62febcaee11326ad64,2019-01,North Wales Police,North Wales Police,-3.409594,53.190639,On or near Y Gerddi,W01000196,Denbighshire 012B,Violence and sexual offences,Unable to prosecute suspect,
,2019-01,North Wales Police,North Wales Police,-3.407579,53.184864,On or near Rhodfa Clwyd,W01000197,Denbighshire 012C,Anti-social behaviour,,
,2019-01,North Wales Police,North Wales Police,-3.403258,53.185428,On or near Trewen,W01000197,Denbighshire 012C,Anti-social behaviour,,
753f5d06d41557796adf3786cdabba159819a620e97a5b22d90517f3fb19a119,2019-01,North Wales Police,North Wales Police,-3.408893,53.184759,On or near Sports/Recreation Area,W01000197,Denbighshire 012C,Other theft,Investigation complete; no suspect identified,
e047d69ddc619ff7b528fbc8009cc6ca56a15d223d69a41c6a5ee5e3f9643915,2019-01,North Wales Police,North Wales Police,-3.407579,53.184864,On or near Rhodfa Clwyd,W01000197,Denbighshire 012C,Violence and sexual offences,Further investigation is not in the public interest,
84f7839995213f2335e790306dd8a1e3cdf8c117c801ec1e5b08ceb1fbef6611,2019-01,North Wales Police,North Wales Police,-3.407579,53.184864,On or near Rhodfa Clwyd,W01000197,Denbighshire 012C,Violence and sexual offences,Further investigation is not in the public interest,
b251f5371479aaa6b0475dfcffd470c85acdb91ac371aca7806e0a491942c352,2019-01,North Wales Police,North Wales Police,-3.373741,53.160475,On or near A525,W01000211,Denbighshire 012D,Burglary,Investigation complete; no suspect identified,
dca47635a067ff881ebd8dddceff7f5e998e4f0fa3aab68aae825461b2097a44,2019-01,North Wales Police,North Wales Police,-3.458471,53.146738,On or near B4501,W01000211,Denbighshire 012D,Other theft,Investigation complete; no suspect identified,
560692760ff7c2e834dc2241bfe87bc3fd3dcad3f861b2199faf0f325be56acf,2019-01,North Wales Police,North Wales Police,-3.370502,53.153186,On or near Pont-Y-Bedol,W01000211,Denbighshire 012D,Other theft,Unable to prosecute suspect,
fa9cde5c45099a1b2292659bf3d41974f8c5b53ef492bc5d3bfce0403b339532,2019-01,North Wales Police,North Wales Police,-3.373741,53.160475,On or near A525,W01000211,Denbighshire 012D,Violence and sexual offences,Unable to prosecute suspect,
1fff3c955d82e760d86d99c2bc45add5acb1ba1b93f647abd79f421bfad6f00b,2019-01,North Wales Police,North Wales Police,-3.369668,53.154220,On or near Gernant,W01000211,Denbighshire 012D,Violence and sexual offences,Unable to prosecute suspect,
,2019-01,North Wales Police,North Wales Police,-3.206036,53.025147,On or near Horseshoe Pass,W01000203,Denbighshire 013A,Anti-social behaviour,,
,2019-01,North Wales Police,North Wales Police,-3.212246,53.095535,On or near Maes Ial,W01000203,Denbighshire 013A,Anti-social behaviour,,
,2019-01,North Wales Police,North Wales Police,-3.216180,53.137593,On or near Cae Gwyn,W01000203,Denbighshire 013A,Anti-social behaviour,,
,2019-01,North Wales Police,North Wales Police,-3.206036,53.025147,On or near Horseshoe Pass,W01000203,Denbighshire 013A,Anti-social behaviour,,
5b01334b99f6ddd63edf46dec1cec3526c421611ada700dba6be5bd67e38056a,2019-01,North Wales Police,North Wales Police,-3.216180,53.137593,On or near Cae Gwyn,W01000203,Denbighshire 013A,Criminal damage and arson,Under investigation,
b17ad6665ca898f746384d179d2a49c6194f1295d5129530d19688b00a1c873f,2019-01,North Wales Police,North Wales Police,-3.212000,53.085209,On or near B5431,W01000203,Denbighshire 013A,Criminal damage and arson,Investigation complete; no suspect identified,
7fca140517b664028105fd08be72923148fdd0e46cc4d3392b20e61ce06965eb,2019-01,North Wales Police,North Wales Police,-3.203268,53.152701,On or near Petrol Station,W01000203,Denbighshire 013A,Other theft,Investigation complete; no suspect identified,
62a8621b7a4270ba4e650333ccb9a0c334815596deab38d714fc1f20e4ecb62f,2019-01,North Wales Police,North Wales Police,-3.191484,53.112735,On or near Cae'R Odyn,W01000203,Denbighshire 013A,Public order,Unable to prosecute suspect,
e477102a454a094fc6c53d06ff5357f2c274d7b5208452a7f0dd101d27cb7341,2019-01,North Wales Police,North Wales Police,-3.203268,53.152701,On or near Petrol Station,W01000203,Denbighshire 013A,Violence and sexual offences,Under investigation,
e9cedcea8339310d7e08de676f7c952aef954cbed02d4da4b03b8011f70ea749,2019-01,North Wales Police,North Wales Police,-3.239644,53.140488,On or near Parking Area,W01000203,Denbighshire 013A,Violence and sexual offences,Awaiting court outcome,
3ab31873e7667e0057825d87e7fad0e3e939244d5d0b235a795a3dd98d33d4c1,2019-01,North Wales Police,North Wales Police,-3.196376,53.059126,On or near Erw Las,W01000203,Denbighshire 013A,Violence and sexual offences,Under investigation,
89328f3ac50d93832342600cea1be1199e959406ca232e3521267f1caf35ecd7,2019-01,North Wales Police,North Wales Police,-3.200553,53.154526,On or near Park/Open Space,W01000203,Denbighshire 013A,Violence and sexual offences,Investigation complete; no suspect identified,
030223655a4d9311331b7fa1c3ae4c5d23548f6d4fbc2b4f27f9dce0b7627ef9,2019-01,North Wales Police,North Wales Police,-3.200553,53.154526,On or near Park/Open Space,W01000203,Denbighshire 013A,Violence and sexual offences,Under investigation,
,2019-01,North Wales Police,North Wales Police,-3.329449,53.131788,On or near Bro Clywedog,W01000206,Denbighshire 013C,Anti-social behaviour,,
609d754554a6509cabe9548d7711434b32e3d1f8869d3f5ff2f1d54f721c7386,2019-01,North Wales Police,North Wales Police,-3.338695,53.174358,On or near Maes Clwyd,W01000206,Denbighshire 013C,Violence and sexual offences,Unable to prosecute suspect,
8c82992cfd1c2d5028d622f8645b8dc6b0f848ad83eef2befada72a82ded81cf,2019-01,North Wales Police,North Wales Police,-3.338695,53.174358,On or near Maes Clwyd,W01000206,Denbighshire 013C,Violence and sexual offences,Unable to prosecute suspect,
d3d18c0eae5049b1c99f9eb7f2bcde10dcd69ff3a5f531d28c7cd0fa2198ad51,2019-01,North Wales Police,North Wales Police,-3.334229,53.135070,On or near Rhyd Y Byll,W01000206,Denbighshire 013C,Violence and sexual offences,Under investigation,
41735bdba8870d070c2965a35b34468f4adb3358b1789127a2aebc675f357a9f,2019-01,North Wales Police,North Wales Police,-3.329406,53.161374,On or near B5429,W01000206,Denbighshire 013C,Violence and sexual offences,Unable to prosecute suspect,
f9a576d68e62acfd99335e44fd31861b83f89a3fecf0d8a4521a7ff7acec69bb,2019-01,North Wales Police,North Wales Police,-3.334747,53.184552,On or near B5429,W01000206,Denbighshire 013C,Violence and sexual offences,Unable to prosecute suspect,
e672f742c92742cdea4314a84eae832d1aea7a2c5e1d32e9700290f3a2aff7d6,2019-01,North Wales Police,North Wales Police,-3.338695,53.174358,On or near Maes Clwyd,W01000206,Denbighshire 013C,Violence and sexual offences,Under investigation,
,2019-01,North Wales Police,North Wales Police,-3.320931,53.112358,On or near Llys Erw,W01000242,Denbighshire 014A,Anti-social behaviour,,
,2019-01,North Wales Police,North Wales Police,-3.310753,53.114700,On or near St Peter'S Square,W01000242,Denbighshire 014A,Anti-social behaviour,,
dc58ac141fab8420b975738fb07de35d47367dd2a29d61a7cc0becdc006edba9,2019-01,North Wales Police,North Wales Police,-3.314106,53.112955,On or near Mill Street,W01000242,Denbighshire 014A,Criminal damage and arson,Investigation complete; no suspect identified,
4c45d05768efed8aa1f403b1a0fe135577c607936b350ab2e76709317d967a85,2019-01,North Wales Police,North Wales Police,-3.316753,53.112062,On or near Maes Ffynnon,W01000242,Denbighshire 014A,Criminal damage and arson,Unable to prosecute suspect,
615326d5348708855beeba06632ef6311e8c7c4006611760d72f5554bf228e5c,2019-01,North Wales Police,North Wales Police,-3.315894,53.113259,On or near Borthyn,W01000242,Denbighshire 014A,Other theft,Unable to prosecute suspect,
ab02f1c9b545a938ce14a17ef0da56a10e1f955ef73478838298ba37730633b9,2019-01,North Wales Police,North Wales Police,-3.310753,53.114700,On or near St Peter'S Square,W01000242,Denbighshire 014A,Other theft,Further investigation is not in the public interest,
ae26ea319b96f82b6f4b5088781702f5619c03d6dd9f3f70aa2d99c427f0e24a,2019-01,North Wales Police,North Wales Police,-3.320931,53.112358,On or near Llys Erw,W01000242,Denbighshire 014A,Public order,Further investigation is not in the public interest,
ff32fa985a7c7b7ae5b88d0e167029aaf5e02582c2cbd3c4face379811e04abb,2019-01,North Wales Police,North Wales Police,-3.310753,53.114700,On or near St Peter'S Square,W01000242,Denbighshire 014A,Public order,Awaiting court outcome,
0b81243096aac1aa8b99983bd0b0513bce977c4dadef8c42bba4807479bd0bf1,2019-01,North Wales Police,North Wales Police,-3.310753,53.114700,On or near St Peter'S Square,W01000242,Denbighshire 014A,Public order,Unable to prosecute suspect,
e64673d6b80e3d87114f6a296cd3fbd9b10efcf380537ac68c04ea8a5d09c034,2019-01,North Wales Police,North Wales Police,-3.320931,53.112358,On or near Llys Erw,W01000242,Denbighshire 014A,Violence and sexual offences,Further investigation is not in the public interest,
bea053f31ea6ba6bccb4ac37500137f6af2378884bb9abf2dbd815541e35696c,2019-01,North Wales Police,North Wales Police,-3.315781,53.115453,On or near Cae Seren,W01000242,Denbighshire 014A,Violence and sexual offences,Unable to prosecute suspect,
4551de93a3fcbe52671a7558fab4ab4e545895d2ab62778c7e57a982daa23d0e,2019-01,North Wales Police,North Wales Police,-3.321248,53.114422,On or near Maes Dolwen,W01000242,Denbighshire 014A,Violence and sexual offences,Unable to prosecute suspect,
9ffb44e6925045f6d8694a6487017ec56c6bb869526707d93cfa91c92151da4d,2019-01,North Wales Police,North Wales Police,-3.315894,53.113259,On or near Borthyn,W01000242,Denbighshire 014A,Violence and sexual offences,Action to be taken by another organisation,
dca763891428fd7411471361cd0eb58b29d025ce19bf381d2b511db9f685b7f9,2019-01,North Wales Police,North Wales Police,-3.321248,53.114422,On or near Maes Dolwen,W01000242,Denbighshire 014A,Violence and sexual offences,Unable to prosecute suspect,
04a8d1ff9587de6d24b746f4ac68324c5955961f494bc4852a87c8e3857c28b1,2019-01,North Wales Police,North Wales Police,-3.320931,53.112358,On or near Llys Erw,W01000242,Denbighshire 014A,Violence and sexual offences,Unable to prosecute suspect,
7469578374172cbc17a2ec9e10252e0db7157725830c9dbb5b76ca3233e36915,2019-01,North Wales Police,North Wales Police,-3.314106,53.112955,On or near Mill Street,W01000242,Denbighshire 014A,Violence and sexual offences,Under investigation,
,2019-01,North Wales Police,North Wales Police,-3.311499,53.114170,On or near Upper Clwyd Street,W01000243,Denbighshire 014B,Anti-social behaviour,,
,2019-01,North Wales Police,North Wales Police,-3.306102,53.113555,On or near Well Street,W01000243,Denbighshire 014B,Anti-social behaviour,,
fc736460ecdca81527df2673b59cf69570aa771cd6277492193ca8fda3d581d7,2019-01,North Wales Police,North Wales Police,-3.305633,53.113866,On or near Wernfechan,W01000243,Denbighshire 014B,Criminal damage and arson,Under investigation,
814818f9cc504502b71d2418e1adc5adecb7d4f3465148bed5b27f00858b7eb3,2019-01,North Wales Police,North Wales Police,-3.305633,53.113866,On or near Wernfechan,W01000243,Denbighshire 014B,Criminal damage and arson,Investigation complete; no suspect identified,
79a64c1421b33575a0667ce2cbc04f018a88bf118d9138c8f757426ce8aa9d7c,2019-01,North Wales Police,North Wales Police,-3.309518,53.115855,On or near Hospital,W01000243,Denbighshire 014B,Other theft,Unable to prosecute suspect,
627e6be49e96b9ec3087bed1001c5017d36fcfd86149f6336a3904cee57480c9,2019-01,North Wales Police,North Wales Police,-3.305697,53.115007,On or near Wernfechan,W01000243,Denbighshire 014B,Shoplifting,Investigation complete; no suspect identified,
12b7aa5b3f5ed5c3124e37578258a4ee8f339294ef1b4d221666231537f4c7e4,2019-01,North Wales Police,North Wales Police,-3.309331,53.115587,On or near Mount Street,W01000243,Denbighshire 014B,Vehicle crime,Investigation complete; no suspect identified,
8b4e528898e2e64744de63cc4ad01ccaa613c413f37498c6c3ab6d713573cad9,2019-01,North Wales Police,North Wales Police,-3.319425,53.119305,On or near Stryd Y Wennol,W01000243,Denbighshire 014B,Vehicle crime,Investigation complete; no suspect identified,
4392518e850d3ed43143d02835e1b0d47b92e8a4df8e2b4344c284ed8418606e,2019-01,North Wales Police,North Wales Police,-3.310739,53.117675,On or near Canol-Y-Dre,W01000243,Denbighshire 014B,Violence and sexual offences,Unable to prosecute suspect,
8140b0583ca649b498cd4c5bfd6cd4e74abdc9485f0c08151ce890852bb923b5,2019-01,North Wales Police,North Wales Police,-3.313068,53.113694,On or near Heol Clwyd,W01000243,Denbighshire 014B,Violence and sexual offences,Unable to prosecute suspect,
5961d0bbcd8134fdc489715a7e4c8717244b741035811b4d636507d747896bbe,2019-01,North Wales Police,North Wales Police,-3.310739,53.117675,On or near Canol-Y-Dre,W01000243,Denbighshire 014B,Violence and sexual offences,Unable to prosecute suspect,
,2019-01,North Wales Police,North Wales Police,-3.297967,53.109851,On or near Lon Speiriol-Uchaf,W01000244,Denbighshire 014C,Anti-social behaviour,,
e7a708a3df4a27e2ceae7307b83745057c0713a27049367b4ac1578005a3d113,2019-01,North Wales Police,North Wales Police,-3.297967,53.109851,On or near Lon Speiriol-Uchaf,W01000244,Denbighshire 014C,Violence and sexual offences,Unable to prosecute suspect,
6be19e1c23a0b18767f69fa806e17d44b3158059f2b6914d07e040a394696a9a,2019-01,North Wales Police,North Wales Police,-3.370520,52.979845,On or near Bus/Coach Station,W01000193,Denbighshire 015A,Burglary,Investigation complete; no suspect identified,
b7eabc26b6546e1b9a9e8adae6aabd5424436a1bdb356b8d8c3a78b598fd224b,2019-01,North Wales Police,North Wales Police,-3.430326,52.980434,On or near A494,W01000193,Denbighshire 015A,Burglary,Investigation complete; no suspect identified,
79cf9bfa1c977b5664dcceedfee472cf7782d05d99476b9793c7cc1cba14893b,2019-01,North Wales Police,North Wales Police,-3.373613,52.980618,On or near The Square,W01000193,Denbighshire 015A,Criminal damage and arson,Under investigation,
8bf890c8b4e0e0e92c3b3fb226b031a3ed81405d30187d66151e6ee7ced033ad,2019-01,North Wales Police,North Wales Police,-3.430326,52.980434,On or near A494,W01000193,Denbighshire 015A,Other theft,Under investigation,
04f54e6d6121395026a414d7cff48ed1658f531147913237b6eb6cafd0c9a3c9,2019-01,North Wales Police,North Wales Police,-3.374420,52.980258,On or near Mill Street,W01000193,Denbighshire 015A,Vehicle crime,Investigation complete; no suspect identified,
4796de61b5d3a791064aca4838416233f64fa93482dfa005b51698eb0bcd0df9,2019-01,North Wales Police,North Wales Police,-3.383580,52.977913,On or near Uwchydre,W01000193,Denbighshire 015A,Violence and sexual offences,Unable to prosecute suspect,
a3975467130b6fa8cf8bde2a9c1578741f77f05e01453582238b0b3801761013,2019-01,North Wales Police,North Wales Police,-3.373613,52.980618,On or near The Square,W01000193,Denbighshire 015A,Violence and sexual offences,Unable to prosecute suspect,
e92ddc1da9de451f3aa0214878378dcbf2ea1910256bd262cef99156f7b34d8c,2019-01,North Wales Police,North Wales Police,-3.373613,52.980618,On or near The Square,W01000193,Denbighshire 015A,Violence and sexual offences,Unable to prosecute suspect,
fac4fc394ae6c212dd56df889a2d5860e6fd6a9879a7efc99ab45b2be3bcb4d9,2019-01,North Wales Police,North Wales Police,-3.378132,52.979864,On or near Bryn Llywelyn,W01000193,Denbighshire 015A,Violence and sexual offences,Under investigation,
4774dec1ac79a87458de5dfe7230e19ec5a39e3a310f05bd867cafad3e9d1b57,2019-01,North Wales Police,North Wales Police,-3.374420,52.980258,On or near Mill Street,W01000193,Denbighshire 015A,Violence and sexual offences,Investigation complete; no suspect identified,
eadc9924b120cc0266bfb5531158a1330ac08d2e1221e626773d5f12bb7ff20a,2019-01,North Wales Police,North Wales Police,-3.381380,52.989698,On or near Clawdd Poncen,W01000193,Denbighshire 015A,Violence and sexual offences,Unable to prosecute suspect,
6de23c63d7447ed414336a202698d85771912c75015175ab87016c5f5196ef1c,2019-01,North Wales Police,North Wales Police,-3.381380,52.989698,On or near Clawdd Poncen,W01000193,Denbighshire 015A,Violence and sexual offences,Unable to prosecute suspect,
6964cf4f91b5d109bc300299369c0bc2813d17d47ebf6be3f8a372a319755602,2019-01,North Wales Police,North Wales Police,-3.381380,52.989698,On or near Clawdd Poncen,W01000193,Denbighshire 015A,Violence and sexual offences,Investigation complete; no suspect identified,
43aff2d818c9515ea5047c3be8a1533bad5e766b88253dd7ac64c31750ee2cd3,2019-01,North Wales Police,North Wales Police,-3.378132,52.979864,On or near Bryn Llywelyn,W01000193,Denbighshire 015A,Violence and sexual offences,Unable to prosecute suspect,
a727f646c64504208c2ca696145392881a1611a4c3a08e575747400da9f12119,2019-01,North Wales Police,North Wales Police,-3.383580,52.977913,On or near Uwchydre,W01000193,Denbighshire 015A,Violence and sexual offences,Unable to prosecute suspect,
,2019-01,North Wales Police,North Wales Police,-3.319557,53.082141,On or near Tan Y Bryn,W01000202,Denbighshire 015B,Anti-social behaviour,,
,2019-01,North Wales Police,North Wales Police,-3.298063,53.088733,On or near Parc-Y-Llan,W01000207,Denbighshire 015C,Anti-social behaviour,,
,2019-01,North Wales Police,North Wales Police,-3.274899,53.014827,On or near Maes Y Fedwen,W01000207,Denbighshire 015C,Anti-social behaviour,,
bc91cd0843644e30eabad91b31172cd4bbaa10d02bf3f77f76e47d0d36a86118,2019-01,North Wales Police,North Wales Police,-3.377516,53.039133,On or near Petrol Station,W01000207,Denbighshire 015C,Other theft,Investigation complete; no suspect identified,
fdc489e13443876bebc63a92a2e7a1e859d15cdef8833372714b50bc6a981547,2019-01,North Wales Police,North Wales Police,-3.325301,53.047017,On or near B5429,W01000207,Denbighshire 015C,Vehicle crime,Investigation complete; no suspect identified,
e6c86e8399b711b1aa202902391ebf225542ce7edfe2db5318e68af90d857d1c,2019-01,North Wales Police,North Wales Police,-3.276630,53.018396,On or near A5104,W01000207,Denbighshire 015C,Violence and sexual offences,Formal action is not in the public interest,
804368ee58769bc891e021aeed74fbaa5d357a5c103ff9546b4e87e2964e912e,2019-01,North Wales Police,North Wales Police,-3.293656,53.088682,On or near Wrexham Road,W01000207,Denbighshire 015C,Violence and sexual offences,Unable to prosecute suspect,
19cd184c9eac94d5e4b1f11e62b886bae1b1a84357e11672e553eef6407d6787,2019-01,North Wales Police,North Wales Police,-3.268485,52.975530,On or near Maes Y Glyn,W01000192,Denbighshire 016A,Criminal damage and arson,Investigation complete; no suspect identified,
9f698ca1837895153953bd5256e69d2e9c69f5505afa3513374d800b7c439435,2019-01,North Wales Police,North Wales Police,-3.344441,52.980376,On or near Holyhead Road,W01000192,Denbighshire 016A,Criminal damage and arson,Investigation complete; no suspect identified,
ae38d73642c439bc2a4aa6803805aec0df3cb52fd60d65c01bd2e842627f928c,2019-01,North Wales Police,North Wales Police,-3.335673,52.992602,On or near B5436,W01000192,Denbighshire 016A,Other theft,Investigation complete; no suspect identified,
d473ff97a2161e02b436a0eb8ebde9908f5b43fbac0ca6307d4cb9a7b8b13aa9,2019-01,North Wales Police,North Wales Police,-3.268485,52.975530,On or near Maes Y Glyn,W01000192,Denbighshire 016A,Violence and sexual offences,Unable to prosecute suspect,
,2019-01,North Wales Police,North Wales Police,-3.429767,52.930547,On or near B4401,W01000205,Denbighshire 016B,Anti-social behaviour,,
e8325502171839ec87d2c2ac286883477b41797df21ff2fe0f32df0a89936594,2019-01,North Wales Police,North Wales Police,-3.439639,52.920484,On or near Llys Y Coed,W01000205,Denbighshire 016B,Criminal damage and arson,Unable to prosecute suspect,
,2019-01,North Wales Police,North Wales Police,-3.169236,52.969365,On or near Heol Y Capel,W01000208,Denbighshire 016C,Anti-social behaviour,,
,2019-01,North Wales Police,North Wales Police,-3.169658,52.971743,On or near Wharf Hill,W01000208,Denbighshire 016C,Anti-social behaviour,,
,2019-01,North Wales Police,North Wales Police,-3.173006,52.968905,On or near Hall Street,W01000208,Denbighshire 016C,Anti-social behaviour,,
2df03b5730bcc1e4f5eb33a849ea79997d507d547e98b28d4d2357af7e8e0b59,2019-01,North Wales Police,North Wales Police,-3.169452,52.970190,On or near Bridge Street,W01000208,Denbighshire 016C,Burglary,Investigation complete; no suspect identified,
7560ef98e0399062beb11a1ecb054ab2f1919f903237a561aba295899e2030e3,2019-01,North Wales Police,North Wales Police,-3.167150,52.970410,On or near Parking Area,W01000208,Denbighshire 016C,Criminal damage and arson,Under investigation,
805af60612debe658af876be3b67b8e765a7739d735d8bf8a98c39d0f26544b6,2019-01,North Wales Police,North Wales Police,-3.167150,52.970410,On or near Parking Area,W01000208,Denbighshire 016C,Public order,Under investigation,
cefac1f797bc73a21b30c7ea819410f8692673cfe5c8f123244e1bcf68f48b03,2019-01,North Wales Police,North Wales Police,-3.173006,52.968905,On or near Hall Street,W01000208,Denbighshire 016C,Vehicle crime,Under investigation,
45ee3b8ddfe243fb2580f5862e9da5860ef2eb23166b30658905d567e1353b1a,2019-01,North Wales Police,North Wales Police,-3.169236,52.969365,On or near Heol Y Capel,W01000208,Denbighshire 016C,Violence and sexual offences,Unable to prosecute suspect,
,2019-01,North Wales Police,North Wales Police,-3.162661,52.969043,On or near Coed Afon,W01000209,Denbighshire 016D,Anti-social behaviour,,
,2019-01,North Wales Police,North Wales Police,-3.162661,52.969043,On or near Coed Afon,W01000209,Denbighshire 016D,Anti-social behaviour,,
,2019-01,North Wales Police,North Wales Police,-3.176225,52.972847,On or near Hospital,W01000209,Denbighshire 016D,Anti-social behaviour,,
4df9c35455ecd665fed356178161c821f2757514bec3b73bff5f75333a2f07a7,2019-01,North Wales Police,North Wales Police,-3.173650,52.975641,On or near Sports/Recreation Area,W01000209,Denbighshire 016D,Burglary,Investigation complete; no suspect identified,
67e89f155f33c4a42bad39929f533057d6edb777ae5185a4875d8b2c46662352,2019-01,North Wales Police,North Wales Police,-3.160404,52.964839,On or near Trem-Y-Gwernant,W01000209,Denbighshire 016D,Burglary,Investigation complete; no suspect identified,
5022ad82aefec6905d1b30679c09fe6bb4af4ae646fab4da6df56eb3f89fae87,2019-01,North Wales Police,North Wales Police,-3.170838,52.970769,On or near Dee Lane,W01000209,Denbighshire 016D,Criminal damage and arson,Investigation complete; no suspect identified,
795d52aa9cc7778c94d4d6e4fc373ca660bfcd49471e1b53994f00c660dcf9db,2019-01,North Wales Police,North Wales Police,-3.173650,52.975641,On or near Sports/Recreation Area,W01000209,Denbighshire 016D,Other theft,Investigation complete; no suspect identified,
10ab971c190e0cd75218d343fccb53555efc39c66e281c6730d5e9d6db77074b,2019-01,North Wales Police,North Wales Police,-3.160404,52.964839,On or near Trem-Y-Gwernant,W01000209,Denbighshire 016D,Vehicle crime,Under investigation,
61ff426251b5db5f836b9c4281ce1d780e321842ed2704dc6ffdc67e4aa3c3b8,2019-01,North Wales Police,North Wales Police,-3.170838,52.970769,On or near Dee Lane,W01000209,Denbighshire 016D,Violence and sexual offences,Investigation complete; no suspect identified,
,2019-01,North Wales Police,North Wales Police,-3.163899,52.970235,On or near Heol Esgob,W01000210,Denbighshire 016E,Anti-social behaviour,,
d33ddf17dddec304127ba9b71c9132cafdb73b0d432762a98f65c6b821c5a444,2019-01,North Wales Police,North Wales Police,-3.167475,52.968672,On or near Regent Street,W01000210,Denbighshire 016E,Criminal damage and arson,Investigation complete; no suspect identified,
28c091d8f68321334d3eb021d083b6544471a2d8326fa7b4f2e58b2f3a31ae97,2019-01,North Wales Police,North Wales Police,-3.170691,52.968658,On or near Parking Area,W01000210,Denbighshire 016E,Shoplifting,Local resolution,
683ece66b6eba25f41e4305f530741a0292ec6a9c7938294104ee1fb513b30b5,2019-01,North Wales Police,North Wales Police,-3.170691,52.968658,On or near Parking Area,W01000210,Denbighshire 016E,Vehicle crime,Under investigation,
,2019-01,North Wales Police,North Wales Police,-3.472239,53.322145,On or near Bridgegate Road,W01000231,Denbighshire 017A,Anti-social behaviour,,
,2019-01,North Wales Police,North Wales Police,-3.467131,53.321588,On or near Lilac Avenue,W01000231,Denbighshire 017A,Anti-social behaviour,,
2984b263caf5d556be712384fdd4beea8fd675685786cc11ba5dffc5466ae133,2019-01,North Wales Police,North Wales Police,-3.471417,53.321364,On or near Sports/Recreation Area,W01000231,Denbighshire 017A,Bicycle theft,Investigation complete; no suspect identified,
37c5bbce58ec230c64bfe9dca1a4c66e1fe806d7a39b1478e2de215c369c75d3,2019-01,North Wales Police,North Wales Police,-3.476592,53.321687,On or near Beech Avenue,W01000231,Denbighshire 017A,Burglary,Investigation complete; no suspect identified,
e868615e196cf5bbf915fbcfb39ab9f26446a46939e03419cbe0c8aa9777e299,2019-01,North Wales Police,North Wales Police,-3.472239,53.322145,On or near Bridgegate Road,W01000231,Denbighshire 017A,Public order,Unable to prosecute suspect,
81824acda5346be15cb61820ec3ceaae4bae46f7604e35ef7c809ef3ddb3e675,2019-01,North Wales Police,North Wales Police,-3.478503,53.321357,On or near Princess Elizabeth Avenue,W01000231,Denbighshire 017A,Public order,Under investigation,
ec4299418966904d012f0db10e059dd7179e030d466c8d3cc018008e7b77235d,2019-01,North Wales Police,North Wales Police,-3.472101,53.319432,On or near Pendyffryn Road North,W01000231,Denbighshire 017A,Violence and sexual offences,Unable to prosecute suspect,
17ec27dae16e749ce2ab6d18905c348b6a6f339e1f45313cd92324c4cbe5a4b8,2019-01,North Wales Police,North Wales Police,-3.480398,53.320597,On or near Coventry Drive,W01000231,Denbighshire 017A,Violence and sexual offences,Action to be taken by another organisation,
b6403cc0aa66c14b2a19cd356dee04543b6d8f8dceeeb3c2cf7592ef6ca3695b,2019-01,North Wales Police,North Wales Police,-3.480554,53.321188,On or near Elwy Drive,W01000231,Denbighshire 017A,Violence and sexual offences,Under investigation,
206fe5774ea73e6484c7908c691074094393650d5a1dff651b162e62fdcda059,2019-01,North Wales Police,North Wales Police,-3.472451,53.322637,On or near Oakwood Road,W01000231,Denbighshire 017A,Violence and sexual offences,Unable to prosecute suspect,
0bcacb3f7643f2855c2f68b6b5fa53f6466a240a928780af7dc2a0b8c59b912b,2019-01,North Wales Police,North Wales Police,-3.472451,53.322637,On or near Oakwood Road,W01000231,Denbighshire 017A,Violence and sexual offences,Unable to prosecute suspect,
57809a8e5c20536a4324f3e447cf65aca568035670a5def1e657be34548456d6,2019-01,North Wales Police,North Wales Police,-3.472451,53.322637,On or near Oakwood Road,W01000231,Denbighshire 017A,Violence and sexual offences,Unable to prosecute suspect,
3d27293d87121d232ebf0af83949cab78e55803774c2c38daca3e056ab9c3a51,2019-01,North Wales Police,North Wales Police,-3.458425,53.318126,On or near Pen-Y-Llys,W01000232,Denbighshire 017B,Burglary,Investigation complete; no suspect identified,
33f3728cb7067d3103d60d287396de33a60042c79629e1ddaea5b8d14d45b62e,2019-01,North Wales Police,North Wales Police,-3.458425,53.318126,On or near Pen-Y-Llys,W01000232,Denbighshire 017B,Burglary,Investigation complete; no suspect identified,
e76364b3361f53a61d2928ae4c359a12b7bda1ccf04121223b239b5197d89f99,2019-01,North Wales Police,North Wales Police,-3.466581,53.318250,On or near Plas Road,W01000232,Denbighshire 017B,Criminal damage and arson,Investigation complete; no suspect identified,
2034e514466d31856e8c624f2734fa2250146a3c892e7b22356fe579ea53ca83,2019-01,North Wales Police,North Wales Police,-3.459958,53.319500,On or near Llys Tywi,W01000232,Denbighshire 017B,Criminal damage and arson,Investigation complete; no suspect identified,
28f4b9fceca5128f19d5d6fc3b7a66d869016effa9fdebe108043b79f50f7c00,2019-01,North Wales Police,North Wales Police,-3.467469,53.320064,On or near Cedar Avenue,W01000232,Denbighshire 017B,Criminal damage and arson,Investigation complete; no suspect identified,
fd8b595f97b9f3f03d576914de24fb912703278e21bbc467fa37569c7cce6cd7,2019-01,North Wales Police,North Wales Police,-3.463216,53.315577,On or near Clement Drive,W01000232,Denbighshire 017B,Criminal damage and arson,Investigation complete; no suspect identified,
fd284a7d76a5f2bf1dd83bbca69631d4913c74a9c2844867c0907698170cbc10,2019-01,North Wales Police,North Wales Police,-3.463216,53.315577,On or near Clement Drive,W01000232,Denbighshire 017B,Criminal damage and arson,Investigation complete; no suspect identified,
ba77cd1b22ddf0c80a2c542110ecf37b9a5dcc78ff91f9ae9d804cb7baa42a52,2019-01,North Wales Police,North Wales Police,-3.467591,53.316620,On or near Handsworth Crescent,W01000232,Denbighshire 017B,Violence and sexual offences,Action to be taken by another organisation,
dbebd8d7059e33012dae4af19598610c19d881afbe619c85f22f6bbd31465d8f,2019-01,North Wales Police,North Wales Police,-3.467591,53.316620,On or near Handsworth Crescent,W01000232,Denbighshire 017B,Violence and sexual offences,Action to be taken by another organisation,
8b6094aa8c3a40245b8be298624c03fa1a3fdf5883bf290825a989f937d976c4,2019-01,North Wales Police,North Wales Police,-3.467591,53.316620,On or near Handsworth Crescent,W01000232,Denbighshire 017B,Violence and sexual offences,Action to be taken by another organisation,
45d9c1bf92438ff2ce7ecd52e1e7612e1b7e8acbbc86c696a3cdf11bd874eff3,2019-01,North Wales Police,North Wales Police,-3.467469,53.320064,On or near Cedar Avenue,W01000232,Denbighshire 017B,Violence and sexual offences,Unable to prosecute suspect,
9dc88b13d6673afa6d4f0a13fa5f73310e269f550c27eaa024eb0eded45179e5,2019-01,North Wales Police,North Wales Police,-3.461043,53.321384,On or near Ffordd Elan,W01000232,Denbighshire 017B,Violence and sexual offences,Unable to prosecute suspect,
682d81b917f3220c221a41a554838beaae67a9baeea931c197d74ac95077b5e3,2019-01,North Wales Police,North Wales Police,-3.463216,53.315577,On or near Clement Drive,W01000232,Denbighshire 017B,Violence and sexual offences,Unable to prosecute suspect,
1b2c8e081971071173a36651969e751c5001e399ae89cc9c431ee7bfcebce196,2019-01,North Wales Police,North Wales Police,-3.461375,53.317478,On or near Rhodfa Plas Coed,W01000232,Denbighshire 017B,Violence and sexual offences,Unable to prosecute suspect,
8c92d08800403a8804f7dc77554785ef630fdcbf60956c31541be106f35e7ef5,2019-01,North Wales Police,North Wales Police,-3.463216,53.315577,On or near Clement Drive,W01000232,Denbighshire 017B,Violence and sexual offences,Unable to prosecute suspect,
,2019-01,North Wales Police,North Wales Police,-3.471283,53.313563,On or near Bryn Coed Park,W01000233,Denbighshire 017C,Anti-social behaviour,,
fdf9044d43c4fade57be2fd02d2aad5175619ddafdcb8d02aba707e92ab2a171,2019-01,North Wales Police,North Wales Police,-3.465359,53.312818,On or near Leonard Avenue,W01000233,Denbighshire 017C,Violence and sexual offences,Formal action is not in the public interest,
22c3e8b3824074e6c933cb46a746c75152a6eb1d605ca627344c09384f3d455e,2019-01,North Wales Police,North Wales Police,-3.468973,53.311856,On or near Carlton Way,W01000233,Denbighshire 017C,Violence and sexual offences,Action to be taken by another organisation,
08ff9039d13b40659620ef709abe193d22bf94a5cf58e7a6ce14102b3741e2a6,2019-01,North Wales Police,North Wales Police,-3.468048,53.315077,On or near Trellewelyn Road,W01000233,Denbighshire 017C,Violence and sexual offences,Action to be taken by another organisation,
deec530ca569435d9ec722ce931452a6464ce75586c6ee3ce7c782f1195737d6,2019-01,North Wales Police,North Wales Police,-3.468048,53.315077,On or near Trellewelyn Road,W01000233,Denbighshire 017C,Violence and sexual offences,Action to be taken by another organisation,
3f7c4065f0fc3e61353f5f2df29ea416e816abe107be0302637140b411aab487,2019-01,North Wales Police,North Wales Police,-3.465359,53.312818,On or near Leonard Avenue,W01000233,Denbighshire 017C,Violence and sexual offences,Formal action is not in the public interest,
e0ac6f94fb594e981d5c3eae89b6f1b54c7bdcb0cf1e47325f8f8f2a8108d278,2019-01,North Wales Police,North Wales Police,-3.468048,53.315077,On or near Trellewelyn Road,W01000233,Denbighshire 017C,Violence and sexual offences,Unable to prosecute suspect,
fc53f15c9c5a80307eb4a7b17bb628a0f79f37c5089a92e637b251e680e8045f,2019-01,North Wales Police,North Wales Police,-3.465359,53.312818,On or near Leonard Avenue,W01000233,Denbighshire 017C,Violence and sexual offences,Unable to prosecute suspect,
9cb8ec24ea2ce507f8a7cabb770afcbe2bf034f1e04642688123967e7ac699e6,2019-01,North Wales Police,North Wales Police,-3.461742,53.324692,On or near Llys-Y-Tywysog,W01000235,Denbighshire 017D,Violence and sexual offences,Unable to prosecute suspect,
14a3e7cf73302029be82dce4336b8b6b8132f415fbfdcbfa4ea7a804db6a86f4,2019-01,North Wales Police,North Wales Police,-3.459965,53.324121,On or near Llys Catrin,W01000235,Denbighshire 017D,Violence and sexual offences,Under investigation,
4a6bd81cc36f920f8d19478fe9e2dc1a272f548fe3982aa36d9c9c71f2d90ef1,2019-01,North Wales Police,North Wales Police,-3.461742,53.324692,On or near Llys-Y-Tywysog,W01000235,Denbighshire 017D,Other crime,Unable to prosecute suspect,
cc7a316ba78e76e2332cdf7b48f8101f5d1a4286b2164474817033f251e448f9,2019-01,North Wales Police,North Wales Police,-3.467331,53.309917,On or near Rosehill Road,W01000229,Denbighshire 017E,Burglary,Investigation complete; no suspect identified,
d31af1ed8e1b003166abbdc30792bb3ca61a8433e3414768471664b3651c15c2,2019-01,North Wales Police,North Wales Police,-3.468308,53.305608,On or near A525,W01000229,Denbighshire 017E,Public order,Investigation complete; no suspect identified,
359ff66d6eee12a705aba86b206462e19c9795226de58fa012bdb909ec8ac291,2019-01,North Wales Police,North Wales Police,-3.459803,53.313641,On or near Maes Cwm,W01000229,Denbighshire 017E,Robbery,Under investigation,
21b75e7a0e2cfe0b0d09eb2eb778f10d5a7d11cc20ca4f778fa6acac6286c49e,2019-01,North Wales Police,North Wales Police,-3.466088,53.311334,On or near Shaun Drive,W01000229,Denbighshire 017E,Violence and sexual offences,Unable to prosecute suspect,
f6d43af7fc7167340c5397d7a682c5dbc0a5f6db9e4f7096eb190e3571f68048,2019-01,North Wales Police,North Wales Police,-3.460837,53.312729,On or near Maes Menlli,W01000229,Denbighshire 017E,Violence and sexual offences,Under investigation,
a5f98dd466fcd4a5e2c643cfb643be3671b6c996483c410ea133cbff44219a66,2019-01,North Wales Police,North Wales Police,-3.460837,53.312729,On or near Maes Menlli,W01000229,Denbighshire 017E,Violence and sexual offences,Under investigation,
d9925b40765f7faf217240afd80e1eb04eac627d636736d09476682cf21d25d5,2019-01,North Wales Police,North Wales Police,-3.459803,53.313641,On or near Maes Cwm,W01000229,Denbighshire 017E,Violence and sexual offences,Unable to prosecute suspect,
4a8cc44d4b3f77654b35d5f6293d0d6fe6c39179622596d7d54833d3cf1ca1a7,2019-01,North Wales Police,North Wales Police,-3.460473,53.313498,On or near Maes Y Parc,W01000229,Denbighshire 017E,Violence and sexual offences,Unable to prosecute suspect,
9403871d3dba68b7d660289a1f55c74bc49bb09aeee832c2362fd4254eb21c9e,2019-01,North Wales Police,North Wales Police,-3.460473,53.313498,On or near Maes Y Parc,W01000229,Denbighshire 017E,Violence and sexual offences,Unable to prosecute suspect,
173b4b35edff1417e2e187cd2adb8e0b273af4289a627e98ce59a534ec29a4b2,2019-01,North Wales Police,North Wales Police,-3.466088,53.311334,On or near Shaun Drive,W01000229,Denbighshire 017E,Violence and sexual offences,Under investigation,
de76976fbf4a9daa9f3d938d3dde81988d739dd56392064949770da29c440a77,2019-01,North Wales Police,North Wales Police,-3.459803,53.313641,On or near Maes Cwm,W01000229,Denbighshire 017E,Violence and sexual offences,Unable to prosecute suspect,
4c92d1c9c1c0af1de56754c66dc33bba74f377ad0907c00626688b8e751b3257,2019-01,North Wales Police,North Wales Police,-3.461423,53.313181,On or near Maes Arthur,W01000229,Denbighshire 017E,Violence and sexual offences,Offender given community sentence,
,2019-01,North Wales Police,North Wales Police,-3.478601,53.311162,On or near Ascot Drive,W01000230,Denbighshire 017F,Anti-social behaviour,,
f22d932fee7674a212e9aac4876da46879f99183977405f5f4cd00ee5425cfb6,2019-01,North Wales Police,North Wales Police,-3.480000,53.311693,On or near Golden Grove,W01000230,Denbighshire 017F,Criminal damage and arson,Unable to prosecute suspect,
816a4811de4161cdfca5027db01248da3bb3e744b9d94ecac75715a88b107589,2019-01,North Wales Police,North Wales Police,-3.475705,53.308600,On or near Groome Avenue,W01000230,Denbighshire 017F,Violence and sexual offences,Under investigation,
d1778cba1c138a13aa09e5c5ddb7f6da4076cddf1957191aab37f97954e449e0,2019-01,North Wales Police,North Wales Police,-3.478601,53.311162,On or near Ascot Drive,W01000230,Denbighshire 017F,Violence and sexual offences,Under investigation,
af2996c46dee52a126ac7bc33ad49c665c05208695bc3b2b2a47c1447efb6765,2019-01,North Wales Police,North Wales Police,-3.480000,53.311693,On or near Golden Grove,W01000230,Denbighshire 017F,Violence and sexual offences,Action to be taken by another organisation,
038cc16ef7ad2558f317d0d304b86491676f543448c75f8f3c05a3aea0430d0b,2019-01,North Wales Police,North Wales Police,-3.475705,53.308600,On or near Groome Avenue,W01000230,Denbighshire 017F,Violence and sexual offences,Unable to prosecute suspect,
4880fbcbc8ac4fabff8b63dd073f25a70c79f51510978e764cb853c5d141cb7a,2019-01,North Wales Police,North Wales Police,-3.480000,53.311693,On or near Golden Grove,W01000230,Denbighshire 017F,Violence and sexual offences,Under investigation,
af773c919e0dbacb91a387f412523207fdd0301aeed57ca9b4c6c6a27b8148db,2019-01,North Wales Police,North Wales Police,-3.480000,53.311693,On or near Golden Grove,W01000230,Denbighshire 017F,Violence and sexual offences,Unable to prosecute suspect,
3905b140649e13cdde9055d2c0b5d41bbb4210865aa234caa46f644d2db487d2,2019-01,North Wales Police,North Wales Police,-3.480000,53.311693,On or near Golden Grove,W01000230,Denbighshire 017F,Violence and sexual offences,Unable to prosecute suspect,
0851d706205190a3768f7223e4ecb74ccb793a4b5e04371964dd7df34458fb5a,2019-01,North Wales Police,North Wales Police,-3.480000,53.311693,On or near Golden Grove,W01000230,Denbighshire 017F,Violence and sexual offences,Awaiting court outcome,
0ab5e49c652dece7d9c980e1005d5cc5388ce86db1e1c1ffc40ebae941c42414,2019-01,North Wales Police,North Wales Police,-3.468032,53.308919,On or near The Boulevard,W01000230,Denbighshire 017F,Violence and sexual offences,Unable to prosecute suspect,
a669fb575e2d5f2c15ec383f320953339c92e4921e3210b3f54b2ec293ce6561,2019-01,North Wales Police,North Wales Police,-3.468032,53.308919,On or near The Boulevard,W01000230,Denbighshire 017F,Violence and sexual offences,Unable to prosecute suspect,
,2019-01,North Wales Police,North Wales Police,-3.465974,53.314132,On or near Hen-Afon Road,W01000234,Denbighshire 017G,Anti-social behaviour,,
21fb3fb31e20dbb77f8020ddf8eb811bc4a75b4c73af4b4ec16ed2c8525d8fdc,2019-01,North Wales Police,North Wales Police,-3.459575,53.316646,On or near Clos Teg Fan,W01000234,Denbighshire 017G,Burglary,Under investigation,
f656a7099bbd34423cc7788ed57e9de53a10bb5daf8960de994ba65a9d808792,2019-01,North Wales Police,North Wales Police,-3.462240,53.312487,On or near Maes Clwyd,W01000234,Denbighshire 017G,Criminal damage and arson,Investigation complete; no suspect identified,
50ae1c57fabeadda69b33bfeb7ef6954f997286d0da4dbaf265f751d9bb1c88c,2019-01,North Wales Police,North Wales Police,-3.467285,53.313387,On or near Pendre Avenue,W01000234,Denbighshire 017G,Drugs,Under investigation,
f53cb28929a0b04570b8b2d5cbc4c2ac82952d23644c1877f0b1023eb34de5f5,2019-01,North Wales Police,North Wales Police,-3.455664,53.319508,On or near Victoria Road West,W01000234,Denbighshire 017G,Drugs,Under investigation,
9424b8ba2c202cb157bf5556ede5c7a9d04e53de8e920f55e1eacd2adf2bab92,2019-01,North Wales Police,North Wales Police,-3.459575,53.316646,On or near Clos Teg Fan,W01000234,Denbighshire 017G,Vehicle crime,Under investigation,
b78edcd65c5ec3eada14cfccb2f4e4bd87c35b85c4e324502735986e991caf21,2019-01,North Wales Police,North Wales Police,-3.466524,53.314844,On or near Trellewelyn Close,W01000234,Denbighshire 017G,Violence and sexual offences,Under investigation,
043925dd96e250accfc8512bafc5448df940674f342a0de509b780e91b0c0c09,2019-01,North Wales Police,North Wales Police,-3.466215,53.315918,On or near Thornley Avenue,W01000234,Denbighshire 017G,Violence and sexual offences,Under investigation,
ced2465ac0c43003d83fdfdcc5a490c5ff0187c6d0af2a4fba2208cf877028bb,2019-01,North Wales Police,North Wales Police,-3.466524,53.314844,On or near Trellewelyn Close,W01000234,Denbighshire 017G,Violence and sexual offences,Under investigation,
ed32412da3e4e216579ab664e1061cf3fe3b4c8f1c66d7f6478d4641e7423b13,2019-01,North Wales Police,North Wales Police,-3.465719,53.314584,On or near Foel View Road,W01000234,Denbighshire 017G,Violence and sexual offences,Unable to prosecute suspect,
ad15c02218d1ea23ee765a2ac58d76112c9220f455a4a72eecdf7e4fff198ce3,2019-01,North Wales Police,North Wales Police,-3.465719,53.314584,On or near Foel View Road,W01000234,Denbighshire 017G,Violence and sexual offences,Unable to prosecute suspect,
237d13ede6ea5d1b64acf2c0b4597086480b931001672f91ae57b0933c52aede,2019-01,North Wales Police,North Wales Police,-3.463771,53.312909,On or near Colin Drive,W01000234,Denbighshire 017G,Violence and sexual offences,Action to be taken by another organisation,
63cdc910cf08969db4658184597c3a34a11fc6b4d6b00918a295694677762b8d,2019-01,North Wales Police,North Wales Police,-3.463527,53.315007,On or near Llewelyn Court,W01000234,Denbighshire 017G,Violence and sexual offences,Unable to prosecute suspect,
b8f8493e27ef25453a63afe2dadf437fe121b606199ff9e71519d0e508304eaa,2019-01,North Wales Police,North Wales Police,-3.465231,53.313485,On or near Glyn Avenue,W01000234,Denbighshire 017G,Violence and sexual offences,Unable to prosecute suspect,
,2019-01,North Wales Police,North Wales Police,-3.306212,53.326839,On or near Coed Mor,W01000287,Flintshire 001A,Anti-social behaviour,,
0fbb96c8fa21fc9cfa442bffd9fd8a000c5292b2d452d68e18205411e3b840f3,2019-01,North Wales Police,North Wales Police,-3.316314,53.329173,On or near Picton Road (Picton),W01000287,Flintshire 001A,Other theft,Under investigation,
3564fc48b09991432824e359beaff737eb4fef40cd961fbc9119a3ce4c74da76,2019-01,North Wales Police,North Wales Police,-3.306212,53.326839,On or near Coed Mor,W01000287,Flintshire 001A,Public order,Under investigation,
47a4e47b167faaf718817b8c02d768bdf162021f7d35b03d13e022e2c952afa4,2019-01,North Wales Police,North Wales Police,-3.304140,53.325854,On or near Maes Emlyn,W01000287,Flintshire 001A,Public order,Unable to prosecute suspect,
430fd6d28119dd6e3e24d084dd0f5e0daf26d1bd00afac0743fd30cb3130585d,2019-01,North Wales Police,North Wales Police,-3.299295,53.330959,On or near Mornant Avenue,W01000287,Flintshire 001A,Violence and sexual offences,Awaiting court outcome,
f8cd214f540d3566cc473d1a7d02814054589ae3740faf0bf29aff2e61cfd227,2019-01,North Wales Police,North Wales Police,-3.351098,53.350304,On or near Sports/Recreation Area,W01000287,Flintshire 001A,Violence and sexual offences,Action to be taken by another organisation,
01e2155cb53b7440c8b12b7c885b1431cb0d1a473c619d7c64d25e7cb1096ae3,2019-01,North Wales Police,North Wales Police,-3.299295,53.330959,On or near Mornant Avenue,W01000287,Flintshire 001A,Violence and sexual offences,Unable to prosecute suspect,
6b6e6388ecc45246dd8f25146f5c21f941a59938d76fbce7197e369f1a676f25,2019-01,North Wales Police,North Wales Police,-3.299295,53.330959,On or near Mornant Avenue,W01000287,Flintshire 001A,Violence and sexual offences,Unable to prosecute suspect,
8b1a60a9f75c9a1155bfacd840786017eb691c1a7b7e5ad4d403a6190e6efdd9,2019-01,North Wales Police,North Wales Police,-3.351098,53.350304,On or near Sports/Recreation Area,W01000287,Flintshire 001A,Violence and sexual offences,Action to be taken by another organisation,
65c31b031fea2c039146c0648222a3b25f1408a432a1ffc92d6a0d59702b29fb,2019-01,North Wales Police,North Wales Police,-3.299295,53.330959,On or near Mornant Avenue,W01000287,Flintshire 001A,Violence and sexual offences,Unable to prosecute suspect,
5a3321769cb36c7ee252fd57eb7a611b7005fda1a744cec1f34db8569f072304,2019-01,North Wales Police,North Wales Police,-3.299295,53.330959,On or near Mornant Avenue,W01000287,Flintshire 001A,Violence and sexual offences,Awaiting court outcome,
835138c2e33be87ceae4a1a0dfc9b8687a8358e0fb127dc8bf469ce0374eb616,2019-01,North Wales Police,North Wales Police,-3.299295,53.330959,On or near Mornant Avenue,W01000287,Flintshire 001A,Violence and sexual offences,Unable to prosecute suspect,
b6ac3e4335b2e13c32134b99054728598bfe46685d0dafd78f03c3b2a19f0d5d,2019-01,North Wales Police,North Wales Police,-3.299295,53.330959,On or near Mornant Avenue,W01000287,Flintshire 001A,Violence and sexual offences,Unable to prosecute suspect,
faf09ab84e31e9989a3014d543ce931e611816403af57552ce55585cc2de987d,2019-01,North Wales Police,North Wales Police,-3.337117,53.342335,On or near Petrol Station,W01000287,Flintshire 001A,Other crime,Investigation complete; no suspect identified,
9a4ba60851749d99058810af6fdeb88b9b105a23e0945602141b20b75da6de04,2019-01,North Wales Police,North Wales Police,-3.358613,53.337184,On or near Bryn Mor,W01000298,Flintshire 001B,Violence and sexual offences,Investigation complete; no suspect identified,
a6de7f1b60d004a4a3f06e2e3341fe99672670f879a491fe07b63ab2f010f7d7,2019-01,North Wales Police,North Wales Police,-3.360792,53.337672,On or near Nant-Y-Gro,W01000298,Flintshire 001B,Violence and sexual offences,Investigation complete; no suspect identified,
c7b6d9830bfe00c16185071461d1ff231517079777232aa851d9e94e7cf6ef2b,2019-01,North Wales Police,North Wales Police,-3.363316,53.337724,On or near Llys Dewi,W01000298,Flintshire 001B,Violence and sexual offences,Investigation complete; no suspect identified,
ebab2d5caf9ed3f68471dd68dd79305842311c17856b59ae0a50280cb5b96676,2019-01,North Wales Police,North Wales Police,-3.357571,53.337484,On or near Ffordd Marian,W01000298,Flintshire 001B,Violence and sexual offences,Under investigation,
60eb5b2ea5ca849b9d9b68f6e3e3dba7bbaf46061429b162e26db1c272898048,2019-01,North Wales Police,North Wales Police,-3.323274,53.334273,On or near Park/Open Space,W01000298,Flintshire 001B,Violence and sexual offences,Unable to prosecute suspect,
,2019-01,North Wales Police,North Wales Police,-3.326631,53.305974,On or near Maes-Y-Bryn,W01000338,Flintshire 001C,Anti-social behaviour,,
,2019-01,North Wales Police,North Wales Police,-3.326547,53.309085,On or near Berthlog,W01000338,Flintshire 001C,Anti-social behaviour,,
,2019-01,North Wales Police,North Wales Police,-3.355095,53.304377,On or near Petrol Station,W01000338,Flintshire 001C,Anti-social behaviour,,
,2019-01,North Wales Police,North Wales Police,-3.326631,53.305974,On or near Maes-Y-Bryn,W01000338,Flintshire 001C,Anti-social behaviour,,
c9df9fb696211cedd17e85cb2711ef50f7c52a8f0c56ce9527e740bc7de572b5,2019-01,North Wales Police,North Wales Police,-3.325914,53.309964,On or near The Pippins,W01000338,Flintshire 001C,Criminal damage and arson,Unable to prosecute suspect,
ce546af51b35fd38f5c749e92289ce68ff253caf87882180cf9cdea9b89c1423,2019-01,North Wales Police,North Wales Police,-3.355095,53.304377,On or near Petrol Station,W01000338,Flintshire 001C,Public order,Investigation complete; no suspect identified,
02abd410c58b9b1f1f0619c6e9081d4858f9da63055af8ec343cbc5e4bed7755,2019-01,North Wales Police,North Wales Police,-3.326631,53.305974,On or near Maes-Y-Bryn,W01000338,Flintshire 001C,Violence and sexual offences,Unable to prosecute suspect,
,2019-01,North Wales Police,North Wales Police,-3.235373,53.278053,On or near Holway Road,W01000306,Flintshire 002A,Anti-social behaviour,,
,2019-01,North Wales Police,North Wales Police,-3.237070,53.280220,On or near Moorfields,W01000306,Flintshire 002A,Anti-social behaviour,,
,2019-01,North Wales Police,North Wales Police,-3.232384,53.277374,On or near Gwel Afon,W01000306,Flintshire 002A,Anti-social behaviour,,
,2019-01,North Wales Police,North Wales Police,-3.237070,53.280220,On or near Moorfields,W01000306,Flintshire 002A,Anti-social behaviour,,
,2019-01,North Wales Police,North Wales Police,-3.235373,53.278053,On or near Holway Road,W01000306,Flintshire 002A,Anti-social behaviour,,
,2019-01,North Wales Police,North Wales Police,-3.235408,53.280318,On or near Meadowbank,W01000306,Flintshire 002A,Anti-social behaviour,,
77c8b27b95bb6d85298b883030bd4260adcba1ec49676c67103d6ac00f075f4a,2019-01,North Wales Police,North Wales Police,-3.235408,53.280318,On or near Meadowbank,W01000306,Flintshire 002A,Other theft,Unable to prosecute suspect,
ce6a2778b78ea494619d2df32d3a2f9bffb6c4c68e8a645a4e033af4f465ee0e,2019-01,North Wales Police,North Wales Police,-3.215793,53.265616,On or near Petrol Station,W01000306,Flintshire 002A,Other theft,Investigation complete; no suspect identified,
f96744d0e0061a8ab14f13dbd6493d35b456db79870e30d098747158e1f789c0,2019-01,North Wales Police,North Wales Police,-3.215793,53.265616,On or near Petrol Station,W01000306,Flintshire 002A,Other theft,Investigation complete; no suspect identified,
35d81060a95c6b27cee69d11c696dcd6f58a7b102a0ea0d658fdeb0be54a120e,2019-01,North Wales Police,North Wales Police,-3.215793,53.265616,On or near Petrol Station,W01000306,Flintshire 002A,Other theft,Investigation complete; no suspect identified,
7203e56ff20ec12b5fa4f49306b2378539e2c4ab6906e57d2209e862511f536d,2019-01,North Wales Police,North Wales Police,-3.239746,53.279914,On or near Moor Avenue,W01000306,Flintshire 002A,Public order,Further investigation is not in the public interest,
8c7a83549d76488bca4e3ff7d37f535f7a3f91abd41a07a9077c1678ec867b86,2019-01,North Wales Police,North Wales Police,-3.215793,53.265616,On or near Petrol Station,W01000306,Flintshire 002A,Shoplifting,Investigation complete; no suspect identified,
e1619881736995951893b3646be13e5dcdbda4d4c93eab9c3966f8733887e35c,2019-01,North Wales Police,North Wales Police,-3.241112,53.279432,On or near Petrol Station,W01000306,Flintshire 002A,Shoplifting,Investigation complete; no suspect identified,
f3be74d9355010f4edcb2b2a62cb37bed8d8f1623d1d94354580f7ed2b8c6d45,2019-01,North Wales Police,North Wales Police,-3.217637,53.266675,On or near Cae'R Fron,W01000306,Flintshire 002A,Violence and sexual offences,Unable to prosecute suspect,
8ca501b4fa592f6102fac8f61c993590116a9269c884c1f699f5acd4fd7affa7,2019-01,North Wales Police,North Wales Police,-3.237070,53.280220,On or near Moorfields,W01000306,Flintshire 002A,Violence and sexual offences,Unable to prosecute suspect,
b4132dccf10ae28e2df6c9bc71d2ca65b01c18f412d69e19e7c7687eb061f8ae,2019-01,North Wales Police,North Wales Police,-3.237701,53.279728,On or near Springfields,W01000306,Flintshire 002A,Violence and sexual offences,Under investigation,
5810330a7872d0f10beb6dfe0f94f2a5403c5eb8d7142a311af8d88770f809e2,2019-01,North Wales Police,North Wales Police,-3.235373,53.278053,On or near Holway Road,W01000306,Flintshire 002A,Violence and sexual offences,Under investigation,
cb65249949ee138014a9c39ccb5363fd926efbf342d4db9647c7c4821e9da2dc,2019-01,North Wales Police,North Wales Police,-3.235373,53.278053,On or near Holway Road,W01000306,Flintshire 002A,Violence and sexual offences,Under investigation,
e1fc82f527fd1789c7df70aeb95ddd6e8d4fef30f9cc1537c9f300409d167cef,2019-01,North Wales Police,North Wales Police,-3.237070,53.280220,On or near Moorfields,W01000306,Flintshire 002A,Violence and sexual offences,Unable to prosecute suspect,
fb2319822f623172777e3b7bde0e50825dcabf8c45fe9a073bb535ed585f10c9,2019-01,North Wales Police,North Wales Police,-3.234977,53.279415,On or near Bryn Dyffryn,W01000306,Flintshire 002A,Violence and sexual offences,Unable to prosecute suspect,
85b5f9a12236a9c9a867021cdac640a430c4298121c98bf582c5d493f5e9e7df,2019-01,North Wales Police,North Wales Police,-3.237070,53.280220,On or near Moorfields,W01000306,Flintshire 002A,Violence and sexual offences,Under investigation,
ff8f3de92e7389aea41af0f9796eb5cbbe836226d96903df5f9dfb1b429297b0,2019-01,North Wales Police,North Wales Police,-3.235408,53.280318,On or near Meadowbank,W01000306,Flintshire 002A,Violence and sexual offences,Unable to prosecute suspect,
409ac5f84b2c26a1a3817ea657029217c42c53e4bbd08a08577ac6f97b4a9f3b,2019-01,North Wales Police,North Wales Police,-3.215992,53.266818,On or near Yr Aber,W01000306,Flintshire 002A,Violence and sexual offences,Unable to prosecute suspect,
3418c0735fc6d0564b0abf49f5df97fa67abcd2881dd0c7164f7c3a0a1f7d490,2019-01,North Wales Police,North Wales Police,-3.238099,53.282088,On or near Nant Eos,W01000306,Flintshire 002A,Other crime,Under investigation,
,2019-01,North Wales Police,North Wales Police,-3.261087,53.308869,On or near Y Dreflan,W01000320,Flintshire 002B,Anti-social behaviour,,
,2019-01,North Wales Police,North Wales Police,-3.250777,53.304807,On or near The Close,W01000320,Flintshire 002B,Anti-social behaviour,,
,2019-01,North Wales Police,North Wales Police,-3.261087,53.308869,On or near Y Dreflan,W01000320,Flintshire 002B,Anti-social behaviour,,
,2019-01,North Wales Police,North Wales Police,-3.262876,53.307439,On or near Sports/Recreation Area,W01000320,Flintshire 002B,Anti-social behaviour,,
b61e22e3a20acf54d60b2b179683c428282e15fce28a7e4d046344f10a01875a,2019-01,North Wales Police,North Wales Police,-3.261087,53.308869,On or near Y Dreflan,W01000320,Flintshire 002B,Criminal damage and arson,Investigation complete; no suspect identified,
19f8e7be68948cb5d9a7d92f49556b2aea23f59ceea18d13ba60e7af2c2955d7,2019-01,North Wales Police,North Wales Police,-3.235246,53.303279,On or near Parking Area,W01000320,Flintshire 002B,Criminal damage and arson,Investigation complete; no suspect identified,
5a006f2061c6e438ca18aa72956768a6683bf86ee113fd6b1b96ed1d6e2b6559,2019-01,North Wales Police,North Wales Police,-3.245375,53.302769,On or near Hafod-Y-Ddol Road,W01000320,Flintshire 002B,Criminal damage and arson,Unable to prosecute suspect,
6a1518cf74866081b1e8e870ceb3c1e663ea57b3566944bc1f55687f0f4d6e56,2019-01,North Wales Police,North Wales Police,-3.292816,53.307873,On or near Park/Open Space,W01000320,Flintshire 002B,Other theft,Unable to prosecute suspect,
56e73b1fd08730f8701cd190fd98fecc373669c605e70df6e802e9a2a9816f26,2019-01,North Wales Police,North Wales Police,-3.259730,53.308668,On or near Ffordd Hiraethog,W01000320,Flintshire 002B,Other theft,Unable to prosecute suspect,
9e20252d3db951544e6b8c100f18830277106e2e11cb64ef8566f92d72a0f91a,2019-01,North Wales Police,North Wales Police,-3.261087,53.308869,On or near Y Dreflan,W01000320,Flintshire 002B,Public order,Under investigation,
1a72e218e5c005bca6a0a836f2dbac631bddad159e54f9f677447111a313b30b,2019-01,North Wales Police,North Wales Police,-3.292816,53.307873,On or near Park/Open Space,W01000320,Flintshire 002B,Violence and sexual offences,Unable to prosecute suspect,
f1b5ad04933d42222b34cf106d0d7e3ceaa89f20f0f2a2012471fc356277b13e,2019-01,North Wales Police,North Wales Police,-3.251750,53.289820,On or near Llwyn-Ifor Lane,W01000320,Flintshire 002B,Violence and sexual offences,Under investigation,
80838ce625a61cbee8d665bcb5c7f1c67bf958423e5a1d899e9943402d899723,2019-01,North Wales Police,North Wales Police,-3.262365,53.314024,On or near Wirral View,W01000320,Flintshire 002B,Violence and sexual offences,Action to be taken by another organisation,
2d4c62a55b4de93c115480eda25e9aecc9bad36fb78e4be3cedba7b229073910,2019-01,North Wales Police,North Wales Police,-3.262365,53.314024,On or near Wirral View,W01000320,Flintshire 002B,Violence and sexual offences,Under investigation,
20e4a3e7d6e4ecbc6bc9d609e01282ea5acd99045bf5946d4483790cccaa9ccb,2019-01,North Wales Police,North Wales Police,-3.245375,53.302769,On or near Hafod-Y-Ddol Road,W01000320,Flintshire 002B,Violence and sexual offences,Under investigation,
efdd5b8bbdef06b76f1900102f2b4ac4db8ae02d1ef42eed1b2562acdc70f869,2019-01,North Wales Police,North Wales Police,-3.266331,53.320733,On or near Ferry Terminal,W01000320,Flintshire 002B,Other crime,Awaiting court outcome,
e9ba8354d30c05c789b46d7c8744cab757d0f025864e9eae2c86d4bc5478ffb9,2019-01,North Wales Police,North Wales Police,-3.246997,53.279092,On or near Crecas Lane,W01000340,Flintshire 002C,Burglary,Under investigation,
7ebcc4f42bf05c9661f20145817123350fa139e05332603a6685afa8c3fb2bfc,2019-01,North Wales Police,North Wales Police,-3.254140,53.280266,On or near Carmel Road,W01000340,Flintshire 002C,Criminal damage and arson,Investigation complete; no suspect identified,
5ff5f3471ec512c2e9315573589ed40b4b16ae63c252f995f814152f4643a00d,2019-01,North Wales Police,North Wales Police,-3.251575,53.282298,On or near Ffordd Gwelfor,W01000340,Flintshire 002C,Other theft,Investigation complete; no suspect identified,
9c454b75e9602b3e2870dbce2e88b76e1bf23497b90df6bc61139f00dad85966,2019-01,North Wales Police,North Wales Police,-3.246997,53.279092,On or near Crecas Lane,W01000340,Flintshire 002C,Possession of weapons,Under investigation,
f3348b71e3bcee9f4c82ce6cbbd58f1b82c835f7cb1e1e5798d65f1134e3b306,2019-01,North Wales Police,North Wales Police,-3.282505,53.294860,On or near Maes Rhydwen,W01000340,Flintshire 002C,Violence and sexual offences,Unable to prosecute suspect,
0e3a232e9e519de97b4d2d65d8c04b01a7cc9f0e412d95ecc6be65c1ae478bca,2019-01,North Wales Police,North Wales Police,-3.282505,53.294860,On or near Maes Rhydwen,W01000340,Flintshire 002C,Violence and sexual offences,Unable to prosecute suspect,
9ac53e410375be1cc9878fe637e7cc13aacf2b674d66fbae4ee11f9a3353de5c,2019-01,North Wales Police,North Wales Police,-3.282505,53.294860,On or near Maes Rhydwen,W01000340,Flintshire 002C,Violence and sexual offences,Unable to prosecute suspect,
,2019-01,North Wales Police,North Wales Police,-3.168924,53.265087,On or near Merllyn Court,W01000253,Flintshire 003A,Anti-social behaviour,,
,2019-01,North Wales Police,North Wales Police,-3.162385,53.260620,On or near Romans Way,W01000253,Flintshire 003A,Anti-social behaviour,,
64728bc417eaab844a86132182ee9264023eeaf89a622ac3cfebc1dcabbe0446,2019-01,North Wales Police,North Wales Police,-3.169378,53.263069,On or near Bryn Dyrys,W01000253,Flintshire 003A,Burglary,Investigation complete; no suspect identified,
0ca81df395dfdf8f8f872d7e4777d149cf44d9ce1776928aaeef04be8bcc34cd,2019-01,North Wales Police,North Wales Police,-3.169378,53.263069,On or near Bryn Dyrys,W01000253,Flintshire 003A,Robbery,Investigation complete; no suspect identified,
7e4015bf6b9a6ce2c6f89db868f0fe57070ee04eb2dfe19df6d8848df8c11538,2019-01,North Wales Police,North Wales Police,-3.156576,53.259229,On or near Oak Grove,W01000253,Flintshire 003A,Vehicle crime,Investigation complete; no suspect identified,
2c7ca64f1e372bfa7d1032c6fcf1ec46660d904bcc3fbc33880344d3c7807180,2019-01,North Wales Police,North Wales Police,-3.165084,53.266131,On or near Stryd Tegeingl,W01000253,Flintshire 003A,Violence and sexual offences,Unable to prosecute suspect,
82c59ca5417f26be2dfb2e24e94b60787473c91935d70875cd6084d0d5cf0161,2019-01,North Wales Police,North Wales Police,-3.154366,53.259556,On or near Reynolds Road,W01000253,Flintshire 003A,Violence and sexual offences,Unable to prosecute suspect,
08ac6f1c36435614d8d58586c81aef4bb995de592c6922899f64f784343309c0,2019-01,North Wales Police,North Wales Police,-3.169530,53.264227,On or near Bron-Y-Wern,W01000253,Flintshire 003A,Violence and sexual offences,Under investigation,
f872a4380d608141912bb7c587f2b11e9032d5bfd0dcce1d16fdcc70bdf3d784,2019-01,North Wales Police,North Wales Police,-3.155156,53.258838,On or near Beech Grove,W01000253,Flintshire 003A,Violence and sexual offences,Unable to prosecute suspect,
0f9662631ecc1c1eb20a89a3df124103bc17c3711d65b5d43362baf11978af8f,2019-01,North Wales Police,North Wales Police,-3.162385,53.260620,On or near Romans Way,W01000253,Flintshire 003A,Violence and sexual offences,Unable to prosecute suspect,
2daab68c846b9e570336ef05a9197b028b86207154e775450dc4a149c79ccbdc,2019-01,North Wales Police,North Wales Police,-3.155156,53.258838,On or near Beech Grove,W01000253,Flintshire 003A,Violence and sexual offences,Under investigation,
f49165e1431a8b131f60960000a1c057fa7e3683a62de0c13e65c1c36f4c7d33,2019-01,North Wales Police,North Wales Police,-3.169530,53.264227,On or near Bron-Y-Wern,W01000253,Flintshire 003A,Violence and sexual offences,Unable to prosecute suspect,
ad284b7d0f77441fcaf83ab618e5f748b6a34a15dc6bc8efd5cbaca52e43e2b7,2019-01,North Wales Police,North Wales Police,-3.166220,53.261068,On or near Canon Drive,W01000253,Flintshire 003A,Violence and sexual offences,Under investigation,
,2019-01,North Wales Police,North Wales Police,-3.191522,53.278167,On or near Bron Haul,W01000254,Flintshire 003B,Anti-social behaviour,,
,2019-01,North Wales Police,North Wales Police,-3.195628,53.281254,On or near Llys Maesteg,W01000254,Flintshire 003B,Anti-social behaviour,,
,2019-01,North Wales Police,North Wales Police,-3.194740,53.279007,On or near Riverbank,W01000254,Flintshire 003B,Anti-social behaviour,,
5a4b35e1b2970959506aaefd8b0073030517b678ae3e58112b97cb2c493e6eed,2019-01,North Wales Police,North Wales Police,-3.188700,53.277512,On or near New Brighton Road,W01000254,Flintshire 003B,Criminal damage and arson,Unable to prosecute suspect,
8cadde341fb31f4078793de78e0d124849e2c9fc8c62705b1b32024d87b23f30,2019-01,North Wales Police,North Wales Police,-3.170973,53.267116,On or near Beechcroft Close,W01000254,Flintshire 003B,Criminal damage and arson,Investigation complete; no suspect identified,
daae77862e5d322c73e9a9797212a5fcca5454fb5de643eed2b799757908851a,2019-01,North Wales Police,North Wales Police,-3.194740,53.279007,On or near Riverbank,W01000254,Flintshire 003B,Criminal damage and arson,Offender given community sentence,
c2bc96581a18870b69cf6d13729453068d171f710c111a4772ce34761403dc22,2019-01,North Wales Police,North Wales Police,-3.171960,53.269192,On or near High Street,W01000254,Flintshire 003B,Criminal damage and arson,Investigation complete; no suspect identified,
4c3c93e24ce0506a0feea1b39718b902e5bf372a51fc938aba31034b6bffc867,2019-01,North Wales Police,North Wales Police,-3.192303,53.280892,On or near Pen Lon,W01000254,Flintshire 003B,Other theft,Investigation complete; no suspect identified,
dac848603f368fa50572f11da8b26b059025419ff1b25e370dd258a59f0bf14e,2019-01,North Wales Police,North Wales Police,-3.182907,53.276293,On or near Petrol Station,W01000254,Flintshire 003B,Other theft,Investigation complete; no suspect identified,
263fd6ad128d4a8eb4ef446a6f679783911621987cfb9be5422fb8491068214a,2019-01,North Wales Police,North Wales Police,-3.192303,53.280892,On or near Pen Lon,W01000254,Flintshire 003B,Other theft,Investigation complete; no suspect identified,
93125c6a09d2bfe13fe4d1ef235eb552e7161f7d8bcac5b451bbba939e99721f,2019-01,North Wales Police,North Wales Police,-3.192129,53.279500,On or near Parking Area,W01000254,Flintshire 003B,Other theft,Investigation complete; no suspect identified,
b35216a48d047178d3948cbf1993eac91c3f3ddd8d07b74c04eff3e252aaa361,2019-01,North Wales Police,North Wales Police,-3.195628,53.281254,On or near Llys Maesteg,W01000254,Flintshire 003B,Other theft,Investigation complete; no suspect identified,
4306a73f7b6fec274e193f8a8d5047bdd202815e518ef574886af54eaa827281,2019-01,North Wales Police,North Wales Police,-3.176364,53.271243,On or near Fron Deg,W01000254,Flintshire 003B,Public order,Under investigation,
5165f40cedb735b95243cacacc7f6f04bc2e59a58e44f3326fffbfce7c251797,2019-01,North Wales Police,North Wales Police,-3.180712,53.275578,On or near Pedestrian Subway,W01000254,Flintshire 003B,Public order,Unable to prosecute suspect,
35af3336bbd8077e58b9f9542cda434a65167da3bf955815061a9d0e49b9960f,2019-01,North Wales Police,North Wales Police,-3.192129,53.279500,On or near Parking Area,W01000254,Flintshire 003B,Vehicle crime,Investigation complete; no suspect identified,
e520695454e2d18d45ed90d8abb838340a16c04f1513c6d485b5c805c93bd4b0,2019-01,North Wales Police,North Wales Police,-3.189049,53.276610,On or near Cae'R Ffynnon,W01000254,Flintshire 003B,Violence and sexual offences,Awaiting court outcome,
77e18219b95b2607815ccc42a75692760dc50d7efda5192c09d569839ba7c02f,2019-01,North Wales Police,North Wales Police,-3.194740,53.279007,On or near Riverbank,W01000254,Flintshire 003B,Violence and sexual offences,Under investigation,
d9cc54a3ea8b5031856c24e8fb80091005b57cafb304e7f8b897c4af16477a9b,2019-01,North Wales Police,North Wales Police,-3.189049,53.276610,On or near Cae'R Ffynnon,W01000254,Flintshire 003B,Violence and sexual offences,Awaiting court outcome,
c4b3df224df46e4ed37023caa5fa50af726bd9b2a60af99750fb90fc791ff423,2019-01,North Wales Police,North Wales Police,-3.171960,53.269192,On or near High Street,W01000254,Flintshire 003B,Violence and sexual offences,Investigation complete; no suspect identified,
9e6b96e9436440d2aa2a50676f8d5987793162f65a02f22456ae089693c0d6fc,2019-01,North Wales Police,North Wales Police,-3.171960,53.269192,On or near High Street,W01000254,Flintshire 003B,Violence and sexual offences,Unable to prosecute suspect,
4c47b80addf712a0e98cf5610b3dd477b581f807ce07ec73fae453df78ccb659,2019-01,North Wales Police,North Wales Police,-3.194740,53.279007,On or near Riverbank,W01000254,Flintshire 003B,Violence and sexual offences,Unable to prosecute suspect,
59d726115abf4adc1d2ee2956af4163a06be97d4a9ddc47dda1da6399dacf7e6,2019-01,North Wales Police,North Wales Police,-3.189049,53.276610,On or near Cae'R Ffynnon,W01000254,Flintshire 003B,Violence and sexual offences,Awaiting court outcome,
2b56e145c69e55724021728d41215365242fe385a1a9cf7437f3bdfdf1ce0ba4,2019-01,North Wales Police,North Wales Police,-3.171960,53.269192,On or near High Street,W01000254,Flintshire 003B,Violence and sexual offences,Unable to prosecute suspect,
cfba27cc5657b0c8b3daa9ec37b0cc64d08a030878756e7b6de4e1a5eef098f9,2019-01,North Wales Police,North Wales Police,-3.192303,53.280892,On or near Pen Lon,W01000254,Flintshire 003B,Violence and sexual offences,Unable to prosecute suspect,
46b089c1f4df31c1a3e75c102eee3f8e3010e21e949f39e1ce6d43074df65dd4,2019-01,North Wales Police,North Wales Police,-3.204573,53.287304,On or near Cairnton Crescent,W01000296,Flintshire 003C,Bicycle theft,Investigation complete; no suspect identified,
149e56356c4c3ef84aebd1f1a53334b50bf86073bb36ba8331613a95230f6455,2019-01,North Wales Police,North Wales Police,-3.208769,53.288214,On or near Park/Open Space,W01000296,Flintshire 003C,Drugs,Unable to prosecute suspect,
70e41a93b929280d391c8b030d333a8db3309cd9c8422382116d8627d145b26b,2019-01,North Wales Police,North Wales Police,-3.201265,53.284362,On or near Bala Avenue,W01000296,Flintshire 003C,Public order,Under investigation,
a27c1a85935c1e7325d3000ebd9d2cd18b1e9921473e29128b679971bceffe1f,2019-01,North Wales Police,North Wales Police,-3.201265,53.284362,On or near Bala Avenue,W01000296,Flintshire 003C,Violence and sexual offences,Unable to prosecute suspect,
ba13f26830fbe563343d614f7b12c7f620bd7435212b8b52bf3de8b7fc69786d,2019-01,North Wales Police,North Wales Police,-3.210427,53.287964,On or near Parking Area,W01000296,Flintshire 003C,Violence and sexual offences,Under investigation,
30962dcbed6dd1122cf1ca6e470547090c5b28c1018d932e2ea5b45b604e0c90,2019-01,North Wales Police,North Wales Police,-3.210427,53.287964,On or near Parking Area,W01000296,Flintshire 003C,Violence and sexual offences,Under investigation,
89682318ea009eab97ee7b99fbe9a95b7c5f723f5f833cdb530f971dbf5b8b53,2019-01,North Wales Police,North Wales Police,-3.201761,53.283862,On or near Clwyd Avenue,W01000296,Flintshire 003C,Violence and sexual offences,Investigation complete; no suspect identified,
eb3f73d3c1011f75996cf44793717f1e4ab86cde814db2df8239c9d17542dd88,2019-01,North Wales Police,North Wales Police,-3.201761,53.283862,On or near Clwyd Avenue,W01000296,Flintshire 003C,Violence and sexual offences,Investigation complete; no suspect identified,
41c24b2bb36ed8e41e288aa31fe737e225fd3bed176ad378a8b9445bc5882e6c,2019-01,North Wales Police,North Wales Police,-3.212391,53.287413,On or near Llys Eglwys,W01000296,Flintshire 003C,Violence and sexual offences,Under investigation,
fb3f002abe2475f919f245cda16e2b70b501377e46b3fff1920a61405d271b4d,2019-01,North Wales Police,North Wales Police,-3.214099,53.290497,On or near Sports/Recreation Area,W01000296,Flintshire 003C,Violence and sexual offences,Under investigation,
a043453ca87e0e000a3e05eaf5eb2e97d420840f3e478600f350c446a19efd6c,2019-01,North Wales Police,North Wales Police,-3.201265,53.284362,On or near Bala Avenue,W01000296,Flintshire 003C,Violence and sexual offences,Further investigation is not in the public interest,
731bd99020b57ac429e827ab0bf067a6e42ec75c165d87df97d5e6d1c46b6e64,2019-01,North Wales Police,North Wales Police,-3.219422,53.285652,On or near Bryn Afon,W01000297,Flintshire 003D,Violence and sexual offences,Under investigation,
dd895a8958069c7d44585fad865af5fb2120ac81e851a3a9bf7f3a792839acfe,2019-01,North Wales Police,North Wales Police,-3.218721,53.284239,On or near Melin -Y-Dre,W01000297,Flintshire 003D,Violence and sexual offences,Action to be taken by another organisation,
38630a95d0ed019ea081c88591e4838fcbae4641860ba0bf568240ce6ab0b3f6,2019-01,North Wales Police,North Wales Police,-3.218721,53.284239,On or near Melin -Y-Dre,W01000297,Flintshire 003D,Violence and sexual offences,Action to be taken by another organisation,
8d5bd056b74790fba25665c0e2f0000bd20a3c872b8197f5882c56e8808faa28,2019-01,North Wales Police,North Wales Police,-3.217520,53.286813,On or near Woodland Drive,W01000297,Flintshire 003D,Violence and sexual offences,Under investigation,
a7eea497faf79f138c478e30331a002eee5ceb73ff2b55d7b33837f68504f22a,2019-01,North Wales Police,North Wales Police,-3.219422,53.285652,On or near Bryn Afon,W01000297,Flintshire 003D,Violence and sexual offences,Under investigation,
70140d123ea6f590418dc67fdb6c800558d39d85f8f5944fa98ff87ef3eaa7c4,2019-01,North Wales Police,North Wales Police,-3.216517,53.286913,On or near Crosfield Road,W01000297,Flintshire 003D,Violence and sexual offences,Under investigation,
fd68fc8015e8bfe32febc43a4fe408b36da89fe44ea1d6ef9cdfacafd44973a3,2019-01,North Wales Police,North Wales Police,-3.217520,53.286813,On or near Woodland Drive,W01000297,Flintshire 003D,Violence and sexual offences,Formal action is not in the public interest,
61d34ccffd28d2cd475e74508f03d74247f973fb3332379ca58ff39d79c89b7d,2019-01,North Wales Police,North Wales Police,-3.217520,53.286813,On or near Woodland Drive,W01000297,Flintshire 003D,Violence and sexual offences,Action to be taken by another organisation,
c003d045f98a1bde0812ef7c96501457b59f72b70a20d77eb6f5ef8e82e51fc6,2019-01,North Wales Police,North Wales Police,-3.216517,53.286913,On or near Crosfield Road,W01000297,Flintshire 003D,Violence and sexual offences,Unable to prosecute suspect,
79ba1a4ea00c1f9e4414dd74e159599bb10100812699413f1467b2dc256fa7e5,2019-01,North Wales Police,North Wales Police,-3.216517,53.286913,On or near Crosfield Road,W01000297,Flintshire 003D,Violence and sexual offences,Unable to prosecute suspect,
865e4fcc966308d7b041bada14c14df023b7214c0ff96277274a013bf872613f,2019-01,North Wales Police,North Wales Police,-3.218721,53.284239,On or near Melin -Y-Dre,W01000297,Flintshire 003D,Violence and sexual offences,Action to be taken by another organisation,
87cca4845e56686eb8df36d2f1ada0350f4ba579c59e664d43baebd408661e99,2019-01,North Wales Police,North Wales Police,-3.218721,53.284239,On or near Melin -Y-Dre,W01000297,Flintshire 003D,Violence and sexual offences,Under investigation,
295f1672ff6b0d3ebe3b6cb49f16d8833c6a9570cb29a77c73d77c192fb0470e,2019-01,North Wales Police,North Wales Police,-3.215871,53.284223,On or near Greenfield Road,W01000297,Flintshire 003D,Violence and sexual offences,Under investigation,
,2019-01,North Wales Police,North Wales Police,-3.224106,53.271625,On or near Fron Park Road,W01000304,Flintshire 003E,Anti-social behaviour,,
,2019-01,North Wales Police,North Wales Police,-3.224661,53.273723,On or near Tudor Close,W01000304,Flintshire 003E,Anti-social behaviour,,
,2019-01,North Wales Police,North Wales Police,-3.223962,53.272382,On or near Gwenffrwd Road,W01000304,Flintshire 003E,Anti-social behaviour,,
,2019-01,North Wales Police,North Wales Police,-3.218101,53.270878,On or near Jenard Court,W01000304,Flintshire 003E,Anti-social behaviour,,
,2019-01,North Wales Police,North Wales Police,-3.219161,53.271775,On or near Heol Helygain,W01000304,Flintshire 003E,Anti-social behaviour,,
,2019-01,North Wales Police,North Wales Police,-3.221968,53.274497,On or near Rue St Gregoire,W01000304,Flintshire 003E,Anti-social behaviour,,
,2019-01,North Wales Police,North Wales Police,-3.219325,53.270658,On or near Bus/Coach Station,W01000304,Flintshire 003E,Anti-social behaviour,,
,2019-01,North Wales Police,North Wales Police,-3.219325,53.270658,On or near Bus/Coach Station,W01000304,Flintshire 003E,Anti-social behaviour,,
,2019-01,North Wales Police,North Wales Police,-3.222188,53.274297,On or near Parking Area,W01000304,Flintshire 003E,Anti-social behaviour,,
,2019-01,North Wales Police,North Wales Police,-3.215138,53.277434,On or near Sports/Recreation Area,W01000304,Flintshire 003E,Anti-social behaviour,,
9ca7a0ea728c243d14bdb34af5651697e51ec651eea532a28bd755e0e1f7449e,2019-01,North Wales Police,North Wales Police,-3.223756,53.273553,On or near Supermarket,W01000304,Flintshire 003E,Burglary,Under investigation,
35b16239fc74ee1efb1bf8aeba87805ff7667ffc6182af069ab85907b7e8cc04,2019-01,North Wales Police,North Wales Police,-3.217479,53.274318,On or near Strand Park,W01000304,Flintshire 003E,Criminal damage and arson,Unable to prosecute suspect,
418b7d7c4c500f61a70d11380704367360f1c68a95c8d3bb3d3eb9dd99753729,2019-01,North Wales Police,North Wales Police,-3.217479,53.274318,On or near Strand Park,W01000304,Flintshire 003E,Criminal damage and arson,Under investigation,
cf3f53fe7335adfa19b61e74e0a7bd6ec6cc268276e4e7aff1298b9d2542cc62,2019-01,North Wales Police,North Wales Police,-3.218155,53.278042,On or near Wat'S Dyke Avenue,W01000304,Flintshire 003E,Criminal damage and arson,Unable to prosecute suspect,
65536f69273a1a1b48aec643599ea0f4ec11b127d5cf8b50d035f615b11eee49,2019-01,North Wales Police,North Wales Police,-3.219431,53.273327,On or near Parking Area,W01000304,Flintshire 003E,Criminal damage and arson,Unable to prosecute suspect,
3fa96c2eaddf4961b73f40cef0b3ded3ec928431d90d74d33d75e215d209a8ed,2019-01,North Wales Police,North Wales Police,-3.220262,53.272510,On or near Heol Helygain,W01000304,Flintshire 003E,Criminal damage and arson,Local resolution,
b9043281e3e2d5403901fabeb3ffec3b78463cb660630e725503d9bfb1ea732d,2019-01,North Wales Police,North Wales Police,-3.224701,53.273039,On or near Cae-Mefus,W01000304,Flintshire 003E,Drugs,Under investigation,
84d6749d944d4cdfb104daa1fdb9e4b8b3882d62cc68baba275b8d3e53f45b08,2019-01,North Wales Police,North Wales Police,-3.217479,53.274318,On or near Strand Park,W01000304,Flintshire 003E,Drugs,Further investigation is not in the public interest,
1042c464705f5a9bc4b44ad41b6f1d1defd2ea69053a63d3d53b402255cd66cc,2019-01,North Wales Police,North Wales Police,-3.220495,53.273316,On or near Parking Area,W01000304,Flintshire 003E,Other theft,Unable to prosecute suspect,
14dfac7dba03271130656d04225ebbf14a43a39781d84b44d12007462eff3c58,2019-01,North Wales Police,North Wales Police,-3.220262,53.272510,On or near Heol Helygain,W01000304,Flintshire 003E,Public order,Investigation complete; no suspect identified,
12e3315bf4a3e621c36a8d83d331892496e1c77c558836091c6ee783ca86e362,2019-01,North Wales Police,North Wales Police,-3.220063,53.272907,On or near Victoria Place,W01000304,Flintshire 003E,Public order,Defendant found not guilty,
a864bf0df6aae2c95d0cafb22892200792b0bc43f2e99263f371914d6b3d83d0,2019-01,North Wales Police,North Wales Police,-3.223756,53.273553,On or near Supermarket,W01000304,Flintshire 003E,Public order,Unable to prosecute suspect,
765ef38918529e72b5de3eeb3b9daede6111c81c2d53cf6cb207d833c07b9f91,2019-01,North Wales Police,North Wales Police,-3.220262,53.272510,On or near Heol Helygain,W01000304,Flintshire 003E,Public order,Unable to prosecute suspect,
d9481ae1121e4c855e0d0affab933868f793e9f70128a80a25fed56d97562525,2019-01,North Wales Police,North Wales Police,-3.223962,53.272382,On or near Gwenffrwd Road,W01000304,Flintshire 003E,Public order,Unable to prosecute suspect,
fc2409030ed75dcca19c78d75ee533c8bcb745b99db680496f242d8411ee9d93,2019-01,North Wales Police,North Wales Police,-3.220495,53.273316,On or near Parking Area,W01000304,Flintshire 003E,Shoplifting,Awaiting court outcome,
0bad4fe9d772866e0b68b76dc209b32b095060382462ed5f47aa91d16da81791,2019-01,North Wales Police,North Wales Police,-3.220063,53.272907,On or near Victoria Place,W01000304,Flintshire 003E,Shoplifting,Investigation complete; no suspect identified,
3be1d555419752c96514387d0802b38d077f8bb604061d47d4a754248f4e6926,2019-01,North Wales Police,North Wales Police,-3.220063,53.272907,On or near Victoria Place,W01000304,Flintshire 003E,Shoplifting,Investigation complete; no suspect identified,
84818e3d745d7b52489ecd315a4f2ac393661e1dd102271f59181934851aeff7,2019-01,North Wales Police,North Wales Police,-3.220063,53.272907,On or near Victoria Place,W01000304,Flintshire 003E,Shoplifting,Investigation complete; no suspect identified,
a713b372a622702338a3c519b34f29a21be8a1fb7daec8f67035409e57ed9dd3,2019-01,North Wales Police,North Wales Police,-3.221737,53.274814,On or near Supermarket,W01000304,Flintshire 003E,Shoplifting,Under investigation,
78e7cd841b0dc93bcbb09e268c3f832d9dbc790b70db6e8a250db489b5213a36,2019-01,North Wales Police,North Wales Police,-3.223304,53.275058,On or near Parking Area,W01000304,Flintshire 003E,Violence and sexual offences,Investigation complete; no suspect identified,
3d216ac6f95d089187af07639884f64ee6aeb73af13501e370a86ab9d00803af,2019-01,North Wales Police,North Wales Police,-3.223962,53.272382,On or near Gwenffrwd Road,W01000304,Flintshire 003E,Violence and sexual offences,Unable to prosecute suspect,
c8dd5f8ca6cf3eb1fc7d4c8e2e0643ca0250d56d1e67702d9e86d0e60b621725,2019-01,North Wales Police,North Wales Police,-3.223962,53.272382,On or near Gwenffrwd Road,W01000304,Flintshire 003E,Violence and sexual offences,Unable to prosecute suspect,
c3dd137f9830f3aea192c9b2877a02535819a417ffbd38441dc107a136179099,2019-01,North Wales Police,North Wales Police,-3.220495,53.273316,On or near Parking Area,W01000304,Flintshire 003E,Violence and sexual offences,Unable to prosecute suspect,
56313c81091f91a7dd0f1a16af252d62c7e84fd9078f637d044d0e0a79036d6f,2019-01,North Wales Police,North Wales Police,-3.218155,53.278042,On or near Wat'S Dyke Avenue,W01000304,Flintshire 003E,Violence and sexual offences,Under investigation,
846c6dd92b732992185d31e99faa4b1aa7264ad1f97dc74ba910677a44403823,2019-01,North Wales Police,North Wales Police,-3.224661,53.273723,On or near Tudor Close,W01000304,Flintshire 003E,Violence and sexual offences,Unable to prosecute suspect,
5c75c8cdb2f8b32aa7726efa49fe9dab553e0198ae1f9bb56c87c6b529e21c10,2019-01,North Wales Police,North Wales Police,-3.218155,53.278042,On or near Wat'S Dyke Avenue,W01000304,Flintshire 003E,Violence and sexual offences,Under investigation,
e00e322495e104373ed5a828046a27beed8c2d742f68f9237ff379dd556bc37b,2019-01,North Wales Police,North Wales Police,-3.224661,53.273723,On or near Tudor Close,W01000304,Flintshire 003E,Violence and sexual offences,Unable to prosecute suspect,
f0db926d202d29382e48ef2d30a99d08df2a5fd4683954a2d1b38cf35de92da2,2019-01,North Wales Police,North Wales Police,-3.226351,53.274632,On or near Whitford Street,W01000304,Flintshire 003E,Violence and sexual offences,Under investigation,
ef25dc1b2d9301b4e05dea85d85c6124925931a4076c38d806594412b9673529,2019-01,North Wales Police,North Wales Police,-3.223304,53.275058,On or near Parking Area,W01000304,Flintshire 003E,Violence and sexual offences,Unable to prosecute suspect,
097f0439e10de1fb96fa09826a0eac84d25103459fae0f484314ef1daedafef0,2019-01,North Wales Police,North Wales Police,-3.218155,53.278042,On or near Wat'S Dyke Avenue,W01000304,Flintshire 003E,Violence and sexual offences,Under investigation,
6e1ebd22d4950e3d1efff47945f0d8d2990892e9b4f6ae6fd3370351013b586a,2019-01,North Wales Police,North Wales Police,-3.218155,53.278042,On or near Wat'S Dyke Avenue,W01000304,Flintshire 003E,Violence and sexual offences,Under investigation,
3915b214e799ed89ed6f2a35225d987e9f696bab8873e2e02b50671949030304,2019-01,North Wales Police,North Wales Police,-3.215138,53.277434,On or near Sports/Recreation Area,W01000304,Flintshire 003E,Violence and sexual offences,Under investigation,
691f91120a2a19d9120dc150b43fdcb2c12427775ee3e661be2645f7b19d5edb,2019-01,North Wales Police,North Wales Police,-3.222756,53.272664,On or near Parking Area,W01000304,Flintshire 003E,Violence and sexual offences,Unable to prosecute suspect,
f5944a9195cdb8e49a63d317efe6c54c4bbdb1c4f573bb54a391266a5efcb5cc,2019-01,North Wales Police,North Wales Police,-3.218230,53.278553,On or near Deva Avenue,W01000304,Flintshire 003E,Violence and sexual offences,Under investigation,
b3ff1ee96cd58da87a6660010f87bdea08db0b4535a3b575f947c913837bdaf6,2019-01,North Wales Police,North Wales Police,-3.218155,53.278042,On or near Wat'S Dyke Avenue,W01000304,Flintshire 003E,Violence and sexual offences,Under investigation,
d9c53904885d8b36888ba26165fb3141d2d2ade7384f79343893cb7e1db108e8,2019-01,North Wales Police,North Wales Police,-3.217479,53.274318,On or near Strand Park,W01000304,Flintshire 003E,Other crime,Unable to prosecute suspect,
,2019-01,North Wales Police,North Wales Police,-3.210811,53.275555,On or near Prince Of Wales Avenue,W01000305,Flintshire 003F,Anti-social behaviour,,
,2019-01,North Wales Police,North Wales Police,-3.213094,53.273554,On or near Pen-Y-Maes Gardens,W01000305,Flintshire 003F,Anti-social behaviour,,
,2019-01,North Wales Police,North Wales Police,-3.212119,53.275667,On or near Abbots Walk,W01000305,Flintshire 003F,Anti-social behaviour,,
1d30b72452f491fe0379de9656aa41322c42f54d2aaadb4763ce445bb19cc952,2019-01,North Wales Police,North Wales Police,-3.208855,53.277462,On or near Rhoslan,W01000305,Flintshire 003F,Drugs,Under investigation,
55932edc90951395dcf8d64a0c4cc4fd83a67f5817dbe4d68430acd60385ba49,2019-01,North Wales Police,North Wales Police,-3.212610,53.273945,On or near Sundawn Avenue,W01000305,Flintshire 003F,Drugs,Under investigation,
e53327f3e2b2bd87f68b51e14ef237ffa98c28a12ad4b0f108ec85ecab20edbe,2019-01,North Wales Police,North Wales Police,-3.216473,53.272674,On or near Rosehill,W01000305,Flintshire 003F,Public order,Awaiting court outcome,
3c749f388417edf6648ed46473c8fbc3e0b681820f9c04cb72777f09c4e9f29e,2019-01,North Wales Police,North Wales Police,-3.208720,53.274821,On or near Sealand Avenue,W01000305,Flintshire 003F,Violence and sexual offences,Further investigation is not in the public interest,
5a46e3744996374462573c5f7296883324f307d7b8ce9934a7f2765f9feb937c,2019-01,North Wales Police,North Wales Police,-3.206962,53.275764,On or near Pen-Y-Maes Road,W01000305,Flintshire 003F,Violence and sexual offences,Under investigation,
8c3411d03c2edec407331268663ca1e8d4bb1b10471a1a09ec8761daf28cb88b,2019-01,North Wales Police,North Wales Police,-3.211470,53.276600,On or near Nant Y Coed,W01000305,Flintshire 003F,Violence and sexual offences,Under investigation,
87d905e49290741030d9c1112a546eb2c717dd0ae87479a09a68638a821ac324,2019-01,North Wales Police,North Wales Police,-3.211470,53.276600,On or near Nant Y Coed,W01000305,Flintshire 003F,Violence and sexual offences,Under investigation,
30ab3ea5e8547e72bb9d8fc7d35e2400a954148d5e3c022dfd754e0dca9bf341,2019-01,North Wales Police,North Wales Police,-3.213094,53.273554,On or near Pen-Y-Maes Gardens,W01000305,Flintshire 003F,Violence and sexual offences,Unable to prosecute suspect,
,2019-01,North Wales Police,North Wales Police,-3.133474,53.249563,On or near Trelawny Square,W01000288,Flintshire 004A,Anti-social behaviour,,
,2019-01,North Wales Police,North Wales Police,-3.130205,53.246115,On or near Borough Grove,W01000288,Flintshire 004A,Anti-social behaviour,,
,2019-01,North Wales Police,North Wales Police,-3.132844,53.249003,On or near Heol Caer,W01000288,Flintshire 004A,Anti-social behaviour,,
,2019-01,North Wales Police,North Wales Police,-3.132844,53.249003,On or near Heol Caer,W01000288,Flintshire 004A,Anti-social behaviour,,
,2019-01,North Wales Police,North Wales Police,-3.134418,53.248988,On or near Supermarket,W01000288,Flintshire 004A,Anti-social behaviour,,
,2019-01,North Wales Police,North Wales Police,-3.131158,53.248147,On or near Heol Caer,W01000288,Flintshire 004A,Anti-social behaviour,,
,2019-01,North Wales Police,North Wales Police,-3.134634,53.248653,On or near Sydney Street,W01000288,Flintshire 004A,Anti-social behaviour,,
,2019-01,North Wales Police,North Wales Police,-3.134634,53.248653,On or near Sydney Street,W01000288,Flintshire 004A,Anti-social behaviour,,
,2019-01,North Wales Police,North Wales Police,-3.132844,53.249003,On or near Heol Caer,W01000288,Flintshire 004A,Anti-social behaviour,,
,2019-01,North Wales Police,North Wales Police,-3.134418,53.248988,On or near Supermarket,W01000288,Flintshire 004A,Anti-social behaviour,,
,2019-01,North Wales Police,North Wales Police,-3.129099,53.245631,On or near Trelawny Avenue,W01000288,Flintshire 004A,Anti-social behaviour,,
,2019-01,North Wales Police,North Wales Police,-3.133474,53.249563,On or near Trelawny Square,W01000288,Flintshire 004A,Anti-social behaviour,,
,2019-01,North Wales Police,North Wales Police,-3.133474,53.249563,On or near Trelawny Square,W01000288,Flintshire 004A,Anti-social behaviour,,
,2019-01,North Wales Police,North Wales Police,-3.132566,53.249230,On or near Lower Mumforth Street,W01000288,Flintshire 004A,Anti-social behaviour,,
,2019-01,North Wales Police,North Wales Police,-3.134418,53.248988,On or near Supermarket,W01000288,Flintshire 004A,Anti-social behaviour,,
1490d40ec2d77adbafda05a89665a5b64ff6788ac135fd25d2724c2f2145c188,2019-01,North Wales Police,North Wales Police,-3.131158,53.248147,On or near Heol Caer,W01000288,Flintshire 004A,Burglary,Investigation complete; no suspect identified,
d7db491dd9a94cd4f2fe2a9bb9dea14232482c183c2a87d4dc2fbeadd69aed59,2019-01,North Wales Police,North Wales Police,-3.132412,53.251353,On or near Lloyd Street,W01000288,Flintshire 004A,Criminal damage and arson,Investigation complete; no suspect identified,
edeb95162b6de8fcaaf59e83c40cc286acbac1d273c3ead23a25c03721e30744,2019-01,North Wales Police,North Wales Police,-3.132412,53.251353,On or near Lloyd Street,W01000288,Flintshire 004A,Criminal damage and arson,Investigation complete; no suspect identified,
d746c4e5c5036677715054266fefdf7833687852552a723a6488006bf2accd18,2019-01,North Wales Police,North Wales Police,-3.134418,53.248988,On or near Supermarket,W01000288,Flintshire 004A,Criminal damage and arson,Awaiting court outcome,
c035b3f654eecd9dc7c2ead9c01ac8d6e8ac5245e2144aef66b7eac518e4dbf2,2019-01,North Wales Police,North Wales Police,-3.131770,53.246891,On or near Park Avenue,W01000288,Flintshire 004A,Criminal damage and arson,Unable to prosecute suspect,
4564c48268a14a8e2d7716e5c7c13c38cb648fc20655b443ba975f81da5f2ec3,2019-01,North Wales Police,North Wales Police,-3.128602,53.248405,On or near Henry Taylor Street,W01000288,Flintshire 004A,Drugs,Awaiting court outcome,
6ce9d682a9657f9ec515ecba3c56d4d2de8ce98e2669ee75920a5e38c1d19c3a,2019-01,North Wales Police,North Wales Police,-3.133770,53.251142,On or near Evans Street,W01000288,Flintshire 004A,Other theft,Unable to prosecute suspect,
1d87ae1c2f1ddfb04f867afbbf748e8f8a2f06875c4dd27455c39739557c4885,2019-01,North Wales Police,North Wales Police,-3.132864,53.247456,On or near Knights Green,W01000288,Flintshire 004A,Other theft,Under investigation,
60f63a5469683afc75840548ebecebd8f0d68bcd3c36f823282c51e988fdbbd4,2019-01,North Wales Police,North Wales Police,-3.130746,53.243881,On or near Maes-Y-Dre Avenue,W01000288,Flintshire 004A,Other theft,Unable to prosecute suspect,
056efed3d93154b467ee7cbab82954235220cc1722b8b615e319287d899d632a,2019-01,North Wales Police,North Wales Police,-3.134975,53.249072,On or near Heol-Yr-Eglwys,W01000288,Flintshire 004A,Other theft,Investigation complete; no suspect identified,
fffd9863fb194c92ca768595ff5cbb2c0832ed2477c01a8d8a1d9e75f52f5365,2019-01,North Wales Police,North Wales Police,-3.128602,53.248405,On or near Henry Taylor Street,W01000288,Flintshire 004A,Possession of weapons,Awaiting court outcome,
6526a8bf1902869fb65a7f20ed9c6bd461229d39f2ca0515f4b26a80955500a5,2019-01,North Wales Police,North Wales Police,-3.133474,53.249563,On or near Trelawny Square,W01000288,Flintshire 004A,Public order,Unable to prosecute suspect,
199cacaedf2b60beca28cb8789a8cef40c0357f1b44475936b1d3b178eb69297,2019-01,North Wales Police,North Wales Police,-3.130347,53.249206,On or near Castle Road,W01000288,Flintshire 004A,Public order,Investigation complete; no suspect identified,
30cb60b4cc30dad684349442c72941414827509dc892d7c8cd991e22a1cdc568,2019-01,North Wales Police,North Wales Police,-3.131158,53.248147,On or near Heol Caer,W01000288,Flintshire 004A,Public order,Investigation complete; no suspect identified,
9194f539b90621baba5ba636a8f2af27dd00a964de2509c1f009dbb6fbc579b3,2019-01,North Wales Police,North Wales Police,-3.132844,53.249003,On or near Heol Caer,W01000288,Flintshire 004A,Shoplifting,Investigation complete; no suspect identified,
f508e85fdafc7ad1ea03ccaf82f0082f8e336ced9f2ad1c07fd70c2caafd0cb4,2019-01,North Wales Police,North Wales Police,-3.134418,53.248988,On or near Supermarket,W01000288,Flintshire 004A,Shoplifting,Investigation complete; no suspect identified,
486a14a7f804e70c4589dd5231abc99fccb689d2df5dfb388e7e5eab9b6eac8e,2019-01,North Wales Police,North Wales Police,-3.131158,53.248147,On or near Heol Caer,W01000288,Flintshire 004A,Shoplifting,Investigation complete; no suspect identified,
f96ce586234931491e11f852602b6b371587b08e41ba543e3d067fcdcf639c84,2019-01,North Wales Police,North Wales Police,-3.134418,53.248988,On or near Supermarket,W01000288,Flintshire 004A,Shoplifting,Investigation complete; no suspect identified,
9508c0cffa63ef5f6331fc98b7f512fd4ff8b4f966d968f79d947ee1b86fe07f,2019-01,North Wales Police,North Wales Police,-3.129375,53.244163,On or near Prince Of Wales Avenue,W01000288,Flintshire 004A,Vehicle crime,Unable to prosecute suspect,
e94063fd0443c62f09251a9114c8cad50ac3c216080a0f716150acbaab6509f4,2019-01,North Wales Police,North Wales Police,-3.128630,53.249447,On or near Marsh Lane,W01000288,Flintshire 004A,Vehicle crime,Investigation complete; no suspect identified,
1ce9129665be2525e370de51043f6930539ea8530a1238219f1da68a99e337d8,2019-01,North Wales Police,North Wales Police,-3.126313,53.248561,On or near Sports/Recreation Area,W01000288,Flintshire 004A,Vehicle crime,Investigation complete; no suspect identified,
8ebf55a6cf5b37cf96ffa11cdc1ebd8069500f22a5f15808009e781ac955fe9b,2019-01,North Wales Police,North Wales Police,-3.129099,53.245631,On or near Trelawny Avenue,W01000288,Flintshire 004A,Vehicle crime,Investigation complete; no suspect identified,
1815c8a1a9d4135b59c6bc5c03173787c2d36a0c0828e3dc2124833c4314a398,2019-01,North Wales Police,North Wales Police,-3.130205,53.246115,On or near Borough Grove,W01000288,Flintshire 004A,Violence and sexual offences,Under investigation,
987c95ee53a8ba60ea34433b9034fb4e63208d1f66904e7279119df047698af1,2019-01,North Wales Police,North Wales Police,-3.134634,53.248653,On or near Sydney Street,W01000288,Flintshire 004A,Violence and sexual offences,Investigation complete; no suspect identified,
0f62a27d692f72d135aa71f1f4624be4e3771eae15724ebe7ae50646cde96c95,2019-01,North Wales Police,North Wales Police,-3.126313,53.248561,On or near Sports/Recreation Area,W01000288,Flintshire 004A,Violence and sexual offences,Unable to prosecute suspect,
00117ae071b2a4f920dd38400e0e6f633a0b92616e848fa7464e0e8ce71185ec,2019-01,North Wales Police,North Wales Police,-3.130205,53.246115,On or near Borough Grove,W01000288,Flintshire 004A,Violence and sexual offences,Action to be taken by another organisation,
7617912e919e1ee3d2127c7bdfae9b525f2c041b83febc9101dcf7958053616d,2019-01,North Wales Police,North Wales Police,-3.131780,53.250118,On or near New Roskell Square,W01000288,Flintshire 004A,Violence and sexual offences,Under investigation,
f0a8b6949b3619348140dce5edb934a371df03992c0b6df605c51f6718eefef8,2019-01,North Wales Police,North Wales Police,-3.134634,53.248653,On or near Sydney Street,W01000288,Flintshire 004A,Violence and sexual offences,Unable to prosecute suspect,
9b508eb89314c332d8fd0b1c3efe09cadb370444caabfaead73d278e45a13c09,2019-01,North Wales Police,North Wales Police,-3.136162,53.247515,On or near Police Station,W01000288,Flintshire 004A,Violence and sexual offences,Under investigation,
fbe975d7b46a1fa3fc5ba68de196892157fabdb6f107c618fefed8a117324bb7,2019-01,North Wales Police,North Wales Police,-3.131780,53.250118,On or near New Roskell Square,W01000288,Flintshire 004A,Violence and sexual offences,Under investigation,
7abb7b981a5db2a7cbc7f11f23cb32cf13ec7204ab771c315febd7329574bbee,2019-01,North Wales Police,North Wales Police,-3.130205,53.246115,On or near Borough Grove,W01000288,Flintshire 004A,Violence and sexual offences,Action to be taken by another organisation,
6d26fb8e3ab8c0e3c6f52ff6ed157d310f2a7da1308992ca1b011d25f4e903a9,2019-01,North Wales Police,North Wales Police,-3.134634,53.248653,On or near Sydney Street,W01000288,Flintshire 004A,Violence and sexual offences,Unable to prosecute suspect,
245a63e859ceaa9b58fb84a7f2ef3fd24dcba1fd563aeee3d58c6ca4c1b8cf82,2019-01,North Wales Police,North Wales Police,-3.132566,53.249230,On or near Lower Mumforth Street,W01000288,Flintshire 004A,Violence and sexual offences,Unable to prosecute suspect,
a75e74652f6fd390b35ee695e432de70fe8f546e238911de0e6226f8e83aa804,2019-01,North Wales Police,North Wales Police,-3.130205,53.246115,On or near Borough Grove,W01000288,Flintshire 004A,Violence and sexual offences,Action to be taken by another organisation,
c1edfd76105a3b5cb3a553b38518b17329070d76a31bbd3f61e6aadee5752554,2019-01,North Wales Police,North Wales Police,-3.136162,53.247515,On or near Police Station,W01000288,Flintshire 004A,Violence and sexual offences,Under investigation,
b72df526fdbb29b3a385d1ec16f2e04501760f6475b1b184ff36eecbbe963cd3,2019-01,North Wales Police,North Wales Police,-3.129099,53.245631,On or near Trelawny Avenue,W01000288,Flintshire 004A,Violence and sexual offences,Further investigation is not in the public interest,
c2dda1dcbd674c1b844623752551626360292f6fc6ecb646b4e0e631ffb8f0e1,2019-01,North Wales Police,North Wales Police,-3.130205,53.246115,On or near Borough Grove,W01000288,Flintshire 004A,Violence and sexual offences,Action to be taken by another organisation,
8028a623e00b49e0fb0474874298d2436f8bbec12ecfc0c6d2b256041d6da06b,2019-01,North Wales Police,North Wales Police,-3.128602,53.248405,On or near Henry Taylor Street,W01000288,Flintshire 004A,Violence and sexual offences,Under investigation,
d63e216c3fe340b73fc4506e911e3bd43b4a49676730efe5d07964429e967cad,2019-01,North Wales Police,North Wales Police,-3.129099,53.245631,On or near Trelawny Avenue,W01000288,Flintshire 004A,Violence and sexual offences,Unable to prosecute suspect,
e1deeba00b6e39b20613b5b7522c761354209c07055a766358af6b471a288e5c,2019-01,North Wales Police,North Wales Police,-3.130205,53.246115,On or near Borough Grove,W01000288,Flintshire 004A,Violence and sexual offences,Unable to prosecute suspect,
445e63ae83606b5787f34850c99773231ed412aa444d27aa336d172c6f31e42c,2019-01,North Wales Police,North Wales Police,-3.129099,53.245631,On or near Trelawny Avenue,W01000288,Flintshire 004A,Violence and sexual offences,Further investigation is not in the public interest,
9e2f75c78b6f7a002fb8b34b2f33fc4f8cd751a44b5de14fa45286e72cd4bc8c,2019-01,North Wales Police,North Wales Police,-3.130205,53.246115,On or near Borough Grove,W01000288,Flintshire 004A,Violence and sexual offences,Action to be taken by another organisation,
f9cb1395b9a1f47061fc31f86008bd44af7cf99b94bcc962fabaed656a4cc63d,2019-01,North Wales Police,North Wales Police,-3.132844,53.249003,On or near Heol Caer,W01000288,Flintshire 004A,Other crime,Investigation complete; no suspect identified,
,2019-01,North Wales Police,North Wales Police,-3.142116,53.251602,On or near Aber Road,W01000290,Flintshire 004B,Anti-social behaviour,,
,2019-01,North Wales Police,North Wales Police,-3.136477,53.249768,On or near Earl Street,W01000290,Flintshire 004B,Anti-social behaviour,,
,2019-01,North Wales Police,North Wales Police,-3.134819,53.250009,On or near Parking Area,W01000290,Flintshire 004B,Anti-social behaviour,,
,2019-01,North Wales Police,North Wales Police,-3.136477,53.249768,On or near Earl Street,W01000290,Flintshire 004B,Anti-social behaviour,,
,2019-01,North Wales Police,North Wales Police,-3.138775,53.249413,On or near Sports/Recreation Area,W01000290,Flintshire 004B,Anti-social behaviour,,
,2019-01,North Wales Police,North Wales Police,-3.136477,53.249768,On or near Earl Street,W01000290,Flintshire 004B,Anti-social behaviour,,
,2019-01,North Wales Police,North Wales Police,-3.135455,53.249113,On or near Supermarket,W01000290,Flintshire 004B,Anti-social behaviour,,
,2019-01,North Wales Police,North Wales Police,-3.136477,53.249768,On or near Earl Street,W01000290,Flintshire 004B,Anti-social behaviour,,
,2019-01,North Wales Police,North Wales Police,-3.134819,53.250009,On or near Parking Area,W01000290,Flintshire 004B,Anti-social behaviour,,
64ac795510250f4ffef72aed16cd927aec1ef50751dd829ddb23e59206828835,2019-01,North Wales Police,North Wales Police,-3.134819,53.250009,On or near Parking Area,W01000290,Flintshire 004B,Burglary,Unable to prosecute suspect,
de3ea5bbe1b078d6142e6f6b3a2249f4cc3325429a713387ca26507737ef94bb,2019-01,North Wales Police,North Wales Police,-3.139936,53.242885,On or near Bryn Road,W01000290,Flintshire 004B,Criminal damage and arson,Investigation complete; no suspect identified,
133e09317456d71f491e7a1e99fe7647f0182debba2dab0798c0cf0fb788bbc9,2019-01,North Wales Police,North Wales Police,-3.136477,53.249768,On or near Earl Street,W01000290,Flintshire 004B,Criminal damage and arson,Offender ordered to pay compensation,
c9f523be1ac48607ded30eb1f0b63c8894a48ec8c76926222c2697a1fe9bdff6,2019-01,North Wales Police,North Wales Police,-3.139936,53.242885,On or near Bryn Road,W01000290,Flintshire 004B,Criminal damage and arson,Investigation complete; no suspect identified,
1dfbc1c8cc672a32886f6e337b931e5de945edf065ee856ca4b47759b1b1a604,2019-01,North Wales Police,North Wales Police,-3.134819,53.250009,On or near Parking Area,W01000290,Flintshire 004B,Other theft,Investigation complete; no suspect identified,
9ec8c2ce69ae136b6de81bc15f4d6d2090387c23bbd3c3edffeedec03792ba93,2019-01,North Wales Police,North Wales Police,-3.138775,53.249413,On or near Sports/Recreation Area,W01000290,Flintshire 004B,Other theft,Investigation complete; no suspect identified,
77c308569af67780696554b1824dac76515f442a92d1a8eab3052e80b11ecbaf,2019-01,North Wales Police,North Wales Police,-3.138775,53.249413,On or near Sports/Recreation Area,W01000290,Flintshire 004B,Other theft,Investigation complete; no suspect identified,
2da356569fb8b1d0d4b0a1bbb89d34cdfebfc1cfc3c9272341304268e1f556db,2019-01,North Wales Police,North Wales Police,-3.136477,53.249768,On or near Earl Street,W01000290,Flintshire 004B,Other theft,Unable to prosecute suspect,
0f09d161fda92d5c55ac799ed1009f7700142237b3c0c45eba14c8c523d689ac,2019-01,North Wales Police,North Wales Police,-3.142116,53.251602,On or near Aber Road,W01000290,Flintshire 004B,Public order,Unable to prosecute suspect,
2e5bbd829e00f88379481459c05bbed62b5168fd31b5550e1010cc750c589de7,2019-01,North Wales Police,North Wales Police,-3.142116,53.251602,On or near Aber Road,W01000290,Flintshire 004B,Shoplifting,Unable to prosecute suspect,
f27d77b55577ab0486bdf82dea92009097b2aa60700742aaa7e1f4080ea14ee4,2019-01,North Wales Police,North Wales Police,-3.138775,53.249413,On or near Sports/Recreation Area,W01000290,Flintshire 004B,Shoplifting,Investigation complete; no suspect identified,
9a23c36cf0c147098a259cc1b2be7f3db4ba2787b8fad3d5627cbac755ead84b,2019-01,North Wales Police,North Wales Police,-3.136477,53.249768,On or near Earl Street,W01000290,Flintshire 004B,Shoplifting,Investigation complete; no suspect identified,
93eae4644ad7b66145f71c2f1be2bfe32c2ce1fa2dd40ebfeb410f1d362f8f1b,2019-01,North Wales Police,North Wales Police,-3.136477,53.249768,On or near Earl Street,W01000290,Flintshire 004B,Shoplifting,Investigation complete; no suspect identified,
6f32c2f5f90618b3ccd5274b44b43b5d1d287ba4965c7901fa50520d5c1010fd,2019-01,North Wales Police,North Wales Police,-3.138775,53.249413,On or near Sports/Recreation Area,W01000290,Flintshire 004B,Shoplifting,Investigation complete; no suspect identified,
6e480d95b82732e446d9415eb2ade62152708208bf3923fa566a309c489b3d1d,2019-01,North Wales Police,North Wales Police,-3.136477,53.249768,On or near Earl Street,W01000290,Flintshire 004B,Shoplifting,Investigation complete; no suspect identified,
8ae54f1aa85c42849be5fee45334e7a5990ff2ce62dcd1d876dd8db73ef51cc1,2019-01,North Wales Police,North Wales Police,-3.139241,53.246613,On or near The Meadows,W01000290,Flintshire 004B,Vehicle crime,Investigation complete; no suspect identified,
4517f24770b6c8e6432c4d104ce4df841ca6927c3040dca76f932bb9246d6ab9,2019-01,North Wales Police,North Wales Police,-3.138775,53.249413,On or near Sports/Recreation Area,W01000290,Flintshire 004B,Violence and sexual offences,Investigation complete; no suspect identified,
52231a4830446b41e11d7d89967e5706b308b19d97a6be6914dec69946416f61,2019-01,North Wales Police,North Wales Police,-3.142375,53.245568,On or near Cornist Road,W01000290,Flintshire 004B,Violence and sexual offences,Unable to prosecute suspect,
a8163cd0ff543810104f7eb72074b883f80fa1e7543dfe8d39d72322e079a4c5,2019-01,North Wales Police,North Wales Police,-3.136477,53.249768,On or near Earl Street,W01000290,Flintshire 004B,Violence and sexual offences,Unable to prosecute suspect,
ea8e2e177413f8b3e400d689397f4080f67c0e8caec7632a0cf8452e3f9ab48f,2019-01,North Wales Police,North Wales Police,-3.136477,53.249768,On or near Earl Street,W01000290,Flintshire 004B,Violence and sexual offences,Unable to prosecute suspect,
d5b818b6c3a5bcb2c531c0641e34e241a026d658b95697f7088a375682897fe7,2019-01,North Wales Police,North Wales Police,-3.142360,53.243896,On or near Maes Afon,W01000290,Flintshire 004B,Violence and sexual offences,Unable to prosecute suspect,
6df3ffd6990ac8fb0337dcb169cabc3e0c52702c88bcc6ae43835beb7c7c4b05,2019-01,North Wales Police,North Wales Police,-3.136477,53.249768,On or near Earl Street,W01000290,Flintshire 004B,Violence and sexual offences,Under investigation,
1a8982ef46221f86237eacec9e2282b80e498ac1525268bd4efc81f177262db3,2019-01,North Wales Police,North Wales Police,-3.142360,53.243896,On or near Maes Afon,W01000290,Flintshire 004B,Violence and sexual offences,Unable to prosecute suspect,
3cc927cbe4dbac483bdf6dec51e3a0672819da5c2a515623f2c8b26572ffd612,2019-01,North Wales Police,North Wales Police,-3.138775,53.249413,On or near Sports/Recreation Area,W01000290,Flintshire 004B,Violence and sexual offences,Under investigation,
31ae2e74d567b61c7b3f4a03802d73a68f128a5c0a16855b708d89c2e79c8c6c,2019-01,North Wales Police,North Wales Police,-3.136477,53.249768,On or near Earl Street,W01000290,Flintshire 004B,Violence and sexual offences,Unable to prosecute suspect,
6010e74c0813daca16c82743ea39178d7fc4be4636f9f0f7457f172dbc6e25ba,2019-01,North Wales Police,North Wales Police,-3.142360,53.243896,On or near Maes Afon,W01000290,Flintshire 004B,Violence and sexual offences,Unable to prosecute suspect,
e05754eb3c5290869091e408ce4a4271acb2c5a92d1f0fd0f828c2187cb1203c,2019-01,North Wales Police,North Wales Police,-3.142116,53.251602,On or near Aber Road,W01000290,Flintshire 004B,Other crime,Unable to prosecute suspect,
68d0779134e87846ba1704b2f17cd7c99136674923b3a6b2dd42272b6df7dad1,2019-01,North Wales Police,North Wales Police,-3.139407,53.246099,On or near Llys Alarch,W01000290,Flintshire 004B,Other crime,Unable to prosecute suspect,
,2019-01,North Wales Police,North Wales Police,-3.127625,53.242607,On or near Cae Hir,W01000292,Flintshire 004C,Anti-social behaviour,,
,2019-01,North Wales Police,North Wales Police,-3.127874,53.244088,On or near Queens Avenue,W01000292,Flintshire 004C,Anti-social behaviour,,
c4415745d987d08cd7fc07d898d7a355c0cc5a64a3924b1e237feba03d3f345f,2019-01,North Wales Police,North Wales Police,-3.124692,53.243327,On or near Maes Gwyn,W01000292,Flintshire 004C,Burglary,Under investigation,
b2e572fd2857d91b70a76fc307605ab59d845f957b6f193aad345563e68b5295,2019-01,North Wales Police,North Wales Police,-3.127744,53.242003,On or near Cae Derw,W01000292,Flintshire 004C,Burglary,Investigation complete; no suspect identified,
e3caae7fccd681148047eb29b74aa18dd7d69b880e6072c19afec35155d22212,2019-01,North Wales Police,North Wales Police,-3.127625,53.242607,On or near Cae Hir,W01000292,Flintshire 004C,Criminal damage and arson,Unable to prosecute suspect,
41bc3b9b4a7cc56860415483993444900e77d282752cdfcf30c5460fdc291471,2019-01,North Wales Police,North Wales Police,-3.127625,53.242607,On or near Cae Hir,W01000292,Flintshire 004C,Criminal damage and arson,Awaiting court outcome,
038e840aaa497c085c3562bd9905386d3efc1e55c7207494c42a15f0a8667705,2019-01,North Wales Police,North Wales Police,-3.127625,53.242607,On or near Cae Hir,W01000292,Flintshire 004C,Violence and sexual offences,Investigation complete; no suspect identified,
d62cfb9300a0258f34ccce0204736bc4503ec3c3b2f1177d91a94782386a2edd,2019-01,North Wales Police,North Wales Police,-3.127625,53.242607,On or near Cae Hir,W01000292,Flintshire 004C,Violence and sexual offences,Unable to prosecute suspect,
90f7d49db3962641612d81bc4bea1cc592682e91693403fd9b4608dda2a89ab2,2019-01,North Wales Police,North Wales Police,-3.125947,53.244331,On or near Kings Avenue,W01000292,Flintshire 004C,Violence and sexual offences,Unable to prosecute suspect,
c0b40fcc009f00ef305b1d2118e1ec1e0297dd498361e0d976f439dc5346a5fe,2019-01,North Wales Police,North Wales Police,-3.124692,53.243327,On or near Maes Gwyn,W01000292,Flintshire 004C,Violence and sexual offences,Unable to prosecute suspect,
796f4e9d4ec21aa289a8624815241937cb3c1b022deeda267cfcf5b92f1fc7d8,2019-01,North Wales Police,North Wales Police,-3.125947,53.244331,On or near Kings Avenue,W01000292,Flintshire 004C,Violence and sexual offences,Unable to prosecute suspect,
8b87868d7d060148415857fd50d3b5dffa1d95a27d2f4a81e9da76cc79b9f6c9,2019-01,North Wales Police,North Wales Police,-3.127744,53.242003,On or near Cae Derw,W01000292,Flintshire 004C,Violence and sexual offences,Further investigation is not in the public interest,
d9f0e121fd89964c442c25c3382ef62671baa898d3a2c534ac72161dc4952700,2019-01,North Wales Police,North Wales Police,-3.127744,53.242003,On or near Cae Derw,W01000292,Flintshire 004C,Violence and sexual offences,Formal action is not in the public interest,
,2019-01,North Wales Police,North Wales Police,-3.122404,53.244643,On or near Petrol Station,W01000293,Flintshire 004D,Anti-social behaviour,,
,2019-01,North Wales Police,North Wales Police,-3.117783,53.241009,On or near Croes Atti Lane,W01000293,Flintshire 004D,Anti-social behaviour,,
9e8159641c1af37d1f930ad012801dd084878f3d4d6c8756c52347a693a92b7a,2019-01,North Wales Police,North Wales Police,-3.126998,53.241525,On or near Cae Petit,W01000293,Flintshire 004D,Violence and sexual offences,Unable to prosecute suspect,
12aced6511b616238f5df9a5c680bee982bd2b9493bb90c1a1026548fab11297,2019-01,North Wales Police,North Wales Police,-3.126998,53.241525,On or near Cae Petit,W01000293,Flintshire 004D,Violence and sexual offences,Unable to prosecute suspect,
1a4fc4aacc638f8b6661e2936222f4426baa2ef6e0a4d068de1ab3dc3886e71e,2019-01,North Wales Police,North Wales Police,-3.111995,53.238529,On or near Chester Road,W01000293,Flintshire 004D,Violence and sexual offences,Unable to prosecute suspect,
afce416dc4fdd2372a5c6a1fa12b8de2329e5c56236a5be1ed6eae12cd93ffb7,2019-01,North Wales Police,North Wales Police,-3.122404,53.244643,On or near Petrol Station,W01000293,Flintshire 004D,Violence and sexual offences,Unable to prosecute suspect,
1b3921f362728fb773fa5a8f7d9c5ba8bcb25646eefd7d37969674587dafc5bf,2019-01,North Wales Police,North Wales Police,-3.111995,53.238529,On or near Chester Road,W01000293,Flintshire 004D,Violence and sexual offences,Under investigation,
b1263c118ace55683d73e6d0dd8164c7ae3c9c1a813763c82ef9bba7fb6cd0dc,2019-01,North Wales Police,North Wales Police,-3.094788,53.233034,On or near Rockliffe Lane,W01000293,Flintshire 004D,Other crime,Under investigation,
,2019-01,North Wales Police,North Wales Police,-3.146758,53.241921,On or near Woodland Court,W01000289,Flintshire 005A,Anti-social behaviour,,
e23441138254b3b04db805e3a91ed508d3c34725f4c7032dadf664917f936027,2019-01,North Wales Police,North Wales Police,-3.145477,53.245574,On or near Hallfield Close,W01000289,Flintshire 005A,Other theft,Under investigation,
cea1789cc9b08ec6a58c5a46d0aafce848f9561822cd5d3e544a0c849ba9d4d2,2019-01,North Wales Police,North Wales Police,-3.150824,53.246565,On or near Ffordd Yr Ysgol,W01000289,Flintshire 005A,Violence and sexual offences,Unable to prosecute suspect,
d0f3955857ede3c439d39eb0be2c04fac14c9e827189c660ef3c25f63763a0e4,2019-01,North Wales Police,North Wales Police,-3.146965,53.241254,On or near Chestnut Close,W01000291,Flintshire 005B,Criminal damage and arson,Investigation complete; no suspect identified,
95357d96accd947f95b0d9816f0928e01f1df473d9b1fed27d7c7ba1e23bd103,2019-01,North Wales Police,North Wales Police,-3.146117,53.239230,On or near Elwy Crescent,W01000291,Flintshire 005B,Other theft,Investigation complete; no suspect identified,
1f3b40c762de540739c6bf9e8ded2c3e8df16992f6719036afbf5b175c241e05,2019-01,North Wales Police,North Wales Police,-3.145210,53.242844,On or near Springfield Close,W01000291,Flintshire 005B,Violence and sexual offences,Investigation complete; no suspect identified,
1a1504ebf53d37558f06106dde024177ed641cad766898fa869b9998656b2684,2019-01,North Wales Police,North Wales Police,-3.145268,53.239427,On or near Dovey Close,W01000291,Flintshire 005B,Violence and sexual offences,Further investigation is not in the public interest,
5adbfccb757db46dfc74c8535bd2430006b87f08f6491d482d1ecc89eaeb995f,2019-01,North Wales Police,North Wales Police,-3.145268,53.239427,On or near Dovey Close,W01000291,Flintshire 005B,Violence and sexual offences,Further investigation is not in the public interest,
,2019-01,North Wales Police,North Wales Police,-3.128513,53.236486,On or near Swn-Y-Gwynt,W01000294,Flintshire 005C,Anti-social behaviour,,
c3cb4ce7af3ca46edd063969b1ff6d92156c5c72e46528be2a4fe42c6bc3c758,2019-01,North Wales Police,North Wales Police,-3.140625,53.224855,On or near Village Close,W01000294,Flintshire 005C,Burglary,Under investigation,
5c1e269bcb87dda1b7820a757a6d89ef5cfb1404ac99fd04e9643c154549b39c,2019-01,North Wales Police,North Wales Police,-3.127884,53.237040,On or near Bryn Onnen,W01000294,Flintshire 005C,Criminal damage and arson,Investigation complete; no suspect identified,
eabdd00582f29a469b9b01a1ce7fa407883032e788b279df40bb882de8eb9691,2019-01,North Wales Police,North Wales Police,-3.136742,53.239994,On or near Maes-Hyfryd,W01000294,Flintshire 005C,Other theft,Under investigation,
9250f103d354b5216e78adf20656bbca36e43b762c70e4ed817b2609edfa7bb3,2019-01,North Wales Police,North Wales Police,-3.127523,53.236432,On or near Cwm Eithion,W01000294,Flintshire 005C,Violence and sexual offences,Unable to prosecute suspect,
b6b62bd764d72de9591748f3fc14121c6f4d598adc411f98e22ec6198f49a2bc,2019-01,North Wales Police,North Wales Police,-3.140625,53.224855,On or near Village Close,W01000294,Flintshire 005C,Violence and sexual offences,Unable to prosecute suspect,
c8055dec7db6d08f780d445344ad9543b604d00cff6421d535405fd9a21c2e18,2019-01,North Wales Police,North Wales Police,-3.132906,53.236588,On or near Maes Teg,W01000294,Flintshire 005C,Violence and sexual offences,Action to be taken by another organisation,
bea74074fe3cf93b962ccdd8b30e0f97d2484f8b45ac5ddf8285fa3754d9e9f4,2019-01,North Wales Police,North Wales Police,-3.132906,53.236588,On or near Maes Teg,W01000294,Flintshire 005C,Violence and sexual offences,Action to be taken by another organisation,
,2019-01,North Wales Police,North Wales Police,-3.133277,53.240423,On or near King Edward Drive,W01000295,Flintshire 005D,Anti-social behaviour,,
7ae33f53ca264c697b7206cb79b7470645b7e204a73d1ab8f5d721a33e699c88,2019-01,North Wales Police,North Wales Police,-3.138574,53.244651,On or near Lon Odyn,W01000295,Flintshire 005D,Criminal damage and arson,Unable to prosecute suspect,
a93222760fb3a534035f9d0df0bda7ea4c9faa16ffcbebad8a848920786eab8d,2019-01,North Wales Police,North Wales Police,-3.137645,53.241837,On or near Mount Pleasant Avenue,W01000295,Flintshire 005D,Other theft,Investigation complete; no suspect identified,
b6dad0fe8762496e41ae698798c969e5858b85c9a774e61d8eb8dd023f61153e,2019-01,North Wales Police,North Wales Police,-3.137645,53.241837,On or near Mount Pleasant Avenue,W01000295,Flintshire 005D,Possession of weapons,Awaiting court outcome,
e86723949ced8441784b5fc3d864a356c09fffc090b31c623ed29a9bff17b9b6,2019-01,North Wales Police,North Wales Police,-3.133277,53.240423,On or near King Edward Drive,W01000295,Flintshire 005D,Public order,Unable to prosecute suspect,
b61f9df0cfacac18e7c1235a580594029c90238f3451d55264d204620d7d6114,2019-01,North Wales Police,North Wales Police,-3.138574,53.244651,On or near Lon Odyn,W01000295,Flintshire 005D,Vehicle crime,Under investigation,
41e65363e68d9a7c2d58faa7ed4e465e72218fe092b5a7a704bd9b35790aa2d3,2019-01,North Wales Police,North Wales Police,-3.138574,53.244651,On or near Lon Odyn,W01000295,Flintshire 005D,Violence and sexual offences,Unable to prosecute suspect,
fe3bb9305ac4964bc261b5305caa00683f3928a4f883139a5ac7b3a34e564809,2019-01,North Wales Police,North Wales Police,-3.133277,53.240423,On or near King Edward Drive,W01000295,Flintshire 005D,Violence and sexual offences,Unable to prosecute suspect,
ecf3c76a4ce4d1c88aaea4067a5c22f1c16022d09baaee48f05fff7fb6cfba8a,2019-01,North Wales Police,North Wales Police,-3.138574,53.244651,On or near Lon Odyn,W01000295,Flintshire 005D,Violence and sexual offences,Under investigation,
,2019-01,North Wales Police,North Wales Police,-3.200093,53.243077,On or near Maes Lygan,W01000258,Flintshire 006A,Anti-social behaviour,,
,2019-01,North Wales Police,North Wales Police,-3.235730,53.270157,On or near Pen-Y-Ball Hill,W01000258,Flintshire 006A,Anti-social behaviour,,
7201ed4ed3bf0242f45d408aa5da4a860b09e2e4f53b06110c1ad89e79f2d06d,2019-01,North Wales Police,North Wales Police,-3.244520,53.265103,On or near Maes Cynfaen,W01000258,Flintshire 006A,Criminal damage and arson,Investigation complete; no suspect identified,
02e8a9a16f65f0d58074e2606cfb09de975344fee870ae37107e2c29508626cb,2019-01,North Wales Police,North Wales Police,-3.235730,53.270157,On or near Pen-Y-Ball Hill,W01000258,Flintshire 006A,Other theft,Investigation complete; no suspect identified,
47e561e1aab2a17ed9d7d87ecd6905706eecbe558d7e082e5c56c781625c60ba,2019-01,North Wales Police,North Wales Police,-3.195607,53.240191,On or near Lon-Y-Fron,W01000258,Flintshire 006A,Violence and sexual offences,Unable to prosecute suspect,
ee6ec8fe36d6844472ea1d2afc29b9f12702c28b39e46d1f3c4ed8032eab23b5,2019-01,North Wales Police,North Wales Police,-3.195607,53.240191,On or near Lon-Y-Fron,W01000258,Flintshire 006A,Violence and sexual offences,Further investigation is not in the public interest,
bb88ab044882b6b94a7f68a84033848df109d592124f6fa3e55e086fb9811cab,2019-01,North Wales Police,North Wales Police,-3.194931,53.239065,On or near Llys-Y-Nant,W01000258,Flintshire 006A,Violence and sexual offences,Unable to prosecute suspect,
09c13ad24fc9ec0be0791cea1c0a37916139c28384c893948fcb69a61b92b051,2019-01,North Wales Police,North Wales Police,-3.194931,53.239065,On or near Llys-Y-Nant,W01000258,Flintshire 006A,Violence and sexual offences,Action to be taken by another organisation,
6ac4a6402902017001024ce8c926d44f43b66ef6e069c754cc9b324b028e3838,2019-01,North Wales Police,North Wales Police,-3.265450,53.256945,On or near Ffordd Calcoed,W01000270,Flintshire 006B,Criminal damage and arson,Investigation complete; no suspect identified,
1b1ec9cd920fc7a8dbac09f3bed115ab69176fc5b4f9ed1ff1593ca17b5fdc39,2019-01,North Wales Police,North Wales Police,-3.308701,53.246239,On or near Hoel Fawr,W01000271,Flintshire 006C,Violence and sexual offences,Unable to prosecute suspect,
fc72a5ea5002b1df1680e9dee70e0c727494b7e3e57b0aa6139d2b50245178cf,2019-01,North Wales Police,North Wales Police,-3.311780,53.245486,On or near Lon Syr Herbert,W01000271,Flintshire 006C,Violence and sexual offences,Under investigation,
728113777c0298488a128f8c14a7e7e3026da0369c136495c5b2a624739828b0,2019-01,North Wales Police,North Wales Police,-3.311780,53.245486,On or near Lon Syr Herbert,W01000271,Flintshire 006C,Violence and sexual offences,Unable to prosecute suspect,
,2019-01,North Wales Police,North Wales Police,-3.189347,53.192224,On or near Leete Avenue,W01000272,Flintshire 006D,Anti-social behaviour,,
f5c7001ec87588c8dc969372930868f32a29ead2cdae5f62a1884127ed92ca19,2019-01,North Wales Police,North Wales Police,-3.189347,53.192224,On or near Leete Avenue,W01000272,Flintshire 006D,Burglary,Further investigation is not in the public interest,
,2019-01,North Wales Police,North Wales Police,-3.179010,53.207159,On or near Cae'R Rhos,W01000301,Flintshire 006E,Anti-social behaviour,,
,2019-01,North Wales Police,North Wales Police,-3.185357,53.219025,On or near B5123,W01000301,Flintshire 006E,Anti-social behaviour,,
,2019-01,North Wales Police,North Wales Police,-3.185357,53.219025,On or near B5123,W01000301,Flintshire 006E,Anti-social behaviour,,
,2019-01,North Wales Police,North Wales Police,-3.185357,53.219025,On or near B5123,W01000301,Flintshire 006E,Anti-social behaviour,,
00bed2bc9ee4a3229d9ee441dc7b852a19750746b624c4b07b363b56a1f4ac96,2019-01,North Wales Police,North Wales Police,-3.185357,53.219025,On or near B5123,W01000301,Flintshire 006E,Burglary,Unable to prosecute suspect,
3ddb97248b628e11a56e03478eba39e9d9259090d00ff0936a71506cbec90a53,2019-01,North Wales Police,North Wales Police,-3.185357,53.219025,On or near B5123,W01000301,Flintshire 006E,Criminal damage and arson,Investigation complete; no suspect identified,
efce52017e0850099ed2945536818c71b7d1db1381ca5d7e5d131fe53cdf77c7,2019-01,North Wales Police,North Wales Police,-3.058862,53.218472,On or near Chapel Street,W01000273,Flintshire 007A,Criminal damage and arson,Investigation complete; no suspect identified,
ae868cd2a3a455692ccbb72bcd23912ab0be66079a313d0eff0dcde4fbc90430,2019-01,North Wales Police,North Wales Police,-3.058862,53.218472,On or near Chapel Street,W01000273,Flintshire 007A,Other theft,Investigation complete; no suspect identified,
1a0f705178983885e27c15136b573c89d17f4061e80711c1955c00e9d8c8ef81,2019-01,North Wales Police,North Wales Police,-3.065216,53.221670,On or near Pen Y Llan Street,W01000273,Flintshire 007A,Other theft,Under investigation,
8a72a3f8e51ef66afaa2ff2e5c93e8eae54e6d4b75487ff55e2eda028df176db,2019-01,North Wales Police,North Wales Police,-3.058862,53.218472,On or near Chapel Street,W01000273,Flintshire 007A,Other theft,Local resolution,
9f7111529f7efd9cd0954f256763b883b445941120408bc86c4f727f26e8ed68,2019-01,North Wales Police,North Wales Police,-3.065129,53.216942,On or near Linden Avenue,W01000273,Flintshire 007A,Shoplifting,Under investigation,
13f57b71ae6180ab7b4f0c32f4a5a3d373f9eae6f72643cf14264171d84588e3,2019-01,North Wales Police,North Wales Police,-3.065129,53.216942,On or near Linden Avenue,W01000273,Flintshire 007A,Shoplifting,Investigation complete; no suspect identified,
a96ea32d7bf43c1d764b274761492d7b6435b29908d43460e9d849ce05e48594,2019-01,North Wales Police,North Wales Police,-3.065523,53.215923,On or near Englefield Avenue,W01000273,Flintshire 007A,Vehicle crime,Unable to prosecute suspect,
1908d34fc9ac65a28854942d7a86d76440fccc96700830154af571d6511fd6ea,2019-01,North Wales Police,North Wales Police,-3.065088,53.215918,On or near Lynfield Close,W01000273,Flintshire 007A,Violence and sexual offences,Unable to prosecute suspect,
c7b1787670bb8a5ce20e5d6d5fad804d1972ad1516dee2e25c4318fb58d7f24d,2019-01,North Wales Police,North Wales Police,-3.065216,53.221670,On or near Pen Y Llan Street,W01000273,Flintshire 007A,Violence and sexual offences,Under investigation,
ed55bd8a2d3e764af75636651fe68620c52d7dedbfd75c4e2690101d54557129,2019-01,North Wales Police,North Wales Police,-3.061024,53.221141,On or near Leighton Court,W01000273,Flintshire 007A,Violence and sexual offences,Under investigation,
1e8d0ed9998ee18c7f03674e312cff71386a521fa3fbe6183351f0aa9cf27cc7,2019-01,North Wales Police,North Wales Police,-3.065216,53.221670,On or near Pen Y Llan Street,W01000273,Flintshire 007A,Violence and sexual offences,Under investigation,
3e5024e87a0de0b4ac36324b7b825f7c61fba6de7b638fab333d9638236d07bc,2019-01,North Wales Police,North Wales Police,-3.066873,53.216027,On or near Summersville Close,W01000273,Flintshire 007A,Violence and sexual offences,Under investigation,
6ffefe2f5d3181774955a7d669fb1e76379b65fb35231fbebd47ab2811a9e5ba,2019-01,North Wales Police,North Wales Police,-3.067432,53.219816,On or near Bryn Road,W01000273,Flintshire 007A,Violence and sexual offences,Unable to prosecute suspect,
400a338b6519a04a688fbc89730b88108002c7d82fb60cdeedc8b598f81a1503,2019-01,North Wales Police,North Wales Police,-3.058862,53.218472,On or near Chapel Street,W01000273,Flintshire 007A,Violence and sexual offences,Unable to prosecute suspect,
,2019-01,North Wales Police,North Wales Police,-3.057216,53.219763,On or near Fishermans' Road,W01000274,Flintshire 007B,Anti-social behaviour,,
,2019-01,North Wales Police,North Wales Police,-3.059929,53.219847,On or near Cable Street,W01000274,Flintshire 007B,Anti-social behaviour,,
,2019-01,North Wales Police,North Wales Police,-3.057216,53.219763,On or near Fishermans' Road,W01000274,Flintshire 007B,Anti-social behaviour,,
,2019-01,North Wales Police,North Wales Police,-3.057804,53.218113,On or near Primrose Street,W01000274,Flintshire 007B,Anti-social behaviour,,
,2019-01,North Wales Police,North Wales Police,-3.054875,53.217752,On or near Deans Place,W01000274,Flintshire 007B,Anti-social behaviour,,
,2019-01,North Wales Police,North Wales Police,-3.057804,53.218113,On or near Primrose Street,W01000274,Flintshire 007B,Anti-social behaviour,,
,2019-01,North Wales Police,North Wales Police,-3.054875,53.217752,On or near Deans Place,W01000274,Flintshire 007B,Anti-social behaviour,,
,2019-01,North Wales Police,North Wales Police,-3.057804,53.218113,On or near Primrose Street,W01000274,Flintshire 007B,Anti-social behaviour,,
,2019-01,North Wales Police,North Wales Police,-3.054140,53.215880,On or near Green Park,W01000274,Flintshire 007B,Anti-social behaviour,,
,2019-01,North Wales Police,North Wales Police,-3.059929,53.219847,On or near Cable Street,W01000274,Flintshire 007B,Anti-social behaviour,,
0759de7e21fba280f785c4806ebddfb64e61e641663627f2218befbbbf7f27f2,2019-01,North Wales Police,North Wales Police,-3.057804,53.218113,On or near Primrose Street,W01000274,Flintshire 007B,Criminal damage and arson,Offender given conditional discharge,
ed7fb4348e4c558573c773656a4ca63ea0f21771e4c807df1ae4268284c16e5e,2019-01,North Wales Police,North Wales Police,-3.051262,53.216984,On or near Parking Area,W01000274,Flintshire 007B,Criminal damage and arson,Investigation complete; no suspect identified,
6a07a4ea455fa242f3d7db0fafd82338a6e745580a66e21958e3fffe8ff9637c,2019-01,North Wales Police,North Wales Police,-3.052045,53.216555,On or near Windermere Avenue,W01000274,Flintshire 007B,Criminal damage and arson,Investigation complete; no suspect identified,
af67b12bbe6f63708aa20c6d1c7109b867efea1e6e892fc064d9ecd7f69082c9,2019-01,North Wales Police,North Wales Police,-3.058992,53.217096,On or near Garratt Close,W01000274,Flintshire 007B,Public order,Under investigation,
a43ff11270d6145c499817cbbdf5e61be4f441ff49dd4b1f6a6726fb22d55d9f,2019-01,North Wales Police,North Wales Police,-3.051262,53.216984,On or near Parking Area,W01000274,Flintshire 007B,Public order,Formal action is not in the public interest,
ddb02772c7d87032f3d8527ac00deaba22a077b4ba7a0b7ef890349980836a2d,2019-01,North Wales Police,North Wales Police,-3.057216,53.219763,On or near Fishermans' Road,W01000274,Flintshire 007B,Public order,Unable to prosecute suspect,
0c54b59de810877e20ab6e3d53a21f063091bf7ae18306815c3dbc22cc8bbbe6,2019-01,North Wales Police,North Wales Police,-3.057216,53.219763,On or near Fishermans' Road,W01000274,Flintshire 007B,Shoplifting,Investigation complete; no suspect identified,
6bad23adb8abbe14238b5041acf4d6f91c93b0e4b359b4b5e885a6a2a842ddad,2019-01,North Wales Police,North Wales Police,-3.057586,53.220785,On or near Parking Area,W01000274,Flintshire 007B,Vehicle crime,Investigation complete; no suspect identified,
3eb956a1b13a1eb739826f8f00217028291ba20432f35fd5b731cc59ba407783,2019-01,North Wales Police,North Wales Police,-3.053039,53.218011,On or near Wesley Street,W01000274,Flintshire 007B,Vehicle crime,Investigation complete; no suspect identified,
be800716f3f961981a1ebd17467e9b2209bd588730bd627babc4b9073e5ef1a0,2019-01,North Wales Police,North Wales Police,-3.057608,53.216829,On or near Dean'S Avenue,W01000274,Flintshire 007B,Violence and sexual offences,Unable to prosecute suspect,
4cef7c07c3b2cefa25d2fab570b610d7c112a687d432fc9feb3a8cb836a8a9bf,2019-01,North Wales Police,North Wales Police,-3.057216,53.219763,On or near Fishermans' Road,W01000274,Flintshire 007B,Violence and sexual offences,Unable to prosecute suspect,
35f6d5e2a9c46ade80238c0e86144e6121f51245f24effb03c4ecf7ec022f9cb,2019-01,North Wales Police,North Wales Police,-3.052665,53.217412,On or near High Street,W01000274,Flintshire 007B,Violence and sexual offences,Unable to prosecute suspect,
af3acf162bae9ee9f316ab4755592dcf0dae97a33da419d6abd45512cf71a3e7,2019-01,North Wales Police,North Wales Police,-3.057216,53.219763,On or near Fishermans' Road,W01000274,Flintshire 007B,Violence and sexual offences,Unable to prosecute suspect,
1ec09d61d576479b01dfbae7db2c1c5deadfbcd5130e1a72d59379ce63bd002c,2019-01,North Wales Police,North Wales Police,-3.050856,53.218741,On or near Sports/Recreation Area,W01000274,Flintshire 007B,Violence and sexual offences,Further investigation is not in the public interest,
af900d05121ceae2ea3b8cabdc081d5b92833aef9e27c302bacd7f21bf9af8de,2019-01,North Wales Police,North Wales Police,-3.054669,53.218527,On or near Llys Siandler,W01000274,Flintshire 007B,Violence and sexual offences,Unable to prosecute suspect,
52adf17e3e40bfbd49661627f13655b06dded5e94b86584b98000bf5198b36ac,2019-01,North Wales Police,North Wales Police,-3.057216,53.219763,On or near Fishermans' Road,W01000274,Flintshire 007B,Other crime,Awaiting court outcome,
2439659966611fccaf11433d3a2c03c9e1672e35c721b6148ea8d20418a5de3a,2019-01,North Wales Police,North Wales Police,-3.050856,53.218741,On or near Sports/Recreation Area,W01000274,Flintshire 007B,Other crime,Under investigation,
c91fc532621e60755f26201e43ae1bec3cc5acbc9e9507ebdd9cd73f00fab2ad,2019-01,North Wales Police,North Wales Police,-3.083470,53.228022,On or near Perenna Court,W01000275,Flintshire 007C,Burglary,Investigation complete; no suspect identified,
4cf5de24f8ab4f2a07fc11225eab80fc7737a2c250adbb6f8436c4a67359721f,2019-01,North Wales Police,North Wales Police,-3.071801,53.223840,On or near Cooper'S Lane,W01000275,Flintshire 007C,Other theft,Investigation complete; no suspect identified,
572fddd03cd8ffb29b5d10691a86867cc31a7daadb3be4f6c0add057d0872ccb,2019-01,North Wales Police,North Wales Police,-3.071801,53.223840,On or near Cooper'S Lane,W01000275,Flintshire 007C,Other theft,Unable to prosecute suspect,
8f12ea5f6d59bee8cebe3a07df8b771581b7ec25321ea8f100719b217cb89c72,2019-01,North Wales Police,North Wales Police,-3.076406,53.222935,On or near Kelsterton Court,W01000275,Flintshire 007C,Public order,Under investigation,
4f3a1ecdb84af5b2ab8db37a5c9e2922f0c6d8c792e645efc88f41f46794adba,2019-01,North Wales Police,North Wales Police,-3.073410,53.221093,On or near Florita Close,W01000275,Flintshire 007C,Vehicle crime,Investigation complete; no suspect identified,
ddee406d39b65131a7804e06b87eb664bf829c8dd6575410f60f0f5ce9dc0fb9,2019-01,North Wales Police,North Wales Police,-3.064718,53.222708,On or near Dee View Road,W01000275,Flintshire 007C,Violence and sexual offences,Unable to prosecute suspect,
0d55036ca5a1a06ef92589d7df1751cd2bd9234326732aa895f27cef04e4e550,2019-01,North Wales Police,North Wales Police,-3.078355,53.225983,On or near Further/Higher Educational Building,W01000275,Flintshire 007C,Violence and sexual offences,Unable to prosecute suspect,
b156c01599376168d455d4004339b9868962b44c03d11a2517bd6d71b23de397,2019-01,North Wales Police,North Wales Police,-3.076406,53.222935,On or near Kelsterton Court,W01000275,Flintshire 007C,Violence and sexual offences,Action to be taken by another organisation,
f187869e91eb2165b7fd95cf39573655262f8478634d5ea75a7c042e0af25722,2019-01,North Wales Police,North Wales Police,-3.064718,53.222708,On or near Dee View Road,W01000275,Flintshire 007C,Violence and sexual offences,Unable to prosecute suspect,
852dbd90569481a0ba22d26a868ffc023f5cb84ee5d5788ae994fdb43d54383d,2019-01,North Wales Police,North Wales Police,-3.080522,53.228148,On or near Kelsterton Road,W01000275,Flintshire 007C,Other crime,Investigation complete; no suspect identified,
,2019-01,North Wales Police,North Wales Police,-3.069551,53.223716,On or near Petrol Station,W01000278,Flintshire 007D,Anti-social behaviour,,
f1486280ea1cf300fc4154d712422af464b9614785205864b58bff04da8f800a,2019-01,North Wales Police,North Wales Police,-3.069844,53.218059,On or near Upper Bryn Road,W01000278,Flintshire 007D,Criminal damage and arson,Awaiting court outcome,
01502f1ca0cd8ce32badb877706bcf99f282c833e0933b7f31df547a21cc306c,2019-01,North Wales Police,North Wales Police,-3.068770,53.220622,On or near Kent Road,W01000278,Flintshire 007D,Criminal damage and arson,Investigation complete; no suspect identified,
00afeb4e589fe6ccb341c0d30c112342e3add5d2aa79ebd4957d2202e86efbff,2019-01,North Wales Police,North Wales Police,-3.069844,53.218059,On or near Upper Bryn Road,W01000278,Flintshire 007D,Criminal damage and arson,Unable to prosecute suspect,
0d3984822e46ce7361ddd8dc5c9a594532bfe5ab0b373d0b09eae83ba97612ab,2019-01,North Wales Police,North Wales Police,-3.066278,53.221606,On or near New Union Street,W01000278,Flintshire 007D,Criminal damage and arson,Unable to prosecute suspect,
e1e7490514d1dcb1b6745a5cd03fcc9e631ca764ea88ec7b1e8e71acbca8e14c,2019-01,North Wales Police,North Wales Police,-3.068330,53.222819,On or near Lower Brook Street,W01000278,Flintshire 007D,Other theft,Investigation complete; no suspect identified,
ef1bcb11a1a6bfcaad1b1c80704c8ec9e4c9ebfde4db85c078699e76bb65eea5,2019-01,North Wales Police,North Wales Police,-3.067293,53.221453,On or near Kings Road,W01000278,Flintshire 007D,Public order,Unable to prosecute suspect,
875a9658929c551c1206e07f5a5ffe916393dd72c50bf976b2a6060992cc6af1,2019-01,North Wales Police,North Wales Police,-3.068330,53.222819,On or near Lower Brook Street,W01000278,Flintshire 007D,Violence and sexual offences,Unable to prosecute suspect,
96d1eb669c52e9649bbd35cd9ac793fccae84e2938f23c59e47f1d968f244e59,2019-01,North Wales Police,North Wales Police,-3.070561,53.217388,On or near Lon Celyn,W01000278,Flintshire 007D,Violence and sexual offences,Unable to prosecute suspect,
161354260ce1bfac7d976f3afcba4b95aee3c7ed3c280572b9ec4abc59df2347,2019-01,North Wales Police,North Wales Police,-3.070561,53.217388,On or near Lon Celyn,W01000278,Flintshire 007D,Violence and sexual offences,Unable to prosecute suspect,
9c25bdd1589260507cf1ce1cb27f255710a2ec30ac42b8b640ce1e97af3ed6b9,2019-01,North Wales Police,North Wales Police,-3.070561,53.217388,On or near Lon Celyn,W01000278,Flintshire 007D,Violence and sexual offences,Unable to prosecute suspect,
709829469085162da9e8767ea8053fcd411270ab8fd3c0e9c287f91d6fb4537b,2019-01,North Wales Police,North Wales Police,-3.070104,53.218866,On or near River View,W01000278,Flintshire 007D,Violence and sexual offences,Investigation complete; no suspect identified,
,2019-01,North Wales Police,North Wales Police,-3.076226,53.216321,On or near Buttermere Close,W01000276,Flintshire 008A,Anti-social behaviour,,
1cf7c30cf7fb3afaa3492bf3b93feb73604dd283f317ac6f3379fbbadc3f7051,2019-01,North Wales Police,North Wales Police,-3.076583,53.219806,On or near Degas Close,W01000276,Flintshire 008A,Drugs,Offender given a drugs possession warning,
46fb40784e42a8f0c8972952b91715518bc88a0ed258e9fb2e08df740efa8bf2,2019-01,North Wales Police,North Wales Police,-3.074654,53.217567,On or near Caldbeck Crescent,W01000276,Flintshire 008A,Public order,Under investigation,
1cc679d6ba7e36bae26427ccb157bf726656c001a580a8c002ed365c13a0493d,2019-01,North Wales Police,North Wales Police,-3.075145,53.216232,On or near Lindale Close,W01000276,Flintshire 008A,Violence and sexual offences,Action to be taken by another organisation,
1d865636898970bbb11d364ea8927d33055608c01d54619b269936d966c4afa6,2019-01,North Wales Police,North Wales Police,-3.076500,53.220094,On or near Courbet Drive,W01000276,Flintshire 008A,Violence and sexual offences,Under investigation,
7a7d37aadb3fba3751d59f2a84c61b9e61b7c3795cfde9a5d2c7c5436e69b848,2019-01,North Wales Police,North Wales Police,-3.076226,53.216321,On or near Buttermere Close,W01000276,Flintshire 008A,Violence and sexual offences,Unable to prosecute suspect,
827c28ca3f97ae056ade1395ed0a5daccdf7d9261b144c83135bc587c13f06ba,2019-01,North Wales Police,North Wales Police,-3.076500,53.220094,On or near Courbet Drive,W01000276,Flintshire 008A,Other crime,Under investigation,
,2019-01,North Wales Police,North Wales Police,-3.073949,53.213312,On or near Maengwyn Avenue,W01000277,Flintshire 008B,Anti-social behaviour,,
3781f956175ce1abd9f622c4ac44b125e4e275aa57ea3636fd357a283324798b,2019-01,North Wales Police,North Wales Police,-3.074796,53.211857,On or near Springfield Close,W01000277,Flintshire 008B,Criminal damage and arson,Investigation complete; no suspect identified,
0ae0ee6e909e94b41e5e2260a279b78531895b8c048a0d6e0c48868386a8eb0d,2019-01,North Wales Police,North Wales Police,-3.075218,53.213157,On or near The Parks,W01000277,Flintshire 008B,Criminal damage and arson,Under investigation,
1005ed0becaeab4ac52920e61a8cf47cbe0e86975c5f321803e6650eb70e1cf9,2019-01,North Wales Police,North Wales Police,-3.073522,53.212426,On or near Machynlleth Way,W01000277,Flintshire 008B,Criminal damage and arson,Investigation complete; no suspect identified,
f262fe1c08f146ca03d5bc273011105738e3f08276064ad7698e3621d7d869a5,2019-01,North Wales Police,North Wales Police,-3.073522,53.212426,On or near Machynlleth Way,W01000277,Flintshire 008B,Criminal damage and arson,Investigation complete; no suspect identified,
2714f99a34dcf54cadbf9a603976741b58ccc875cdb3ff438ddadc6811d91a31,2019-01,North Wales Police,North Wales Police,-3.100648,53.221419,On or near Oakenholt Lane,W01000277,Flintshire 008B,Other theft,Action to be taken by another organisation,
a7b6b31f010c5d0f42e4830b27fb5cfb947dec88041bf8d620a7ce92fc1153f5,2019-01,North Wales Police,North Wales Police,-3.075218,53.213157,On or near The Parks,W01000277,Flintshire 008B,Shoplifting,Investigation complete; no suspect identified,
ab9a253444058946a7f687100c558f13d106b2603e321ed05d0759291f819175,2019-01,North Wales Police,North Wales Police,-3.075218,53.213157,On or near The Parks,W01000277,Flintshire 008B,Violence and sexual offences,Under investigation,
18298178c4e56ae79a78f4efd0bfdf0c341793274503e2a07b7725c8a4c2c971,2019-01,North Wales Police,North Wales Police,-3.100648,53.221419,On or near Oakenholt Lane,W01000277,Flintshire 008B,Violence and sexual offences,Unable to prosecute suspect,
1a46ede7afa87fd4f658db0cbe23e2f39f91b1efcedc17310f8a714705928c9f,2019-01,North Wales Police,North Wales Police,-3.075218,53.213157,On or near The Parks,W01000277,Flintshire 008B,Violence and sexual offences,Under investigation,
15726cab70d85adbb20cef6fe44f7d32834a73f49f029a9ff1fd908ff9d6efc7,2019-01,North Wales Police,North Wales Police,-3.056829,53.208314,On or near Parking Area,W01000279,Flintshire 008C,Criminal damage and arson,Investigation complete; no suspect identified,
f5c6701a8a4f7325b26ec041afacf6610c2eaa74f109203c5ef2ca6f5f3c44a5,2019-01,North Wales Police,North Wales Police,-3.056829,53.208314,On or near Parking Area,W01000279,Flintshire 008C,Violence and sexual offences,Unable to prosecute suspect,
f55b955bb2f0aabd4f13a48d73003b7d29021107d28300ce0024657a717522d8,2019-01,North Wales Police,North Wales Police,-3.056829,53.208314,On or near Parking Area,W01000279,Flintshire 008C,Violence and sexual offences,Unable to prosecute suspect,
c1e76a1f3b870c021fa9ad3a8736e923a80e0efd06ef62a119b7d09c97e538d5,2019-01,North Wales Police,North Wales Police,-3.063885,53.213897,On or near Sycamore Avenue,W01000281,Flintshire 008D,Violence and sexual offences,Awaiting court outcome,
a7fc1c98b5f97471a2cf8b2bf85a3ec9d4c6d395e080267d0a1f7365e0bd3fac,2019-01,North Wales Police,North Wales Police,-3.069328,53.211160,On or near Bodnant Grove,W01000281,Flintshire 008D,Violence and sexual offences,Unable to prosecute suspect,
,2019-01,North Wales Police,North Wales Police,-3.048454,53.215445,On or near High Street,W01000283,Flintshire 008E,Anti-social behaviour,,
,2019-01,North Wales Police,North Wales Police,-3.045832,53.214191,On or near Parking Area,W01000283,Flintshire 008E,Anti-social behaviour,,
,2019-01,North Wales Police,North Wales Police,-3.045832,53.214191,On or near Parking Area,W01000283,Flintshire 008E,Anti-social behaviour,,
,2019-01,North Wales Police,North Wales Police,-3.048273,53.213559,On or near Deeside Police Station,W01000283,Flintshire 008E,Anti-social behaviour,,
,2019-01,North Wales Police,North Wales Police,-3.048273,53.213559,On or near Deeside Police Station,W01000283,Flintshire 008E,Anti-social behaviour,,
,2019-01,North Wales Police,North Wales Police,-3.048454,53.215445,On or near High Street,W01000283,Flintshire 008E,Anti-social behaviour,,
90297d5b895de15a34ac54af600718e105609444fcf488c5c6acec8d36821a2c,2019-01,North Wales Police,North Wales Police,-3.048454,53.215445,On or near High Street,W01000283,Flintshire 008E,Burglary,Under investigation,
9f0ed9438d6344077aa06e4091bdbfe9539a7cbd24d6fd8162fc0cc380701b9b,2019-01,North Wales Police,North Wales Police,-3.050253,53.216157,On or near Parking Area,W01000283,Flintshire 008E,Criminal damage and arson,Unable to prosecute suspect,
85e2d99d73c2714ccb169002bcfc16e71c7ec0878c83df390e686fbb66abb234,2019-01,North Wales Police,North Wales Police,-3.048454,53.215445,On or near High Street,W01000283,Flintshire 008E,Criminal damage and arson,Unable to prosecute suspect,
27f3ce0caada4200dd5f7940bca5fde97cf786a91331a630ba893884d4a8f789,2019-01,North Wales Police,North Wales Police,-3.054016,53.210829,On or near Richmond Road,W01000283,Flintshire 008E,Drugs,Under investigation,
8ef28b54293cde0d54530dce04ea05cfed7952fbbeed631c051fdf5d855cfc93,2019-01,North Wales Police,North Wales Police,-3.048273,53.213559,On or near Deeside Police Station,W01000283,Flintshire 008E,Other theft,Investigation complete; no suspect identified,
d537375b3b5c3d7b4d1587c8cc9d180de9b9a3a78d31204196e2465866697ca9,2019-01,North Wales Police,North Wales Police,-3.045832,53.214191,On or near Parking Area,W01000283,Flintshire 008E,Other theft,Investigation complete; no suspect identified,
c902b1c5126b22169891356c84b70c3a55903094ee5657fd8790b4dfc57f5250,2019-01,North Wales Police,North Wales Police,-3.047645,53.216054,On or near Spring Street,W01000283,Flintshire 008E,Other theft,Investigation complete; no suspect identified,
3c2058eac39153108d9231d458d529833e02a18c3a5347d9fc0e5f4798fd6655,2019-01,North Wales Police,North Wales Police,-3.047645,53.216054,On or near Spring Street,W01000283,Flintshire 008E,Public order,Offender fined,
f84ddd92def983c5c7d4b9474a2f9c331ae6116ef9f2f3428e74ce5dcd45fb1c,2019-01,North Wales Police,North Wales Police,-3.048454,53.215445,On or near High Street,W01000283,Flintshire 008E,Public order,Unable to prosecute suspect,
776deb383d345cf7adca65775309b2d4865c9b54219a4e142f2d89327e136e4c,2019-01,North Wales Police,North Wales Police,-3.048454,53.215445,On or near High Street,W01000283,Flintshire 008E,Shoplifting,Investigation complete; no suspect identified,
832017f824ab656fbc8a00216627e3e617529c89f9aa7a980b999e074660f95b,2019-01,North Wales Police,North Wales Police,-3.051601,53.215534,On or near Breeze Hill,W01000283,Flintshire 008E,Violence and sexual offences,Under investigation,
dabb0731e951ac4cdbbc990fe6d8b32c544b9732b955d75b951e19181a185311,2019-01,North Wales Police,North Wales Police,-3.051601,53.215534,On or near Breeze Hill,W01000283,Flintshire 008E,Violence and sexual offences,Unable to prosecute suspect,
f39933365204b1988c11806f10695399cb60aea08db1401e58cbfb42b129a867,2019-01,North Wales Police,North Wales Police,-3.048454,53.215445,On or near High Street,W01000283,Flintshire 008E,Violence and sexual offences,Offender fined,
134a0b4b4544f931ac0ed8167f28048df2d6185a72d672a2a43d541b7d614ce9,2019-01,North Wales Police,North Wales Police,-3.045832,53.214191,On or near Parking Area,W01000283,Flintshire 008E,Violence and sexual offences,Under investigation,
0ef4c4cea86e20cb33abee4418ea7fdb6f2d2325f71bdd694867baf7d0595eae,2019-01,North Wales Police,North Wales Police,-3.045832,53.214191,On or near Parking Area,W01000283,Flintshire 008E,Violence and sexual offences,Under investigation,
ac346975521cd6134aa99b2be88d546864d65c103b6da7b3f46b6d9bda49f542,2019-01,North Wales Police,North Wales Police,-3.049572,53.217098,On or near Saint David'S Court,W01000283,Flintshire 008E,Violence and sexual offences,Under investigation,
ff4925ff256bd9ce037abf9e17440a559bbc5ed4eef1dac1e440d08cc02f130f,2019-01,North Wales Police,North Wales Police,-3.047645,53.216054,On or near Spring Street,W01000283,Flintshire 008E,Violence and sexual offences,Unable to prosecute suspect,
ffad01fd5ef593f3369e3af44ab9485c7cbb0647924ef687450cb51eaaa5d16a,2019-01,North Wales Police,North Wales Police,-3.049572,53.217098,On or near Saint David'S Court,W01000283,Flintshire 008E,Violence and sexual offences,Under investigation,
5945966530dc6f42fe62a87ddad0acfe67fc9c0a8a1d8b4925119f50c439740d,2019-01,North Wales Police,North Wales Police,-3.057407,53.210503,On or near Wepre Hall Crescent,W01000283,Flintshire 008E,Violence and sexual offences,Under investigation,
,2019-01,North Wales Police,North Wales Police,-2.997366,53.211344,On or near Ferry Close,W01000332,Flintshire 009A,Anti-social behaviour,,
,2019-01,North Wales Police,North Wales Police,-2.997366,53.211344,On or near Ferry Close,W01000332,Flintshire 009A,Anti-social behaviour,,
b56d26c9c75ec4af1bf215787d1615c3ee0ebf8791d616c12fcfd3d19bd88e57,2019-01,North Wales Police,North Wales Police,-3.001491,53.226429,On or near Drive D,W01000332,Flintshire 009A,Bicycle theft,Investigation complete; no suspect identified,
a26e8ff5cd50076b4419432d4c0b6684dbb8bf7621887712c5db4097db052d29,2019-01,North Wales Police,North Wales Police,-2.997066,53.215176,On or near Sealand Road,W01000332,Flintshire 009A,Burglary,Under investigation,
51a5ed5652a5bdbfd2625ab76cb8cd0cafd0aeabdec88fba3169e082c746c908,2019-01,North Wales Police,North Wales Police,-2.957899,53.205510,On or near Burgess Drive,W01000332,Flintshire 009A,Criminal damage and arson,Investigation complete; no suspect identified,
9803d3e16ca9b4a3b5ee6a5ab06165eab99ad91f6eddd9f5ee526f40ea6a496f,2019-01,North Wales Police,North Wales Police,-3.003191,53.217120,On or near Cedar Avenue,W01000332,Flintshire 009A,Criminal damage and arson,Unable to prosecute suspect,
cddd45d83dba33de644b949a0e7c8c02740d2b8f9a0d463d21f25e3f4bf99d44,2019-01,North Wales Police,North Wales Police,-2.998460,53.223632,On or near B5441,W01000332,Flintshire 009A,Drugs,Offender given conditional discharge,
fab5132bd3bdc633d5d093ad6638d85dfa81013a8d54a85b166843a061f15d31,2019-01,North Wales Police,North Wales Police,-2.969948,53.200073,On or near Deeside Lane,W01000332,Flintshire 009A,Drugs,Awaiting court outcome,
73e37cbb8b714fba7c0e1be8743dc2b587ad876f38d4b27cba69f8c231487e62,2019-01,North Wales Police,North Wales Police,-3.002835,53.217914,On or near Hawthorn View,W01000332,Flintshire 009A,Other theft,Investigation complete; no suspect identified,
7c06390da484ea53682bbaa9299e966199f7cfd707ca2b020e45368e5b92b644,2019-01,North Wales Police,North Wales Police,-2.996995,53.225029,On or near Welsh Road,W01000332,Flintshire 009A,Public order,Investigation complete; no suspect identified,
7f772d7e646c513cf588f15b9dd9eeaf2d9e538174fe811d403dba8698b01f42,2019-01,North Wales Police,North Wales Police,-2.969948,53.200073,On or near Deeside Lane,W01000332,Flintshire 009A,Public order,Unable to prosecute suspect,
5ad838e0dc218d77899a1456a6ee0f3dc252b3eebaa1c9e1acc56f470bbab99b,2019-01,North Wales Police,North Wales Police,-2.969948,53.200073,On or near Deeside Lane,W01000332,Flintshire 009A,Public order,Under investigation,
46b601cb4b82945bd4ffca551f60b1f0608857c7dcf93306589e2215260fdd78,2019-01,North Wales Police,North Wales Police,-3.003757,53.230419,On or near Drive A,W01000332,Flintshire 009A,Shoplifting,Investigation complete; no suspect identified,
0238294adeeacd57aa082975cbbc646af058003e640628c316a4f91cdbe662fb,2019-01,North Wales Police,North Wales Police,-3.003191,53.217120,On or near Cedar Avenue,W01000332,Flintshire 009A,Vehicle crime,Investigation complete; no suspect identified,
bd3cc6ddf3470bced902518eacb7b26604f07e1e887e3ec8b5785cf2c146657a,2019-01,North Wales Police,North Wales Police,-2.965838,53.215676,On or near Elm Tree Road,W01000332,Flintshire 009A,Vehicle crime,Investigation complete; no suspect identified,
6aa9a107261c3b8796c4dc9c46a4c2303e4749e521865c4573116a35dbdbc7a3,2019-01,North Wales Police,North Wales Police,-3.010663,53.225965,On or near Third Avenue,W01000332,Flintshire 009A,Vehicle crime,Investigation complete; no suspect identified,
7c71aa6b1a324c26390d658b53096660510939609dd749ab4e5504220ea7e093,2019-01,North Wales Police,North Wales Police,-2.999834,53.210586,On or near South Green,W01000332,Flintshire 009A,Violence and sexual offences,Action to be taken by another organisation,
67bd55007839213c3aa175fb52a93452880e0d85afd6f7d92d3d648a7aae6c3f,2019-01,North Wales Police,North Wales Police,-3.009095,53.212800,On or near Glenesk Court,W01000332,Flintshire 009A,Violence and sexual offences,Unable to prosecute suspect,
98e13e7e75f0f0909181510877a43a6536f31683661ab0ac7da99f63f8819c94,2019-01,North Wales Police,North Wales Police,-2.999834,53.210586,On or near South Green,W01000332,Flintshire 009A,Violence and sexual offences,Action to be taken by another organisation,
,2019-01,North Wales Police,North Wales Police,-3.011153,53.214356,On or near Bridge View,W01000333,Flintshire 009B,Anti-social behaviour,,
,2019-01,North Wales Police,North Wales Police,-3.006964,53.214508,On or near Welsh Road,W01000333,Flintshire 009B,Anti-social behaviour,,
,2019-01,North Wales Police,North Wales Police,-3.003419,53.214673,On or near A494,W01000333,Flintshire 009B,Anti-social behaviour,,
,2019-01,North Wales Police,North Wales Police,-3.013138,53.214069,On or near Farm Road,W01000333,Flintshire 009B,Anti-social behaviour,,
b7354a78e7037f3d52885057491d0863f15fd007a931e274589c449ec5bf96f2,2019-01,North Wales Police,North Wales Police,-3.009354,53.216169,On or near Mapplewood Avenue,W01000333,Flintshire 009B,Burglary,Investigation complete; no suspect identified,
0eec51b4c0d0c787db9c6337d8b3d01e9a6b9ad589b21c8f28f13d90fac35b93,2019-01,North Wales Police,North Wales Police,-3.012253,53.215911,On or near Brookside,W01000333,Flintshire 009B,Criminal damage and arson,Unable to prosecute suspect,
91c74d6d80ecde94f9a311fd6c8c474ea40320ce6a529fa6a56e20ef9847e5c0,2019-01,North Wales Police,North Wales Police,-3.007736,53.216156,On or near Sandy Lane,W01000333,Flintshire 009B,Criminal damage and arson,Under investigation,
0bca98805a0438555f244e8b674f4c96b582ad490fa954a3ca6d2f33d0237a60,2019-01,North Wales Police,North Wales Police,-3.009354,53.216169,On or near Mapplewood Avenue,W01000333,Flintshire 009B,Criminal damage and arson,Investigation complete; no suspect identified,
af3e19bdc951ac10b3fccaa4e49fe9037863a8997eec5ec8dcd4be4ac169613d,2019-01,North Wales Police,North Wales Police,-3.008705,53.215312,On or near Stafford Road,W01000333,Flintshire 009B,Other theft,Suspect charged as part of another case,
dd577800272c426b0c0ed277e012b03d6669727604820f553b239e0f39f910b6,2019-01,North Wales Police,North Wales Police,-3.003419,53.214673,On or near A494,W01000333,Flintshire 009B,Public order,Unable to prosecute suspect,
fb84c70f67a504b58b2fd138faae019f8e8ac26de783f4e96db363db3ed518bb,2019-01,North Wales Police,North Wales Police,-3.006964,53.214508,On or near Welsh Road,W01000333,Flintshire 009B,Shoplifting,Investigation complete; no suspect identified,
7c57f6806e63df50aeaa316da7e31d363405fa389b517699847a69f0d7f834ff,2019-01,North Wales Police,North Wales Police,-3.011153,53.214356,On or near Bridge View,W01000333,Flintshire 009B,Vehicle crime,Investigation complete; no suspect identified,
1cfc61979a154489982d0b7c67941e506113d989b06cf4055e490ea443cb687e,2019-01,North Wales Police,North Wales Police,-3.007736,53.216156,On or near Sandy Lane,W01000333,Flintshire 009B,Violence and sexual offences,Unable to prosecute suspect,
fc01143f9eb01f59c3cceabebbd3abce22fef350749882daa264107cdeb4a6ed,2019-01,North Wales Police,North Wales Police,-3.013138,53.214069,On or near Farm Road,W01000333,Flintshire 009B,Violence and sexual offences,Under investigation,
955c83346a97b276733b5001c26c347c8620c02a6b4c80c8e5d4db2be38d2e87,2019-01,North Wales Police,North Wales Police,-3.011153,53.214356,On or near Bridge View,W01000333,Flintshire 009B,Violence and sexual offences,Unable to prosecute suspect,
930438b867538904d9e537a1541a5b5dc870176a012210cdcb14049b6a5c366f,2019-01,North Wales Police,North Wales Police,-3.011153,53.214356,On or near Bridge View,W01000333,Flintshire 009B,Violence and sexual offences,Unable to prosecute suspect,
356bb95c267ebb0ab0da8f13c779ff121a562234f8d534a6ba6f39fdb73e0c6a,2019-01,North Wales Police,North Wales Police,-3.012253,53.215911,On or near Brookside,W01000333,Flintshire 009B,Violence and sexual offences,Under investigation,
8158172184f895963cbde43447c75e8cb3f4953a3c4b3b8535518ef294d77e78,2019-01,North Wales Police,North Wales Police,-3.010922,53.215985,On or near Sealand Avenue,W01000333,Flintshire 009B,Violence and sexual offences,Unable to prosecute suspect,
552e760ccca5a4b53f99854c5028c641487961464624f07bcd4ba2214d992893,2019-01,North Wales Police,North Wales Police,-3.011153,53.214356,On or near Bridge View,W01000333,Flintshire 009B,Other crime,Action to be taken by another organisation,
,2019-01,North Wales Police,North Wales Police,-3.034883,53.212220,On or near Health Street,W01000334,Flintshire 009C,Anti-social behaviour,,
,2019-01,North Wales Police,North Wales Police,-3.040905,53.208598,On or near Kent Avenue,W01000334,Flintshire 009C,Anti-social behaviour,,
,2019-01,North Wales Police,North Wales Police,-3.035630,53.212761,On or near Ashfield Road,W01000334,Flintshire 009C,Anti-social behaviour,,
,2019-01,North Wales Police,North Wales Police,-3.034883,53.212220,On or near Health Street,W01000334,Flintshire 009C,Anti-social behaviour,,
f797e680107cfcc145c6890ebfbfd7b9a4ff7dd14490670ae5977245e14b9827,2019-01,North Wales Police,North Wales Police,-3.035630,53.212761,On or near Ashfield Road,W01000334,Flintshire 009C,Burglary,Investigation complete; no suspect identified,
3184533c8bf979e4220b52f6c0ffb09e93201205f9025e92a52e91af54c0f1de,2019-01,North Wales Police,North Wales Police,-3.042253,53.208029,On or near Stanley Place,W01000334,Flintshire 009C,Criminal damage and arson,Investigation complete; no suspect identified,
26f187cddd66d9fdb0edc6c931ce9dbc9a3fd509b72d3f449db01e04f24e9aee,2019-01,North Wales Police,North Wales Police,-3.033107,53.210006,On or near Park Avenue,W01000334,Flintshire 009C,Drugs,Awaiting court outcome,
9a820676fbcd7e3985a10aaac7d6a4aca578fee0fb88be6ff5a1c93e6965aaac,2019-01,North Wales Police,North Wales Police,-3.039305,53.209925,On or near Gloucester Avenue,W01000334,Flintshire 009C,Other theft,Unable to prosecute suspect,
616624165f39a3f2b4d7d5e05ed26bb583de2915ce686e028f31f2086902f024,2019-01,North Wales Police,North Wales Police,-3.033107,53.210006,On or near Park Avenue,W01000334,Flintshire 009C,Public order,Investigation complete; no suspect identified,
4e6cf574c5858e62b2bbea8205707293910be061a3a21f60dca7b9abab90a96b,2019-01,North Wales Police,North Wales Police,-3.038768,53.211889,On or near Pedestrian Subway,W01000334,Flintshire 009C,Robbery,Unable to prosecute suspect,
3c0e6c143684230a6d8d40625cfc610aa9d6766e05ba84d20a9ad1eb256e9675,2019-01,North Wales Police,North Wales Police,-3.033107,53.210006,On or near Park Avenue,W01000334,Flintshire 009C,Shoplifting,Awaiting court outcome,
8c11a0e0d622cb18640ac1568dd080733c8cd3f6555ffaadc491727b7f21ada5,2019-01,North Wales Police,North Wales Police,-3.033107,53.210006,On or near Park Avenue,W01000334,Flintshire 009C,Shoplifting,Under investigation,
613ed0a7d6781fc1d5fc72c0edba8b19d646f5ceb0cc5039c3191f9ccc1c639b,2019-01,North Wales Police,North Wales Police,-3.033107,53.210006,On or near Park Avenue,W01000334,Flintshire 009C,Vehicle crime,Investigation complete; no suspect identified,
6bd045e5f7cebbe22af2e5fe3042caeb6f9e3310ccb3cf2df45fb253f8addf7b,2019-01,North Wales Police,North Wales Police,-3.034298,53.210319,On or near Ketland Close,W01000334,Flintshire 009C,Violence and sexual offences,Unable to prosecute suspect,
73476f080972d1b1fd2b0a400d2f0f7f03dcfbb093a4a94091390d8bec315567,2019-01,North Wales Police,North Wales Police,-3.042253,53.208029,On or near Stanley Place,W01000334,Flintshire 009C,Violence and sexual offences,Unable to prosecute suspect,
26c8d5abea4722a52401c7f63ccd58be18bbf115bb4fd5b0dccb27c092ea6f85,2019-01,North Wales Police,North Wales Police,-3.037841,53.208850,On or near Butler Street,W01000334,Flintshire 009C,Violence and sexual offences,Unable to prosecute suspect,
2d242fd6c417bcab723109fa1c580cc996e42d9204d731de2eaf70f6508ca77b,2019-01,North Wales Police,North Wales Police,-3.035945,53.209720,On or near Lavender Court,W01000334,Flintshire 009C,Violence and sexual offences,Unable to prosecute suspect,
dbe83649146cbf500d48489bb31deef363cb402ebe3a467525fee85e21583930,2019-01,North Wales Police,North Wales Police,-3.035945,53.209720,On or near Lavender Court,W01000334,Flintshire 009C,Violence and sexual offences,Unable to prosecute suspect,
,2019-01,North Wales Police,North Wales Police,-3.040453,53.203559,On or near Elmwood Close,W01000335,Flintshire 009D,Anti-social behaviour,,
,2019-01,North Wales Police,North Wales Police,-3.036303,53.202211,On or near Castle Hill Street,W01000335,Flintshire 009D,Anti-social behaviour,,
,2019-01,North Wales Police,North Wales Police,-3.034613,53.204141,On or near Llwyn Clwyd,W01000335,Flintshire 009D,Anti-social behaviour,,
670faf772a6e5238deddb627c18c53fc68ebb15cbcd20f66f86f090b35b8179a,2019-01,North Wales Police,North Wales Police,-3.038575,53.202686,On or near Glasll Wyn,W01000335,Flintshire 009D,Burglary,Unable to prosecute suspect,
6a2bb915b39502e8437dd9b712af0f32b76ec02a34ca8d9ee3ead7261a85dd93,2019-01,North Wales Police,North Wales Police,-3.035005,53.202384,On or near Terrig Street,W01000335,Flintshire 009D,Other theft,Investigation complete; no suspect identified,
8b5146b8d1636b6a9a75766e632a257de619afffaeb7b1c84acdcb7a4f6f1176,2019-01,North Wales Police,North Wales Police,-3.036303,53.202211,On or near Castle Hill Street,W01000335,Flintshire 009D,Other theft,Unable to prosecute suspect,
44a0ce49e51f602f5ade8a867c259d3f2cfd366dfc3920c784ee354f1af3f53a,2019-01,North Wales Police,North Wales Police,-3.041915,53.204589,On or near Taylors View,W01000335,Flintshire 009D,Other theft,Investigation complete; no suspect identified,
fcad09a77428145a71b7f882f0a1e08f259849cc1a83673cc1701ec178b7ce74,2019-01,North Wales Police,North Wales Police,-3.038018,53.203167,On or near Grange Road,W01000335,Flintshire 009D,Public order,Investigation complete; no suspect identified,
ed9598a1062544d53efd9c68ee1df570ad78d4d528dab7f3813841e87a274a89,2019-01,North Wales Police,North Wales Police,-3.038942,53.204220,On or near Central Drive,W01000335,Flintshire 009D,Public order,Investigation complete; no suspect identified,
886c138cf1b437421f797d8a3447e0b9fe07f051c5f0bb1a07216bdafef79ef8,2019-01,North Wales Police,North Wales Police,-3.034613,53.204141,On or near Llwyn Clwyd,W01000335,Flintshire 009D,Public order,Unable to prosecute suspect,
be7a7410343633a0e3fe5889258af7b0a61458699e0659f4a1b72c7f4d108a03,2019-01,North Wales Police,North Wales Police,-3.038222,53.203552,On or near Supermarket,W01000335,Flintshire 009D,Shoplifting,Investigation complete; no suspect identified,
d7c7afab15cb9fab625897d18e4963b4bd238f8f6c7681f1abd4897b307d51dc,2019-01,North Wales Police,North Wales Police,-3.038222,53.203552,On or near Supermarket,W01000335,Flintshire 009D,Shoplifting,Under investigation,
cb6dcc19f17210bfb13e944b9cdf2ca0f269c4ab1e90a78995f96ce212cb0f67,2019-01,North Wales Police,North Wales Police,-3.038222,53.203552,On or near Supermarket,W01000335,Flintshire 009D,Shoplifting,Awaiting court outcome,
06f58ec5d95ebffc1e74c01afcb5971d0f8a196c47cba5629ab766e7d9c9070d,2019-01,North Wales Police,North Wales Police,-3.038222,53.203552,On or near Supermarket,W01000335,Flintshire 009D,Shoplifting,Investigation complete; no suspect identified,
25262aa8dd48a390de239b1906037f98cf0aefb3e5d63ce4c70e38a316fc74d8,2019-01,North Wales Police,North Wales Police,-3.038222,53.203552,On or near Supermarket,W01000335,Flintshire 009D,Shoplifting,Awaiting court outcome,
bd30aa777231277c8d49f45c4d112d4a0bd8fd9359c95255053d1ee3276dcdb7,2019-01,North Wales Police,North Wales Police,-3.038222,53.203552,On or near Supermarket,W01000335,Flintshire 009D,Shoplifting,Investigation complete; no suspect identified,
17a9655a50a10c60e95b596cfa6559d7f7ea8c3b2aa23afd3fa2ee4447e455b3,2019-01,North Wales Police,North Wales Police,-3.038222,53.203552,On or near Supermarket,W01000335,Flintshire 009D,Shoplifting,Awaiting court outcome,
deba0e5d6e24da3237399a565e823f3969d25f0c2dfb9f6273eae85a302db949,2019-01,North Wales Police,North Wales Police,-3.038222,53.203552,On or near Supermarket,W01000335,Flintshire 009D,Shoplifting,Investigation complete; no suspect identified,
be21394ccdd2a451b98472288a3ff6bc757b62b3e784d8201b7db8a790744235,2019-01,North Wales Police,North Wales Police,-3.038222,53.203552,On or near Supermarket,W01000335,Flintshire 009D,Shoplifting,Investigation complete; no suspect identified,
80dc7945cef343f600c9af7799488e5f49f5f89105944d2fc3b3e798a410aef0,2019-01,North Wales Police,North Wales Police,-3.036465,53.202704,On or near Clwyd Street,W01000335,Flintshire 009D,Vehicle crime,Investigation complete; no suspect identified,
b66ca669da8e5b9362fa7de66b578066038b7513024588c5b1a43e3226281738,2019-01,North Wales Police,North Wales Police,-3.039649,53.205580,On or near Farmfield Close,W01000335,Flintshire 009D,Vehicle crime,Unable to prosecute suspect,
a376a76c632565d82b5ce6b629ec5ed8097a01866735819e8ee54bf0924c85ec,2019-01,North Wales Police,North Wales Police,-3.039649,53.205580,On or near Farmfield Close,W01000335,Flintshire 009D,Vehicle crime,Investigation complete; no suspect identified,
ef72e85046921067b1830a7f5e8c449558090531d7c67edec3051e58be77e2e9,2019-01,North Wales Police,North Wales Police,-3.034613,53.204141,On or near Llwyn Clwyd,W01000335,Flintshire 009D,Vehicle crime,Investigation complete; no suspect identified,
5513a9a924d5f194460cb58bcb60e125a4b9016b634b032b5fc77fdffe055237,2019-01,North Wales Police,North Wales Police,-3.036465,53.202704,On or near Clwyd Street,W01000335,Flintshire 009D,Violence and sexual offences,Unable to prosecute suspect,
dc211e13956b1df23d4a14372a42fc2e590c007e597babd8741eaea2f0f77588,2019-01,North Wales Police,North Wales Police,-3.038018,53.203167,On or near Grange Road,W01000335,Flintshire 009D,Violence and sexual offences,Formal action is not in the public interest,
b8b0b836d61cf75bee04b0425292e723e6cc0ee8bce835075d2c3788c4ec4a23,2019-01,North Wales Police,North Wales Police,-3.038018,53.203167,On or near Grange Road,W01000335,Flintshire 009D,Violence and sexual offences,Formal action is not in the public interest,
0bf475e5afeeb51b0d355e91ed660b05e2ebad143ef20dd62fd477aac7f93d10,2019-01,North Wales Police,North Wales Police,-3.038018,53.203167,On or near Grange Road,W01000335,Flintshire 009D,Violence and sexual offences,Unable to prosecute suspect,
8624bc003d3fb1b6def8189a5a85ef0634575b7d81985b915ee01992493bc41d,2019-01,North Wales Police,North Wales Police,-3.039649,53.205580,On or near Farmfield Close,W01000335,Flintshire 009D,Violence and sexual offences,Investigation complete; no suspect identified,
0458894857ecdca68fd6c7201bf3d2cba7ffb3d75a587cc0935881897e4fe203,2019-01,North Wales Police,North Wales Police,-3.035580,53.202640,On or near St Ethelwold'S Street,W01000335,Flintshire 009D,Violence and sexual offences,Investigation complete; no suspect identified,
841ba3f2c449290fac205bf587d326b1ad9c0b8c85d7e1feee5a5509b033c4fe,2019-01,North Wales Police,North Wales Police,-3.038018,53.203167,On or near Grange Road,W01000335,Flintshire 009D,Violence and sexual offences,Unable to prosecute suspect,
990db1388e531c7c0354b30d44ec4844c90946bc08141bbcb9f02784d259891a,2019-01,North Wales Police,North Wales Police,-3.038018,53.203167,On or near Grange Road,W01000335,Flintshire 009D,Violence and sexual offences,Unable to prosecute suspect,
383ee6ef49d0b6cd1a4114bfa22bc766620ecde26660e7cf4f800fd6b69ddb3d,2019-01,North Wales Police,North Wales Police,-3.038018,53.203167,On or near Grange Road,W01000335,Flintshire 009D,Violence and sexual offences,Unable to prosecute suspect,
9061b6de9193816d306aeaf1152bce9d2bcab126975530dd8481a8f23f98f229,2019-01,North Wales Police,North Wales Police,-3.036303,53.202211,On or near Castle Hill Street,W01000335,Flintshire 009D,Violence and sexual offences,Under investigation,
,2019-01,North Wales Police,North Wales Police,-3.029495,53.204841,On or near Supermarket,W01000336,Flintshire 009E,Anti-social behaviour,,
,2019-01,North Wales Police,North Wales Police,-3.034670,53.204643,On or near Chevrons Way,W01000336,Flintshire 009E,Anti-social behaviour,,
,2019-01,North Wales Police,North Wales Police,-3.032987,53.205018,On or near Allans Close,W01000336,Flintshire 009E,Anti-social behaviour,,
,2019-01,North Wales Police,North Wales Police,-3.029495,53.204841,On or near Supermarket,W01000336,Flintshire 009E,Anti-social behaviour,,
,2019-01,North Wales Police,North Wales Police,-3.029495,53.204841,On or near Supermarket,W01000336,Flintshire 009E,Anti-social behaviour,,
703c352547c5a6a052976431cd9f9b0eaba57e4cec49a67b79196187645f7bd0,2019-01,North Wales Police,North Wales Police,-3.029495,53.204841,On or near Supermarket,W01000336,Flintshire 009E,Bicycle theft,Investigation complete; no suspect identified,
2857a2af7da259a2c119dc838897e621c36a5d8adaac0b52355a735ce20edaf3,2019-01,North Wales Police,North Wales Police,-3.034670,53.204643,On or near Chevrons Way,W01000336,Flintshire 009E,Criminal damage and arson,Unable to prosecute suspect,
75e0edbed1be1fbc0c461be19a09cd326ed9c7fcc5fa9690ee6756b19a6e1c51,2019-01,North Wales Police,North Wales Police,-3.034670,53.204643,On or near Chevrons Way,W01000336,Flintshire 009E,Criminal damage and arson,Investigation complete; no suspect identified,
02361892a84d4618ea6ea133fd766e971c7a0e99985f9274ab8646c16eaa8fa9,2019-01,North Wales Police,North Wales Police,-3.029495,53.204841,On or near Supermarket,W01000336,Flintshire 009E,Other theft,Investigation complete; no suspect identified,
c9f04c6e2fb2f84f944dcc21618ca48fd2fca4e624aca7e860fc4e30fb32d28c,2019-01,North Wales Police,North Wales Police,-3.037602,53.207009,On or near Crossways,W01000336,Flintshire 009E,Other theft,Under investigation,
3e9284de363295748d8a6874f9f13a5e41e264541b3b738f1259c6bed6d6886d,2019-01,North Wales Police,North Wales Police,-3.034351,53.206300,On or near North Street,W01000336,Flintshire 009E,Public order,Unable to prosecute suspect,
eeba3c7b15e3228720feeb9ba9a2670bf9c67f3812ea265a2ee40013d1c7a9f2,2019-01,North Wales Police,North Wales Police,-3.037744,53.206064,On or near Llys Ceibren,W01000336,Flintshire 009E,Vehicle crime,Investigation complete; no suspect identified,
1ed5bc7e902fc44f0995a42c886a820076ee156d289fef994ade984a1077923d,2019-01,North Wales Police,North Wales Police,-3.034351,53.206300,On or near North Street,W01000336,Flintshire 009E,Vehicle crime,Investigation complete; no suspect identified,
1de750043bf7460138462cf1099d2802d56176a5393b465f029324eefc47937d,2019-01,North Wales Police,North Wales Police,-3.034444,53.207073,On or near Westminster Crescent,W01000336,Flintshire 009E,Violence and sexual offences,Unable to prosecute suspect,
a104701dbad00d3caff4f301650220843249ecc832a544fead88c34ebf1b4292,2019-01,North Wales Police,North Wales Police,-3.037602,53.207009,On or near Crossways,W01000336,Flintshire 009E,Violence and sexual offences,Unable to prosecute suspect,
c32360a4d710cb81ef981eaeedc9d21f55930bc2179cc48016dc8da2fc18642c,2019-01,North Wales Police,North Wales Police,-3.032987,53.205018,On or near Allans Close,W01000336,Flintshire 009E,Violence and sexual offences,Under investigation,
4bc7531feef772d76e6c0d166fe7060a6ca90509323517f1f4ec83dc0f1fccee,2019-01,North Wales Police,North Wales Police,-3.029495,53.204841,On or near Supermarket,W01000336,Flintshire 009E,Violence and sexual offences,Under investigation,
207218c44c53d2320ab6cd7412af491d3ebcc2c327a87bf2bffb3b8ecc1e7f13,2019-01,North Wales Police,North Wales Police,-3.034351,53.206300,On or near North Street,W01000336,Flintshire 009E,Violence and sexual offences,Under investigation,
20a8b9e7aa7505afc31b6151e5c8be50bc69c1790b8f2b9ddfbbd986de39b678,2019-01,North Wales Police,North Wales Police,-3.029495,53.204841,On or near Supermarket,W01000336,Flintshire 009E,Violence and sexual offences,Unable to prosecute suspect,
43d67812eba75e35d0225a593711fe2f074e03ed69a738e8ff29b7ef58119670,2019-01,North Wales Police,North Wales Police,-3.029495,53.204841,On or near Supermarket,W01000336,Flintshire 009E,Violence and sexual offences,Investigation complete; no suspect identified,
5d55a19a22623270765c7f09af4cbf99351eb7b2cdba8c51d5ad57549000d886,2019-01,North Wales Police,North Wales Police,-3.034444,53.207073,On or near Westminster Crescent,W01000336,Flintshire 009E,Violence and sexual offences,Action to be taken by another organisation,
,2019-01,North Wales Police,North Wales Police,-3.046370,53.211679,On or near Woodland Crescent,W01000337,Flintshire 009F,Anti-social behaviour,,
,2019-01,North Wales Police,North Wales Police,-3.042029,53.212975,On or near Supermarket,W01000337,Flintshire 009F,Anti-social behaviour,,
,2019-01,North Wales Police,North Wales Police,-3.045637,53.208018,On or near Griffiths Court,W01000337,Flintshire 009F,Anti-social behaviour,,
531b08214dc4f8351796e3db189a5ca7114bb5b9b1e51040aaa400dcd3dc2020,2019-01,North Wales Police,North Wales Police,-3.039627,53.213338,On or near King Edward Street,W01000337,Flintshire 009F,Burglary,Investigation complete; no suspect identified,
37de94434440091a77db7582e95fbb548faab4ddb1d72da962c0b0b1d31f3508,2019-01,North Wales Police,North Wales Police,-3.045117,53.212481,On or near Rowden Crescent,W01000337,Flintshire 009F,Criminal damage and arson,Investigation complete; no suspect identified,
54245d2d2af3a9f8bd1c00c608154bdf0de546011cd989ba39d2d51c016b6d78,2019-01,North Wales Police,North Wales Police,-3.047008,53.209606,On or near Taliesin Avenue,W01000337,Flintshire 009F,Criminal damage and arson,Investigation complete; no suspect identified,
a2593e388599d2d3fd0b6be219e0fea2af8a5a89b9b4033d70c0d0e3c8c0c454,2019-01,North Wales Police,North Wales Police,-3.042029,53.212975,On or near Supermarket,W01000337,Flintshire 009F,Criminal damage and arson,Investigation complete; no suspect identified,
51a526abb4348f7f48405bb04935b8e0e652e53bccfef2fab255ec3754ae7f0b,2019-01,North Wales Police,North Wales Police,-3.046370,53.211679,On or near Woodland Crescent,W01000337,Flintshire 009F,Criminal damage and arson,Investigation complete; no suspect identified,
981bc167ab30eea32dd5333570a90bc7509997050deb3ae60177966a0bbe20dd,2019-01,North Wales Police,North Wales Police,-3.045760,53.213086,On or near Brook Road,W01000337,Flintshire 009F,Criminal damage and arson,Investigation complete; no suspect identified,
15382c5aeda1bb732171711175e1cb846b6fede26439d0f0a2ac60c335cc3050,2019-01,North Wales Police,North Wales Police,-3.039614,53.212808,On or near Parking Area,W01000337,Flintshire 009F,Other theft,Investigation complete; no suspect identified,
2b5921a1b65d1121d70e1a6033a1b3457e38e2998f67eae22698585ebd7b1944,2019-01,North Wales Police,North Wales Police,-3.041945,53.213237,On or near Chester Road (West),W01000337,Flintshire 009F,Public order,Offender given a caution,
18c5fc4ca4e72c8e7b476604d0efa3ebfec663bdf69d8e3f47db624ae8f6974d,2019-01,North Wales Police,North Wales Police,-3.039614,53.212808,On or near Parking Area,W01000337,Flintshire 009F,Violence and sexual offences,Investigation complete; no suspect identified,
4a5fff3630ab97a8e205a0899c33c2e2e89ee80b8d928cb7a19b9c0046e742e3,2019-01,North Wales Police,North Wales Police,-3.039414,53.211991,On or near Charmleys Lane,W01000337,Flintshire 009F,Violence and sexual offences,Unable to prosecute suspect,
9fd37cf7fae2616d0388114efc12324a27ca56216e629dfa7d9631798d0673dc,2019-01,North Wales Police,North Wales Police,-3.039414,53.211991,On or near Charmleys Lane,W01000337,Flintshire 009F,Violence and sexual offences,Under investigation,
e6347e657dfdd3fe219c5197116dd8184ae96e043a1d0beab83b2c483a4e322a,2019-01,North Wales Police,North Wales Police,-3.046847,53.210344,On or near Mill View Road,W01000337,Flintshire 009F,Violence and sexual offences,Under investigation,
b968983d9a9c22061d09131a76bebcf2dbbfdf301ad1400e0d8d8e97ab863f62,2019-01,North Wales Police,North Wales Police,-3.046847,53.210344,On or near Mill View Road,W01000337,Flintshire 009F,Violence and sexual offences,Unable to prosecute suspect,
,2019-01,North Wales Police,North Wales Police,-3.040402,53.195892,On or near Mountfield Road,W01000252,Flintshire 010A,Anti-social behaviour,,
,2019-01,North Wales Police,North Wales Police,-3.040143,53.198780,On or near Hawthorn Close,W01000252,Flintshire 010A,Anti-social behaviour,,
c91e5ab1d207b23fd62504f0a34112e32255d2170288c639cb34be635302bdcf,2019-01,North Wales Police,North Wales Police,-3.040402,53.195892,On or near Mountfield Road,W01000252,Flintshire 010A,Criminal damage and arson,Investigation complete; no suspect identified,
29f10dd163466d0c93332796c32193dbbdd9fef7fb4f94c28f9ce4db928c061b,2019-01,North Wales Police,North Wales Police,-3.032281,53.202417,On or near Aston Road,W01000252,Flintshire 010A,Public order,Unable to prosecute suspect,
264ba295be34f15134dcc87e0e753e91af23020402630f61b896822200be8b14,2019-01,North Wales Police,North Wales Police,-3.032281,53.202417,On or near Aston Road,W01000252,Flintshire 010A,Public order,Unable to prosecute suspect,
e11136e68ef494ec69b783d6e07a413e7e68fe717845991ecba01e375e03e7a9,2019-01,North Wales Police,North Wales Police,-3.040402,53.195892,On or near Mountfield Road,W01000252,Flintshire 010A,Violence and sexual offences,Unable to prosecute suspect,
473111b87a33c25ec5ef202456d6c484849300c153f740db259eadec17c4c403,2019-01,North Wales Police,North Wales Police,-3.040143,53.198780,On or near Hawthorn Close,W01000252,Flintshire 010A,Violence and sexual offences,Unable to prosecute suspect,
0761bdcad2614466c27eea7a18d41e97be98e2ccac19042436214a5e14113587,2019-01,North Wales Police,North Wales Police,-3.032281,53.202417,On or near Aston Road,W01000252,Flintshire 010A,Violence and sexual offences,Unable to prosecute suspect,
,2019-01,North Wales Police,North Wales Police,-3.071611,53.203058,On or near Field Park,W01000280,Flintshire 010B,Anti-social behaviour,,
d2accbaaacbee1bb1b8f4218b6df9f3b752183e4f5c69834a47a4b134786a175,2019-01,North Wales Police,North Wales Police,-3.068512,53.205468,On or near Halkyn View,W01000280,Flintshire 010B,Possession of weapons,Awaiting court outcome,
cfdf3d49fec835c25a0ab4376c02a82c0d29a7c38325b2223cfe4d711086b453,2019-01,North Wales Police,North Wales Police,-3.076877,53.205887,On or near Ffordd Mellion,W01000280,Flintshire 010B,Vehicle crime,Investigation complete; no suspect identified,
dc611da324420ffbd816aa6d11f2b845e3c0a5748cf355739db273b524a06702,2019-01,North Wales Police,North Wales Police,-3.073878,53.206274,On or near Mckeown Close,W01000280,Flintshire 010B,Violence and sexual offences,Under investigation,
55953b01435477c4fc26771a3946485b65f60dd52494502fb7f156bee02a976d,2019-01,North Wales Police,North Wales Police,-3.066836,53.206077,On or near Hadfield Close,W01000280,Flintshire 010B,Violence and sexual offences,Unable to prosecute suspect,
74fcd9b61c7762c996d642484c4d31d0094be59d767a81991ffb538fa0335f88,2019-01,North Wales Police,North Wales Police,-3.076471,53.206395,On or near Lon Llwyni,W01000280,Flintshire 010B,Violence and sexual offences,Defendant found not guilty,
7417b925f386330c97b1fb78d51bdbdfa005d76c1195d71c7cfd116da1b57981,2019-01,North Wales Police,North Wales Police,-3.076471,53.206395,On or near Lon Llwyni,W01000280,Flintshire 010B,Violence and sexual offences,Defendant found not guilty,
7537e625e9d9ddfa64d6480363e6316c2865e4c8218db976bf9eb928216addba,2019-01,North Wales Police,North Wales Police,-3.073878,53.206274,On or near Mckeown Close,W01000280,Flintshire 010B,Violence and sexual offences,Unable to prosecute suspect,
7035f9433fc8c28a5ae6b71bc2b8d5b8e42efdcfb04a827a693d1656971c606a,2019-01,North Wales Police,North Wales Police,-3.066023,53.206524,On or near Pengwladys Avenue,W01000280,Flintshire 010B,Violence and sexual offences,Under investigation,
0e93af64b6a1f85798a681d65507484fcddbcc8b835159f9ce9fd573d40d0b77,2019-01,North Wales Police,North Wales Police,-3.078144,53.203844,On or near Penrhos Court,W01000280,Flintshire 010B,Violence and sexual offences,Investigation complete; no suspect identified,
,2019-01,North Wales Police,North Wales Police,-3.077508,53.209540,On or near Bryn Hyfryd,W01000282,Flintshire 010C,Anti-social behaviour,,
c72c9d96271c547b74650bc6f40b0fd1aabf3038e995f95ccb6fe7d26c439e31,2019-01,North Wales Police,North Wales Police,-3.077508,53.209540,On or near Bryn Hyfryd,W01000282,Flintshire 010C,Violence and sexual offences,Under investigation,
8f7fd0b29528854fe306786cc1f747095828cd8860393bde1c1ffbd75fc13230,2019-01,North Wales Police,North Wales Police,-3.077508,53.209540,On or near Bryn Hyfryd,W01000282,Flintshire 010C,Violence and sexual offences,Under investigation,
4b9bbc2baa850f1e53cf9ae8d8867b333a080678a15e8228d46adec95cdccea4,2019-01,North Wales Police,North Wales Police,-3.066920,53.208269,On or near Cwrt Telford,W01000282,Flintshire 010C,Violence and sexual offences,Unable to prosecute suspect,
,2019-01,North Wales Police,North Wales Police,-3.098119,53.202790,On or near The Groves,W01000325,Flintshire 010D,Anti-social behaviour,,
,2019-01,North Wales Police,North Wales Police,-3.085772,53.200018,On or near Sebring Avenue,W01000325,Flintshire 010D,Anti-social behaviour,,
86cd952e3a4d95113304494c06f2d9acf03887a8fd6723ad6a45b5051d641431,2019-01,North Wales Police,North Wales Police,-3.095907,53.201183,On or near Moel View Drive,W01000325,Flintshire 010D,Criminal damage and arson,Investigation complete; no suspect identified,
dba1d798a276314e4e7ab94252de93dd1786c673ca388ea3e505f0af6947545b,2019-01,North Wales Police,North Wales Police,-3.088695,53.197186,On or near Petrol Station,W01000325,Flintshire 010D,Shoplifting,Investigation complete; no suspect identified,
,2019-01,North Wales Police,North Wales Police,-3.019097,53.193811,On or near Sunnyside,W01000311,Flintshire 011A,Anti-social behaviour,,
,2019-01,North Wales Police,North Wales Police,-3.019988,53.192868,On or near Ashlea Close,W01000311,Flintshire 011A,Anti-social behaviour,,
18243505f6475bd7a1c10c0f64f79126780bdc58d3749c2c0471a703a3da95b0,2019-01,North Wales Police,North Wales Police,-3.019097,53.193811,On or near Sunnyside,W01000311,Flintshire 011A,Public order,Under investigation,
ad524146b044e17a9eb823c67ba43fc6613efbd59b3dbdaef9771e99296c0cdc,2019-01,North Wales Police,North Wales Police,-3.019097,53.193811,On or near Sunnyside,W01000311,Flintshire 011A,Violence and sexual offences,Under investigation,
deec0e56edbb30c12bdc2dc1aae3eff809192b880bb078f1b5f6c2779e46308b,2019-01,North Wales Police,North Wales Police,-3.020092,53.196625,On or near Orchard Close,W01000311,Flintshire 011A,Violence and sexual offences,Under investigation,
,2019-01,North Wales Police,North Wales Police,-3.011987,53.198276,On or near Earle'S Crescent,W01000312,Flintshire 011B,Anti-social behaviour,,
ebe66c1768f27616bbeddaf707fc1a51bb51e4ed51d025b146b2912dcc4914e2,2019-01,North Wales Police,North Wales Police,-3.015801,53.201273,On or near Clos Coed,W01000312,Flintshire 011B,Burglary,Under investigation,
8d3701f11d2aedb6e17e66a4a3d2c005d4dee4c9665baab7f5ea95334c565e2e,2019-01,North Wales Police,North Wales Police,-3.018232,53.200893,On or near Marnel Drive,W01000312,Flintshire 011B,Criminal damage and arson,Under investigation,
661d6ab6f0879e3f020e935d0e7e61d405a8d3dcc6d4c3fabafbf63fb17cacd6,2019-01,North Wales Police,North Wales Police,-3.024234,53.202729,On or near Powys Close,W01000312,Flintshire 011B,Public order,Investigation complete; no suspect identified,
39e8b8a8694122223ea98fbc4ffec2ea0d2132e1c7d62261edc07808c845a596,2019-01,North Wales Police,North Wales Police,-3.013915,53.198754,On or near Field View,W01000312,Flintshire 011B,Violence and sexual offences,Investigation complete; no suspect identified,
be908fc27a5a6988de04fb86edfe4cc4486c42fbbca33a20d2db8fdcfd86cf38,2019-01,North Wales Police,North Wales Police,-3.016609,53.196825,On or near Hawarden Way,W01000312,Flintshire 011B,Violence and sexual offences,Unable to prosecute suspect,
627573aaab4ee589b78120491ca5f82e335d6fa7ddd633739811b523cb356f3e,2019-01,North Wales Police,North Wales Police,-3.016609,53.196825,On or near Hawarden Way,W01000312,Flintshire 011B,Violence and sexual offences,Unable to prosecute suspect,
0f62232ac976658969b5ba49a6e1381d6a6d229044e042464c249c95b62f433c,2019-01,North Wales Police,North Wales Police,-3.018232,53.200893,On or near Marnel Drive,W01000312,Flintshire 011B,Violence and sexual offences,Under investigation,
772c7f5609cadf65eb271edad8d8d1be26dcb6fa92c3b13db250c692787d9e8a,2019-01,North Wales Police,North Wales Police,-3.024234,53.202729,On or near Powys Close,W01000312,Flintshire 011B,Violence and sexual offences,Under investigation,
00b4e57769831f7bac8ff9be7554867aab943f6d73bce99f428f74a90c0ea79d,2019-01,North Wales Police,North Wales Police,-3.016609,53.196825,On or near Hawarden Way,W01000312,Flintshire 011B,Violence and sexual offences,Unable to prosecute suspect,
e125eeef73e0adb19edb10492cee61d408292ea01875752936d0d2a2877ce354,2019-01,North Wales Police,North Wales Police,-3.016832,53.201849,On or near Hampton Avenue,W01000312,Flintshire 011B,Violence and sexual offences,Unable to prosecute suspect,
,2019-01,North Wales Police,North Wales Police,-3.024492,53.206026,On or near Chester Road (West),W01000328,Flintshire 011C,Anti-social behaviour,,
,2019-01,North Wales Police,North Wales Police,-3.022294,53.206153,On or near Glynne Street,W01000328,Flintshire 011C,Anti-social behaviour,,
,2019-01,North Wales Police,North Wales Police,-3.024536,53.206601,On or near Parking Area,W01000328,Flintshire 011C,Anti-social behaviour,,
,2019-01,North Wales Police,North Wales Police,-3.004412,53.196974,On or near Bernsdale Close,W01000328,Flintshire 011C,Anti-social behaviour,,
,2019-01,North Wales Police,North Wales Police,-3.000850,53.195053,On or near Wood Street,W01000328,Flintshire 011C,Anti-social behaviour,,
046637cde3c14dc7ff22497bfd06a299e0a3ea05f2a97c9f2a83a85f9dc1f399,2019-01,North Wales Police,North Wales Police,-3.009449,53.199826,On or near Church View,W01000328,Flintshire 011C,Bicycle theft,Investigation complete; no suspect identified,
c07c31f9c8919bd4de7695491188a446fbc8ad8a429f196732cd530dab230d7d,2019-01,North Wales Police,North Wales Police,-3.019461,53.209143,On or near Petrol Station,W01000328,Flintshire 011C,Burglary,Investigation complete; no suspect identified,
e01c982e219c5816c344ebd7bb85c623c75d92e7d8f5ffd169d3ecdf2f1ac793,2019-01,North Wales Police,North Wales Police,-3.024536,53.206601,On or near Parking Area,W01000328,Flintshire 011C,Criminal damage and arson,Investigation complete; no suspect identified,
9f3be5f5aa56534387167dd137002f238c6703d1b3e8057dcd55a7b3f34c06ce,2019-01,North Wales Police,North Wales Police,-3.003647,53.203318,On or near Park/Open Space,W01000328,Flintshire 011C,Criminal damage and arson,Investigation complete; no suspect identified,
6240a5a1eb6b6551c1868f8945ac20e4a5e607b3e4ddf278d26aa8b93c604873,2019-01,North Wales Police,North Wales Police,-3.024492,53.206026,On or near Chester Road (West),W01000328,Flintshire 011C,Criminal damage and arson,Under investigation,
55c6e7696babcba2a7b09c8e1090601faa2c96a5bd00d9eb651f27e9026fb596,2019-01,North Wales Police,North Wales Police,-3.009273,53.200609,On or near Rectors Lane,W01000328,Flintshire 011C,Criminal damage and arson,Investigation complete; no suspect identified,
c6ea4005419f3c175d7b66ac0373175c860b4cdb928c36d11f28b16279855d6d,2019-01,North Wales Police,North Wales Police,-2.996562,53.200573,On or near Babbage Road,W01000328,Flintshire 011C,Criminal damage and arson,Investigation complete; no suspect identified,
54c204e4642ba853dbfac7e3de3d6e5e5e3b8db166eb99686132c60f0243f0fb,2019-01,North Wales Police,North Wales Police,-2.998111,53.196353,On or near Queen'S Avenue,W01000328,Flintshire 011C,Criminal damage and arson,Investigation complete; no suspect identified,
b01ae738c92a919a9d453f60fbc377a01d07f5cba2045e1f76e7d2860d1fcb6c,2019-01,North Wales Police,North Wales Police,-3.017122,53.210269,On or near Welsh Road,W01000328,Flintshire 011C,Drugs,Offender given a drugs possession warning,
c1cbfd8a31ed42258f295e07843c1d9979e990c86a47e33bce09d0537ea79e5b,2019-01,North Wales Police,North Wales Police,-3.002266,53.197379,On or near Hamilton Avenue,W01000328,Flintshire 011C,Other theft,Under investigation,
3dc53255ebe73fb0bdbf2a3c8035a320da9f0cbf614a005b6150ed84653749c6,2019-01,North Wales Police,North Wales Police,-3.000756,53.197472,On or near Clair Avenue,W01000328,Flintshire 011C,Other theft,Investigation complete; no suspect identified,
60e24b133b0c0cfa0419220921eb3661a53b44baa5334f9bba9b49711f71bbc6,2019-01,North Wales Police,North Wales Police,-2.998732,53.196042,On or near North Street,W01000328,Flintshire 011C,Other theft,Investigation complete; no suspect identified,
63e038b08efc9155801219ceed4943b6e7dfcfea4d68664fd6d3296267ac3a99,2019-01,North Wales Police,North Wales Police,-3.026547,53.206781,On or near Chester Road (West),W01000328,Flintshire 011C,Other theft,Under investigation,
4c54a8674980869bf8dd28e7c1309551e9f563f00f294867398a230d156ec75d,2019-01,North Wales Police,North Wales Police,-3.024153,53.204986,On or near Belvedere Close,W01000328,Flintshire 011C,Public order,Unable to prosecute suspect,
04bc7b10abdf3114dd0803164968f900c5be9549baec8241ee16851fd7edda28,2019-01,North Wales Police,North Wales Police,-3.022840,53.204557,On or near Pedestrian Subway,W01000328,Flintshire 011C,Public order,Under investigation,
0c9700dea1313523eb4dfd0c2e2bd4b22dbbabc5db51aaa27e3a0aada8c94f84,2019-01,North Wales Police,North Wales Police,-3.009449,53.199826,On or near Church View,W01000328,Flintshire 011C,Shoplifting,Awaiting court outcome,
4a284d4c764e94a3c964fdec8bc9d9a7781fbce28b25becf3c466c9546b74908,2019-01,North Wales Police,North Wales Police,-2.996777,53.197568,On or near Sports/Recreation Area,W01000328,Flintshire 011C,Vehicle crime,Investigation complete; no suspect identified,
db8a36e31b42a04ca3839cb3f55dff89e40245d25ab3028ae6a7dcef6dece817,2019-01,North Wales Police,North Wales Police,-2.996562,53.200573,On or near Babbage Road,W01000328,Flintshire 011C,Vehicle crime,Investigation complete; no suspect identified,
bb701bbe17849054969d0157661015113f817ce8c2010786afd4468912c5bb4a,2019-01,North Wales Police,North Wales Police,-3.019461,53.209143,On or near Petrol Station,W01000328,Flintshire 011C,Vehicle crime,Investigation complete; no suspect identified,
d96c3c9b9285d0672033ed21a134ce0360a9abfb974b45a15502d8940f8be71f,2019-01,North Wales Police,North Wales Police,-3.022294,53.206153,On or near Glynne Street,W01000328,Flintshire 011C,Vehicle crime,Investigation complete; no suspect identified,
1da33f57a3e00e176768c47ee96fc083b25e022787344935b18c5f4d69cca048,2019-01,North Wales Police,North Wales Police,-3.014408,53.202525,On or near Lyons Yard,W01000328,Flintshire 011C,Vehicle crime,Investigation complete; no suspect identified,
48e2a47568afef77de8629e643cc069dc8c4a3808c9eec2b67ef5d83043b8a82,2019-01,North Wales Police,North Wales Police,-3.026547,53.206781,On or near Chester Road (West),W01000328,Flintshire 011C,Violence and sexual offences,Unable to prosecute suspect,
743a46902313d142329a1c8b66195e60890a588a2c95b7a47eba8974e70912d6,2019-01,North Wales Police,North Wales Police,-2.998732,53.196042,On or near North Street,W01000328,Flintshire 011C,Violence and sexual offences,Under investigation,
7bdc67f5e3b3e0bc958aecaae44c1d7583fd98cde6ff46484cfbdc34fa4c3d93,2019-01,North Wales Police,North Wales Police,-3.004621,53.198842,On or near Glendale Avenue,W01000328,Flintshire 011C,Violence and sexual offences,Under investigation,
863624e49dc08865674415992874d5caa50f6d8588d90cbd92231b4e2fab71a2,2019-01,North Wales Police,North Wales Police,-3.004412,53.196974,On or near Bernsdale Close,W01000328,Flintshire 011C,Violence and sexual offences,Unable to prosecute suspect,
a62dd1de6f3e3d7e5ffa7b8f54100f94233d11b2fe13989a54c47e98243ad0a9,2019-01,North Wales Police,North Wales Police,-3.009384,53.199611,On or near Gladstone Terrace,W01000328,Flintshire 011C,Violence and sexual offences,Unable to prosecute suspect,
d1788fd89e326ffb77580c65c5a214defa2402bd3745f09e877f5bda9db49fd9,2019-01,North Wales Police,North Wales Police,-3.024536,53.206601,On or near Parking Area,W01000328,Flintshire 011C,Violence and sexual offences,Under investigation,
ad3d7708f0e49c29baf557b0a2bbcdd7570bf2a2ca4589b01b6243cb932e9fb9,2019-01,North Wales Police,North Wales Police,-3.009273,53.200609,On or near Rectors Lane,W01000328,Flintshire 011C,Violence and sexual offences,Under investigation,
f0c34b247a282bfedf94342c68172f63e563ef13ce516ef64fa6f610818d035b,2019-01,North Wales Police,North Wales Police,-3.024536,53.206601,On or near Parking Area,W01000328,Flintshire 011C,Violence and sexual offences,Investigation complete; no suspect identified,
d80e87932f0cc2ce88927744a1dfcdde788b9f51b16d6c24587c996a0a74e8d9,2019-01,North Wales Police,North Wales Police,-3.024492,53.206026,On or near Chester Road (West),W01000328,Flintshire 011C,Violence and sexual offences,Under investigation,
da58b6fb18d1299b5bbc6d3ab573852c531053a49908026e8b02df2b1ffb50ba,2019-01,North Wales Police,North Wales Police,-3.021463,53.205827,On or near Queen Street,W01000328,Flintshire 011C,Violence and sexual offences,Under investigation,
a7fd415fc4530b4502a6b5f2d67659ab3781431eb912b0f97ca10c3c3ed72e54,2019-01,North Wales Police,North Wales Police,-3.023115,53.207278,On or near Gladstone Street,W01000328,Flintshire 011C,Violence and sexual offences,Unable to prosecute suspect,
0d31febeca8a2428faad850ddf8f3a1d81d1b223ef1c3d5a43cfd0c7c21b5147,2019-01,North Wales Police,North Wales Police,-3.004412,53.196974,On or near Bernsdale Close,W01000328,Flintshire 011C,Violence and sexual offences,Unable to prosecute suspect,
2fdb0766f7e020b66349d0ff63e79636bca46b4625ccf8cf728c3daa91125109,2019-01,North Wales Police,North Wales Police,-3.017122,53.210269,On or near Welsh Road,W01000328,Flintshire 011C,Violence and sexual offences,Investigation complete; no suspect identified,
8688c7e9ad50b55ba80a05fff2f79223a0569114c924cafec1de9233bea12b92,2019-01,North Wales Police,North Wales Police,-2.996777,53.197568,On or near Sports/Recreation Area,W01000328,Flintshire 011C,Other crime,Further investigation is not in the public interest,
,2019-01,North Wales Police,North Wales Police,-3.085259,53.176138,On or near Red Road,W01000264,Flintshire 012A,Anti-social behaviour,,
,2019-01,North Wales Police,North Wales Police,-3.086775,53.172771,On or near Ochr Y Waen,W01000264,Flintshire 012A,Anti-social behaviour,,
52c4015327e87743e01173a23e34cbbd93fba8adc546818a5357886710cd9fd2,2019-01,North Wales Police,North Wales Police,-3.086465,53.171758,On or near Brickbarn Close,W01000264,Flintshire 012A,Criminal damage and arson,Investigation complete; no suspect identified,
39740a226225bd693357b2b313eeb3cb9cfad8245626b3d4783df3b097eca140,2019-01,North Wales Police,North Wales Police,-3.086775,53.172771,On or near Ochr Y Waen,W01000264,Flintshire 012A,Criminal damage and arson,Investigation complete; no suspect identified,
f73f8d9a7da976d531cce662109d463874d686f8558cec5aac69100e205ce381,2019-01,North Wales Police,North Wales Police,-3.082567,53.169636,On or near Windmill Close,W01000264,Flintshire 012A,Drugs,Under investigation,
ad2c5bbdc29ca0b1731e1c888519e49e75be6d2f2ffbb054f5b15f686cc8dfe1,2019-01,North Wales Police,North Wales Police,-3.086323,53.178591,On or near Willow Grove,W01000264,Flintshire 012A,Other theft,Investigation complete; no suspect identified,
32712a035a5244176365b53875725b17ccfc3141d69b11180a00aa13759bf68b,2019-01,North Wales Police,North Wales Police,-3.082314,53.168523,On or near Buckley Police Station,W01000264,Flintshire 012A,Public order,Unable to prosecute suspect,
6096351481a6506631c0758d0c4b05c58455978fecaa66c7b8a47bf54009fc46,2019-01,North Wales Police,North Wales Police,-3.088583,53.168565,On or near Petrol Station,W01000264,Flintshire 012A,Shoplifting,Offender sent to prison,
8b3161f018786a24debafd5920c76b953ff14242c468e116ed9569bc71eba0ce,2019-01,North Wales Police,North Wales Police,-3.088583,53.168565,On or near Petrol Station,W01000264,Flintshire 012A,Shoplifting,Offender sent to prison,
54f5ae25f2d85dd04674a1012b7ce1b03b1b73744fe3b852f9788f857e18ee05,2019-01,North Wales Police,North Wales Police,-3.086775,53.172771,On or near Ochr Y Waen,W01000264,Flintshire 012A,Violence and sexual offences,Unable to prosecute suspect,
4e20b8dc410d306135a840322ad08ece0b3d8bd01b08730103e00efcd23b771c,2019-01,North Wales Police,North Wales Police,-3.086775,53.172771,On or near Ochr Y Waen,W01000264,Flintshire 012A,Violence and sexual offences,Unable to prosecute suspect,
e582b08c6ebecaa61bebfa2b3e8c8af5f38c1c3d936334a75312f8d82467f0b6,2019-01,North Wales Police,North Wales Police,-3.086775,53.172771,On or near Ochr Y Waen,W01000264,Flintshire 012A,Violence and sexual offences,Unable to prosecute suspect,
a477d10874b22e9e819907aefc42f0131fe6d766476efdb23bd7c64a2a02c03f,2019-01,North Wales Police,North Wales Police,-3.086305,53.169584,On or near Potters Way,W01000264,Flintshire 012A,Violence and sexual offences,Unable to prosecute suspect,
8e481e3b9c048f31fe2a354c046a2d5d045e7ba1760f76f5d172ad86b0496225,2019-01,North Wales Police,North Wales Police,-3.083103,53.171905,On or near Sports/Recreation Area,W01000264,Flintshire 012A,Violence and sexual offences,Local resolution,
29c13e24eff0933c4c4b58cfe7cb9d7d70a08862b6ff99a54e1abccb006d1908,2019-01,North Wales Police,North Wales Police,-3.083103,53.171905,On or near Sports/Recreation Area,W01000264,Flintshire 012A,Violence and sexual offences,Unable to prosecute suspect,
1d2fb71a0fea7bf1e5f61a41e3bdbfdce47e4de045a5bf67031cb2cd99f18424,2019-01,North Wales Police,North Wales Police,-3.086775,53.172771,On or near Ochr Y Waen,W01000264,Flintshire 012A,Violence and sexual offences,Unable to prosecute suspect,
ffc41316007052df0d70ea9612dfa22c730d194555f05508e47b3da27227fc87,2019-01,North Wales Police,North Wales Police,-3.086775,53.172771,On or near Ochr Y Waen,W01000264,Flintshire 012A,Violence and sexual offences,Investigation complete; no suspect identified,
db766437054554756598ea75770bbc233d33682b1ed11e6a24c814a512626331,2019-01,North Wales Police,North Wales Police,-3.083103,53.171905,On or near Sports/Recreation Area,W01000264,Flintshire 012A,Violence and sexual offences,Under investigation,
8168b2e75147ea66a484adaa49615b2e16116372f6e2d08503a219470db7659f,2019-01,North Wales Police,North Wales Police,-3.083103,53.171905,On or near Sports/Recreation Area,W01000264,Flintshire 012A,Violence and sexual offences,Under investigation,
af598ca993c2d0a969cd8476d03c07fffc00a19733f0f3e9943bd0c92492cdf5,2019-01,North Wales Police,North Wales Police,-3.084039,53.188293,On or near Mold Road,W01000265,Flintshire 012B,Burglary,Investigation complete; no suspect identified,
a8db12e8a3b325fa5abfb7b9e7c2467086306be9397af3623a9e0cf2ac69c0f4,2019-01,North Wales Police,North Wales Police,-3.084039,53.188293,On or near Mold Road,W01000265,Flintshire 012B,Criminal damage and arson,Investigation complete; no suspect identified,
f9bd6d5e3c0e0ef3e7c18bcf6639c2e2dae5e34ca4557cd3fa19200b89035e93,2019-01,North Wales Police,North Wales Police,-3.147295,53.213815,On or near Sports/Recreation Area,W01000323,Flintshire 012C,Burglary,Investigation complete; no suspect identified,
069bbfdc7fbbc6a8d01e0ed804f0a98b65b046a7af04914891a2afe09dd19d36,2019-01,North Wales Police,North Wales Police,-3.127581,53.206695,On or near Connahs Quay Road,W01000323,Flintshire 012C,Possession of weapons,Under investigation,
d51780b62379c2e59e45333fcb47643214becfbdb87bb579602b839fd3e3e2a2,2019-01,North Wales Police,North Wales Police,-3.134081,53.207928,On or near Ffordd Edwin,W01000323,Flintshire 012C,Violence and sexual offences,Under investigation,
395744df74631cfd09a4e0f344d532ba7bf585799bdcba3f3c319d45fbe32e1e,2019-01,North Wales Police,North Wales Police,-3.116774,53.208010,On or near Connah'S Quay Road,W01000323,Flintshire 012C,Violence and sexual offences,Further investigation is not in the public interest,
e98fd77a899672fc3feb25dd6732ed54e3029baad5c6a4b2a1ba7272c44de74a,2019-01,North Wales Police,North Wales Police,-3.134081,53.207928,On or near Ffordd Edwin,W01000323,Flintshire 012C,Violence and sexual offences,Unable to prosecute suspect,
2edc23e41086c2f883bff3a1c7a0132d9fbd479e0d29aa05bc7b887e890e5461,2019-01,North Wales Police,North Wales Police,-3.134081,53.207928,On or near Ffordd Edwin,W01000323,Flintshire 012C,Violence and sexual offences,Under investigation,
afe1c5ac1fd2c48803d973c261d35bc866d66f684ef96802ad53a00514e4f8e7,2019-01,North Wales Police,North Wales Police,-3.127581,53.206695,On or near Connahs Quay Road,W01000323,Flintshire 012C,Other crime,Awaiting court outcome,
54cd077179bebb7edc4f2bdedd425aa500c3151dab5cd0d30434ebaa947ef59a,2019-01,North Wales Police,North Wales Police,-3.127581,53.206695,On or near Connahs Quay Road,W01000323,Flintshire 012C,Other crime,Under investigation,
9267d2a9be5c06dbae513518fdc7ec7f911bda957602ea66b8f20131d5bd6cd7,2019-01,North Wales Police,North Wales Police,-3.130947,53.208290,On or near Grosvenor Court,W01000323,Flintshire 012C,Other crime,Investigation complete; no suspect identified,
,2019-01,North Wales Police,North Wales Police,-3.050536,53.191614,On or near Old Chester Road,W01000251,Flintshire 013A,Anti-social behaviour,,
b45b04e03882f63f691e6a24c3fa6460132a305abb93b11ace0b2258849c057f,2019-01,North Wales Police,North Wales Police,-3.052928,53.194541,On or near Sports/Recreation Area,W01000251,Flintshire 013A,Burglary,Under investigation,
0756064b10f8eac353392208fad0693439707c4dc2fcdea4732344d47ad58d36,2019-01,North Wales Police,North Wales Police,-3.045940,53.191565,On or near Prospect Close,W01000251,Flintshire 013A,Burglary,Investigation complete; no suspect identified,
56aa549cbd97ae346cf20416eb4d197af23ab0006dd3e835f2baa682928366e8,2019-01,North Wales Police,North Wales Police,-3.050536,53.191614,On or near Old Chester Road,W01000251,Flintshire 013A,Vehicle crime,Investigation complete; no suspect identified,
d650e6f8194ea5ea71175f2d5591478517b3e06f22be7f0fcfd4141511c77024,2019-01,North Wales Police,North Wales Police,-3.041647,53.191063,On or near Wirral View,W01000251,Flintshire 013A,Violence and sexual offences,Under investigation,
f1ce6489c58334abf340aba9f9edd467794559f8e4536ae16171c1e83d6c80d1,2019-01,North Wales Police,North Wales Police,-3.041732,53.189615,On or near Oakfield Road,W01000251,Flintshire 013A,Violence and sexual offences,Under investigation,
9175e80b87bc3edf07ffdb6a56cb7398cbd46ff3c94c51e4f0fa2e59d45f14ba,2019-01,North Wales Police,North Wales Police,-3.041732,53.189615,On or near Oakfield Road,W01000251,Flintshire 013A,Violence and sexual offences,Unable to prosecute suspect,
7b4f7a9ee2c469bbf28633a1b620bd6ddf2acdd2c3eb7f4df201b0fe3018f474,2019-01,North Wales Police,North Wales Police,-3.050536,53.191614,On or near Old Chester Road,W01000251,Flintshire 013A,Violence and sexual offences,Under investigation,
646dfb47b1e747b90f968f4678f49e63d4aae48ef8382ad45c2e2bf79ac4cf57,2019-01,North Wales Police,North Wales Police,-3.050536,53.191614,On or near Old Chester Road,W01000251,Flintshire 013A,Violence and sexual offences,Unable to prosecute suspect,
f9ab38428ab7aaa52b4a7a2d9d2877d2e149a9862f50056cf65973b261fd0b31,2019-01,North Wales Police,North Wales Police,-3.045913,53.189839,On or near B5125,W01000251,Flintshire 013A,Violence and sexual offences,Unable to prosecute suspect,
93ee7b947822f922d6821be169572624c6ab4fc463faecc3004e2538ed7644d1,2019-01,North Wales Police,North Wales Police,-3.044778,53.191179,On or near Washington Drive,W01000251,Flintshire 013A,Violence and sexual offences,Under investigation,
03257f0176c9fed853490e070a1a6c61efed15c5c89dc5efb4758fcd156f89d9,2019-01,North Wales Police,North Wales Police,-3.041732,53.189615,On or near Oakfield Road,W01000251,Flintshire 013A,Violence and sexual offences,Formal action is not in the public interest,
,2019-01,North Wales Police,North Wales Police,-3.077407,53.174483,On or near Higher Common Close,W01000268,Flintshire 013B,Anti-social behaviour,,
,2019-01,North Wales Police,North Wales Police,-3.077980,53.171080,On or near Clos Y Capel,W01000268,Flintshire 013B,Anti-social behaviour,,
,2019-01,North Wales Police,North Wales Police,-3.077407,53.174483,On or near Higher Common Close,W01000268,Flintshire 013B,Anti-social behaviour,,
,2019-01,North Wales Police,North Wales Police,-3.059857,53.175683,On or near Burntwood Road,W01000268,Flintshire 013B,Anti-social behaviour,,
ba1c468493aeeb8f78367086f244c83f43963a49e438c48403065b8dbadfa73b,2019-01,North Wales Police,North Wales Police,-3.073619,53.177942,On or near Rhuddlan Road,W01000268,Flintshire 013B,Criminal damage and arson,Investigation complete; no suspect identified,
aab4f914fb817b6959450e6e1be5fd12fee6631e0b58b2d4e10972c687bb4145,2019-01,North Wales Police,North Wales Police,-3.073619,53.177942,On or near Rhuddlan Road,W01000268,Flintshire 013B,Criminal damage and arson,Investigation complete; no suspect identified,
49a1793bd9b73f0ce118d94188ca71f998c26d9c9831ea910af3fce6416e7703,2019-01,North Wales Police,North Wales Police,-3.073229,53.170718,On or near Knowle Lane,W01000268,Flintshire 013B,Criminal damage and arson,Investigation complete; no suspect identified,
60f48c43c2013d246f2762b4a79c65f8051e8acd02e11b6c6fb7b9c90f34d86d,2019-01,North Wales Police,North Wales Police,-3.073619,53.177942,On or near Rhuddlan Road,W01000268,Flintshire 013B,Criminal damage and arson,Investigation complete; no suspect identified,
8a694ecb41272a37d84ebfb57f66bf7fec0d699e1b24b2f75d8b26ba95b4dba0,2019-01,North Wales Police,North Wales Police,-3.071716,53.171253,On or near The Mews,W01000268,Flintshire 013B,Other theft,Investigation complete; no suspect identified,
2b1359f406c9fcca68f06ab43c0cf60adc8c858a30a98d43c727ad34dbf6eb73,2019-01,North Wales Police,North Wales Police,-3.064253,53.176777,On or near Standard Road,W01000268,Flintshire 013B,Other theft,Investigation complete; no suspect identified,
8858687f3f510a06f31a00d62155f7e5498f2cd436ab6a71f95f4a493024ee65,2019-01,North Wales Police,North Wales Police,-3.060167,53.176112,On or near Wood Croft,W01000268,Flintshire 013B,Other theft,Under investigation,
e5506fbc6a9d85cda7d9afa9003fc5132f442e342426294f26f46f666524a06f,2019-01,North Wales Police,North Wales Police,-3.072370,53.176461,On or near Caerphilly Road,W01000268,Flintshire 013B,Other theft,Under investigation,
cb6f9f82be7bf49180acee9526516461eb63183afce73c08f490409f75f1e2e2,2019-01,North Wales Police,North Wales Police,-3.071716,53.171253,On or near The Mews,W01000268,Flintshire 013B,Other theft,Under investigation,
c0d0bb8b8556cc66478fdb0afc072ce4d9b90a359c4ee40920f2b62be8ecee7e,2019-01,North Wales Police,North Wales Police,-3.075814,53.176601,On or near Liverpool Road,W01000268,Flintshire 013B,Public order,Unable to prosecute suspect,
9f804075bef8bc1293caee483379b1641c58e685e8d1ac8ee09342780cb57972,2019-01,North Wales Police,North Wales Police,-3.077407,53.174483,On or near Higher Common Close,W01000268,Flintshire 013B,Violence and sexual offences,Unable to prosecute suspect,
a3c896e6503af3fbafc29b3dd46b833112befdf648320ad5645721ba6aaed2b8,2019-01,North Wales Police,North Wales Police,-3.053119,53.178503,On or near The Larches,W01000284,Flintshire 013C,Criminal damage and arson,Under investigation,
3c16417bf0219d8e4e95a02b3f1355d81be992a9c5929938654c343345f9a271,2019-01,North Wales Police,North Wales Police,-3.053119,53.178503,On or near The Larches,W01000284,Flintshire 013C,Violence and sexual offences,Unable to prosecute suspect,
39bcfa686d9a3408264c6793416b4039512fc463804674c2061faaa273ac301c,2019-01,North Wales Police,North Wales Police,-3.055026,53.184877,On or near Bramley Way,W01000284,Flintshire 013C,Violence and sexual offences,Unable to prosecute suspect,
ede97eb3529ca550416706268f9b8c74cb99a9ea85d76c5668af60f72771cbc2,2019-01,North Wales Police,North Wales Police,-3.052673,53.188413,On or near Cefn Y Ddol,W01000285,Flintshire 013D,Public order,Investigation complete; no suspect identified,
,2019-01,North Wales Police,North Wales Police,-3.061379,53.185189,On or near Brooke Close,W01000286,Flintshire 013E,Anti-social behaviour,,
,2019-01,North Wales Police,North Wales Police,-3.053202,53.188013,On or near Maes Deri,W01000286,Flintshire 013E,Anti-social behaviour,,
,2019-01,North Wales Police,North Wales Police,-3.071548,53.180694,On or near Globe Way,W01000286,Flintshire 013E,Anti-social behaviour,,
,2019-01,North Wales Police,North Wales Police,-3.053202,53.188013,On or near Maes Deri,W01000286,Flintshire 013E,Anti-social behaviour,,
ee4333048dce1770a58750851e55481d6df469b43bc2c077532dd9c61d3c5c78,2019-01,North Wales Police,North Wales Police,-3.059560,53.186086,On or near Llys Eboni,W01000286,Flintshire 013E,Burglary,Investigation complete; no suspect identified,
fcc57123f848e6160afdb797dab818b4af109fcdfeb3816f7a4aaf145dac7d91,2019-01,North Wales Police,North Wales Police,-3.059560,53.186086,On or near Llys Eboni,W01000286,Flintshire 013E,Burglary,Investigation complete; no suspect identified,
f2a22f6e621d9414172345c20a25cbeb28e9eb63274580a71fdbc5195c6e3f4e,2019-01,North Wales Police,North Wales Police,-3.082046,53.192950,On or near Petrol Station,W01000286,Flintshire 013E,Burglary,Investigation complete; no suspect identified,
2b4e6807a6a6e2ed017551e99bcf5813397523b7867059f84b77756152d3c69b,2019-01,North Wales Police,North Wales Police,-3.059560,53.186086,On or near Llys Eboni,W01000286,Flintshire 013E,Burglary,Investigation complete; no suspect identified,
d5ec98d3756838b325c60a741dc8a0998ba2deb71ffa24bf2c5c8a2c5596de12,2019-01,North Wales Police,North Wales Police,-3.082046,53.192950,On or near Petrol Station,W01000286,Flintshire 013E,Other theft,Unable to prosecute suspect,
fb1239b5ab51287da400aaf3b21bafbd8d8f3dc65fbcc3a8b4f8a36153172ff9,2019-01,North Wales Police,North Wales Police,-3.055113,53.186593,On or near Fron Heulog,W01000286,Flintshire 013E,Other theft,Investigation complete; no suspect identified,
46a560d937c87638b35618b52409d6a6257f225b087cd72b840aa833a5893fe2,2019-01,North Wales Police,North Wales Police,-3.053202,53.188013,On or near Maes Deri,W01000286,Flintshire 013E,Violence and sexual offences,Under investigation,
32a7346673c8a6d37e5750bf4607290e45565596fe3cfc678b05876cc9c7aace,2019-01,North Wales Police,North Wales Police,-3.058636,53.192306,On or near Poplar Grove,W01000286,Flintshire 013E,Violence and sexual offences,Local resolution,
36f1cd4841f384eae8b2d2bb0fede3d3d3999affb1d3b04ee56f171d288de421,2019-01,North Wales Police,North Wales Police,-3.082046,53.192950,On or near Petrol Station,W01000286,Flintshire 013E,Violence and sexual offences,Under investigation,
d1ce485cd43d5585c40929fd7444842bf9df45a41643f5c7da059b11b8cee3b6,2019-01,North Wales Police,North Wales Police,-3.026095,53.184761,On or near The Highway,W01000302,Flintshire 013F,Burglary,Under investigation,
765f86f9565518fe5f9def457782fbf398369c1bd17f795a76962f8c1daef5f7,2019-01,North Wales Police,North Wales Police,-3.025419,53.184650,On or near A550,W01000302,Flintshire 013F,Drugs,Under investigation,
b9ee3da3e216ca50a835e982359be1d5c84ade8468b6d477d22ca454aaf73ba1,2019-01,North Wales Police,North Wales Police,-3.026095,53.184761,On or near The Highway,W01000302,Flintshire 013F,Violence and sexual offences,Under investigation,
e972b6d6d2a74c1fdfd33f07d1f33a4c1f6c352a612808017c352077b1d7be30,2019-01,North Wales Police,North Wales Police,-3.028453,53.185712,On or near Wold Court,W01000302,Flintshire 013F,Violence and sexual offences,Under investigation,
34d5eb9897a63f93ab912b150c1dd2450e132259090b12aa1586251c16585ef0,2019-01,North Wales Police,North Wales Police,-3.028453,53.185712,On or near Wold Court,W01000302,Flintshire 013F,Violence and sexual offences,Under investigation,
81572ce3fd74665ac69b19c54cbdd528c73171d21c312a7ac41016f1745e6bc7,2019-01,North Wales Police,North Wales Police,-3.031631,53.190314,On or near Bennett'S Lane,W01000302,Flintshire 013F,Violence and sexual offences,Under investigation,
20dd451894ac89261abf63c64c71890436ca32f2e521d831d203d8728c5e9e2e,2019-01,North Wales Police,North Wales Police,-3.028453,53.185712,On or near Wold Court,W01000302,Flintshire 013F,Violence and sexual offences,Under investigation,
71793fcfaa02c0f3b4802d647a6bdb1c59eb7e907ada8eff957f284bd7af5a2e,2019-01,North Wales Police,North Wales Police,-3.029345,53.186100,On or near Trueman'S Court,W01000302,Flintshire 013F,Violence and sexual offences,Under investigation,
eac37fb5d5da19108259b1f67d8cb4cfb9a5486eb1aa3ab033d5d54826139427,2019-01,North Wales Police,North Wales Police,-3.105008,53.172028,On or near Llwynon Close,W01000249,Flintshire 014A,Other theft,Investigation complete; no suspect identified,
a4aed6840a34480d8fc3097618780f1a2215fb45e9f89f3a7971a2fb6661db5d,2019-01,North Wales Police,North Wales Police,-3.107018,53.168755,On or near Beech Grove,W01000249,Flintshire 014A,Violence and sexual offences,Unable to prosecute suspect,
480a73679732f4a0bc4952c154cc8ac2cd314acdcd0d3fbec76a93da9a555379,2019-01,North Wales Police,North Wales Police,-3.103868,53.173090,On or near Sports/Recreation Area,W01000249,Flintshire 014A,Violence and sexual offences,Local resolution,
25977f6f8e35237f1419c9954fb4631917addd4b0ed29416b4a3aa38d47dc02a,2019-01,North Wales Police,North Wales Police,-3.106565,53.172633,On or near Moelwyn Close,W01000249,Flintshire 014A,Violence and sexual offences,Further investigation is not in the public interest,
1123a29ae2943a65889fa999a365e9681a62fb8870bb6f9d3557cd73a83d957b,2019-01,North Wales Police,North Wales Police,-3.107018,53.168755,On or near Beech Grove,W01000249,Flintshire 014A,Other crime,Unable to prosecute suspect,
,2019-01,North Wales Police,North Wales Police,-3.117959,53.166100,On or near Bryn Offa,W01000250,Flintshire 014B,Anti-social behaviour,,
6e7339aa7d2b8010d2d1b214630f12458aefd51f4aff31a10b9d78f5d52e58ba,2019-01,North Wales Police,North Wales Police,-3.109541,53.166817,On or near Carton Road,W01000250,Flintshire 014B,Other crime,Under investigation,
,2019-01,North Wales Police,North Wales Police,-3.094372,53.166175,On or near Daleside,W01000261,Flintshire 014C,Anti-social behaviour,,
60501d71dfdcd24ce8c9a44c36da290c8acb6f0727a8a450191416022a78a513,2019-01,North Wales Police,North Wales Police,-3.093773,53.167349,On or near Watts Court,W01000261,Flintshire 014C,Burglary,Under investigation,
fd8c388c80cbe90f40bf2f6a4ed8e6f4bb75981b72db277ec11b8f4bd8a4a47c,2019-01,North Wales Police,North Wales Police,-3.092301,53.165924,On or near Stanley Estate,W01000261,Flintshire 014C,Criminal damage and arson,Under investigation,
04e125ecb3287d433474e4144eed1f4285ba9cd560ec547d52c5b438ac9c4340,2019-01,North Wales Police,North Wales Police,-3.096685,53.167124,On or near Mayfield Drive,W01000261,Flintshire 014C,Other theft,Investigation complete; no suspect identified,
082137f1e15088b52b28b05b63c3c9bcfd90e98321a845f3a7c1814386f5ae31,2019-01,North Wales Police,North Wales Police,-3.096279,53.166472,On or near Langford Crescent,W01000261,Flintshire 014C,Other theft,Investigation complete; no suspect identified,
5cc060d272f37652a94d87bf70bf120c8dec521c641238556e6a78cfd736a1c9,2019-01,North Wales Police,North Wales Police,-3.094372,53.166175,On or near Daleside,W01000261,Flintshire 014C,Violence and sexual offences,Under investigation,
6d66b441f9882e7d7aa8027cf15c1a000cabaa9312582b9b1b374fdab3359b8f,2019-01,North Wales Police,North Wales Police,-3.096279,53.166472,On or near Langford Crescent,W01000261,Flintshire 014C,Violence and sexual offences,Under investigation,
10033d8c8cd6bae1bf1703071de4538a92f019982943e0a409f4aca3d15e9e27,2019-01,North Wales Police,North Wales Police,-3.114094,53.171071,On or near Moel Gron,W01000321,Flintshire 014D,Vehicle crime,Investigation complete; no suspect identified,
5a4497b90e94cc47d8f9aa971c0300e39bac74d963e3f7c7bff91e34226d6943,2019-01,North Wales Police,North Wales Police,-3.114865,53.173671,On or near Erw Goed,W01000321,Flintshire 014D,Violence and sexual offences,Under investigation,
,2019-01,North Wales Police,North Wales Police,-3.114002,53.169238,On or near Uwch-Y-Nant,W01000322,Flintshire 014E,Anti-social behaviour,,
9db121ad48f7d1ca36a73cd4f87757f2a2b57dc0c161b032f406a6fb10cf5ae6,2019-01,North Wales Police,North Wales Police,-3.124817,53.165774,On or near Petrol Station,W01000322,Flintshire 014E,Other theft,Investigation complete; no suspect identified,
2f0ac1f60299586c42ad253a7d858a81a2115936a0040327c60f65706bae7aa1,2019-01,North Wales Police,North Wales Police,-3.124817,53.165774,On or near Petrol Station,W01000322,Flintshire 014E,Other theft,Action to be taken by another organisation,
8fbe70d9ec7df1595305978c516c15623a80209bf626dd2267417a88e48894fe,2019-01,North Wales Police,North Wales Police,-3.124817,53.165774,On or near Petrol Station,W01000322,Flintshire 014E,Other theft,Investigation complete; no suspect identified,
7ac0e983d0c26d4905b4fce945ec34b6d7df1d4960debc4230eed722846a6192,2019-01,North Wales Police,North Wales Police,-3.124817,53.165774,On or near Petrol Station,W01000322,Flintshire 014E,Public order,Further investigation is not in the public interest,
4f1a0403bfd4cffbb8be05d751b897e3d38cc06c8fca3f3c5b2322f7d61ec685,2019-01,North Wales Police,North Wales Police,-3.120415,53.178806,On or near Lindum Close,W01000322,Flintshire 014E,Public order,Further investigation is not in the public interest,
a1e4edf0702e623b27d5a30069ba6e3e8878c5cca2987bf3974355f60e93398b,2019-01,North Wales Police,North Wales Police,-3.118827,53.181634,On or near Cae Isa,W01000322,Flintshire 014E,Vehicle crime,Investigation complete; no suspect identified,
cd343b6532a5ee84f92617d809c99e86a52a0f3c05729d1ae959a5f534d15a0d,2019-01,North Wales Police,North Wales Police,-3.124817,53.165774,On or near Petrol Station,W01000322,Flintshire 014E,Violence and sexual offences,Under investigation,
ef16d506f4447bdd12e101fd2a04c34c61ffae924798c1aa698759bcc9b1c0d8,2019-01,North Wales Police,North Wales Police,-3.118827,53.181634,On or near Cae Isa,W01000322,Flintshire 014E,Violence and sexual offences,Unable to prosecute suspect,
,2019-01,North Wales Police,North Wales Police,-2.994838,53.163632,On or near Supermarket,W01000255,Flintshire 015A,Anti-social behaviour,,
7f80a7553ea61ecd9f9dc7a5c8ab4154e53c428b0321159b5a11913d01a13967,2019-01,North Wales Police,North Wales Police,-2.961483,53.174999,On or near Broughton Mills Road,W01000255,Flintshire 015A,Burglary,Investigation complete; no suspect identified,
f3223ba828b00e17fca1d56c774a3fb5a9c5e47a4e395d696991b052ebd514c2,2019-01,North Wales Police,North Wales Police,-2.971438,53.166675,On or near Bretton Road,W01000255,Flintshire 015A,Burglary,Investigation complete; no suspect identified,
40561d141e68e90145036e74cc54d9778dc4747d71e68a0939045da7afb770c5,2019-01,North Wales Police,North Wales Police,-2.994838,53.163632,On or near Supermarket,W01000255,Flintshire 015A,Criminal damage and arson,Unable to prosecute suspect,
cf099030c9d3fd5e9397e452c9650f35c5eb3c5f06d2238131878000d158f2ca,2019-01,North Wales Police,North Wales Police,-2.972658,53.169002,On or near Shopping Area,W01000255,Flintshire 015A,Criminal damage and arson,Investigation complete; no suspect identified,
bfe91ea4983b5df192d2a76c956d560eab7f0a494837c951d941836cd991bbdb,2019-01,North Wales Police,North Wales Police,-2.972658,53.169002,On or near Shopping Area,W01000255,Flintshire 015A,Other theft,Investigation complete; no suspect identified,
8da9f5b69b25dac4215595231389fb3fc97cdeb76da6d136f0f3f1b78beb34d5,2019-01,North Wales Police,North Wales Police,-2.972658,53.169002,On or near Shopping Area,W01000255,Flintshire 015A,Other theft,Investigation complete; no suspect identified,
49f9db40a0b10fb7d11d1871db0b8469207cad8fef44502bbcb51d2153c1a4db,2019-01,North Wales Police,North Wales Police,-2.976194,53.167930,On or near Petrol Station,W01000255,Flintshire 015A,Other theft,Investigation complete; no suspect identified,
cc33107ae40edbc7290ccf5e39b30a5536a363b8d0fa03f14b92d026f600aa82,2019-01,North Wales Police,North Wales Police,-2.976194,53.167930,On or near Petrol Station,W01000255,Flintshire 015A,Other theft,Investigation complete; no suspect identified,
52c988e21118673245abde24b614c06d7817f790b54495dbb31e57906297ce7c,2019-01,North Wales Police,North Wales Police,-2.990947,53.166128,On or near Queen'S Way,W01000255,Flintshire 015A,Public order,Unable to prosecute suspect,
734bb064554ecf2a4b80f8c72256489b91c0346ffec21f9abc077bb2a0f82f8c,2019-01,North Wales Police,North Wales Police,-2.972658,53.169002,On or near Shopping Area,W01000255,Flintshire 015A,Shoplifting,Under investigation,
0fdda5a6719895e1b1390ef344c7527ad3b6673ab7010043652e271d1d33ae58,2019-01,North Wales Police,North Wales Police,-2.972658,53.169002,On or near Shopping Area,W01000255,Flintshire 015A,Shoplifting,Local resolution,
d8b28a47c1dff5c9c265bb1bb9c291a0d9df046d06dc047e17e0727d89062661,2019-01,North Wales Police,North Wales Police,-2.971438,53.166675,On or near Bretton Road,W01000255,Flintshire 015A,Shoplifting,Under investigation,
2ca65720242fd0726bc99e19247d5680c8d004bd6f2c3953a2bc036b7a0f7287,2019-01,North Wales Police,North Wales Police,-2.971438,53.166675,On or near Bretton Road,W01000255,Flintshire 015A,Shoplifting,Under investigation,
8e0f604dcb25a84f40a3ae09f444f70de577023738ae5db57fac6cf2aa698db5,2019-01,North Wales Police,North Wales Police,-2.990452,53.164765,On or near Fairfield Road,W01000255,Flintshire 015A,Violence and sexual offences,Further investigation is not in the public interest,
c2be8dcc2762de5a251d970d467db51a0b37c4c096caed91ed50fb7f94a07e9c,2019-01,North Wales Police,North Wales Police,-2.981458,53.171807,On or near Sports/Recreation Area,W01000255,Flintshire 015A,Violence and sexual offences,Unable to prosecute suspect,
d950973f0e409e5418089e3931ee17378757c7362fdb6e965a4978c1d816adbb,2019-01,North Wales Police,North Wales Police,-2.990452,53.164765,On or near Fairfield Road,W01000255,Flintshire 015A,Violence and sexual offences,Unable to prosecute suspect,
6cbe4d95b3666863f47b913985664365845c318c627addbd9887d34b660a554f,2019-01,North Wales Police,North Wales Police,-2.976194,53.167930,On or near Petrol Station,W01000255,Flintshire 015A,Violence and sexual offences,Unable to prosecute suspect,
62e02d4337b173d28237216276e82ffcb8ef193ed16e4d7ee59b2028ab6af1ed,2019-01,North Wales Police,North Wales Police,-2.976194,53.167930,On or near Petrol Station,W01000255,Flintshire 015A,Violence and sexual offences,Unable to prosecute suspect,
e9c6c2e68e1fa3c81834795966745b29dc0ab847544e2fce72b65d1b1af4af79,2019-01,North Wales Police,North Wales Police,-2.986860,53.165335,On or near Broughton Hall Road,W01000255,Flintshire 015A,Violence and sexual offences,Unable to prosecute suspect,
1d275117574d5b10d69f71bb645d56c6eaa039f707d13d055b2739eb1dc99c73,2019-01,North Wales Police,North Wales Police,-2.994838,53.163632,On or near Supermarket,W01000255,Flintshire 015A,Violence and sexual offences,Unable to prosecute suspect,
dc38aedb575f44ab19cc1c079699de64806061cce1537240c17bae613b032efa,2019-01,North Wales Police,North Wales Police,-3.002981,53.162602,On or near Mold Road,W01000256,Flintshire 015B,Vehicle crime,Investigation complete; no suspect identified,
1cde884260021ed59969148575a14824c99e3acfc1d81d4c3325f1564501be2a,2019-01,North Wales Police,North Wales Police,-3.000039,53.162141,On or near Broad Oak Avenue,W01000256,Flintshire 015B,Violence and sexual offences,Investigation complete; no suspect identified,
bbeb1c4a1ad49c825e989cae960cb89ed6f34384e1c22604f834d6e1486b058f,2019-01,North Wales Police,North Wales Police,-2.994277,53.162001,On or near Colinwood Avenue,W01000256,Flintshire 015B,Violence and sexual offences,Under investigation,
5a2ef6d82fd806dc10b8ed2e8538c5d9edb31ba07ba3a5a57d4d949903a039fe,2019-01,North Wales Police,North Wales Police,-3.001026,53.162160,On or near Arnold'S Crescent,W01000256,Flintshire 015B,Violence and sexual offences,Unable to prosecute suspect,
e37d40acd39d4a76b2e05b1e2c13bc908ade13b303bdfa86b2d617d831d0819d,2019-01,North Wales Police,North Wales Police,-2.981963,53.164413,On or near The Boulevard,W01000257,Flintshire 015C,Burglary,Investigation complete; no suspect identified,
0893c3ad6beafa644bc9c39f3941a063b8f59b442af12b7282203c75eeec0abd,2019-01,North Wales Police,North Wales Police,-2.982956,53.166643,On or near Siddeley Close,W01000257,Flintshire 015C,Vehicle crime,Investigation complete; no suspect identified,
57d5f522dffc96f4e4a1b182626e2170ce4710174200cd7a4954815f7d15cab3,2019-01,North Wales Police,North Wales Police,-2.988797,53.163035,On or near Bretton Drive,W01000257,Flintshire 015C,Violence and sexual offences,Unable to prosecute suspect,
2d584d207f2b4e9e27d3714367fb5d2e9e9b6f1706233d3ca67580a11e618269,2019-01,North Wales Police,North Wales Police,-2.981613,53.166133,On or near Devonshire Road,W01000257,Flintshire 015C,Violence and sexual offences,Further investigation is not in the public interest,
6b50beba109757b42774e1bb01d3b46c04bbfdfc6afae7228687b53ab9631569,2019-01,North Wales Police,North Wales Police,-2.985362,53.161985,On or near Gala Close,W01000257,Flintshire 015C,Violence and sexual offences,Under investigation,
,2019-01,North Wales Police,North Wales Police,-2.948601,53.181107,On or near Ewart Street,W01000329,Flintshire 015D,Anti-social behaviour,,
,2019-01,North Wales Police,North Wales Police,-2.930594,53.178085,On or near Shopping Area,W01000329,Flintshire 015D,Anti-social behaviour,,
,2019-01,North Wales Police,North Wales Police,-2.948601,53.181107,On or near Ewart Street,W01000329,Flintshire 015D,Anti-social behaviour,,
,2019-01,North Wales Police,North Wales Police,-2.938131,53.177909,On or near St David'S Terrace,W01000329,Flintshire 015D,Anti-social behaviour,,
,2019-01,North Wales Police,North Wales Police,-2.930594,53.178085,On or near Shopping Area,W01000329,Flintshire 015D,Anti-social behaviour,,
,2019-01,North Wales Police,North Wales Police,-2.930594,53.178085,On or near Shopping Area,W01000329,Flintshire 015D,Anti-social behaviour,,
,2019-01,North Wales Police,North Wales Police,-2.930594,53.178085,On or near Shopping Area,W01000329,Flintshire 015D,Anti-social behaviour,,
ab9dd438b6102a9efefee0826b788244649a819b8df98ae4fe5f609d87c64c90,2019-01,North Wales Police,North Wales Police,-2.938131,53.177909,On or near St David'S Terrace,W01000329,Flintshire 015D,Criminal damage and arson,Unable to prosecute suspect,
d8bde169f2c35907beea26ed230d4127d856e6c0ef41de8b063a810045e634a5,2019-01,North Wales Police,North Wales Police,-2.947283,53.182421,On or near North Street,W01000329,Flintshire 015D,Criminal damage and arson,Investigation complete; no suspect identified,
c868378d6f49077cd5c85b1e6d2c9c0cc87858f91e122d1955cb7f7ede90fd8f,2019-01,North Wales Police,North Wales Police,-2.930594,53.178085,On or near Shopping Area,W01000329,Flintshire 015D,Criminal damage and arson,Investigation complete; no suspect identified,
e3afa5577b028151363e32759113768516448882b67ffc906d9cf3916110a50b,2019-01,North Wales Police,North Wales Police,-2.947283,53.182421,On or near North Street,W01000329,Flintshire 015D,Drugs,Offender given a drugs possession warning,
66f74dae552718b01ee3fe8d54c7fbdceec4b41ab334e2edc3486f86328a2103,2019-01,North Wales Police,North Wales Police,-2.938131,53.177909,On or near St David'S Terrace,W01000329,Flintshire 015D,Public order,Unable to prosecute suspect,
d99620af8f3cfe8c8fb34ec3c4ca5a9c7a4bd004f01b27987933c6689fccc528,2019-01,North Wales Police,North Wales Police,-2.931470,53.179157,On or near Bridge Street,W01000329,Flintshire 015D,Public order,Awaiting court outcome,
b3ce4b5670d1c5bf29e05e1aeda766e28e1483bb27f5cdf480f995ab1a0e59b0,2019-01,North Wales Police,North Wales Police,-2.930594,53.178085,On or near Shopping Area,W01000329,Flintshire 015D,Public order,Under investigation,
f14197b9421685b0b475cc81e06ec50473cc902df556cc03298d9a5a059270c2,2019-01,North Wales Police,North Wales Police,-2.931470,53.179157,On or near Bridge Street,W01000329,Flintshire 015D,Shoplifting,Awaiting court outcome,
7b002d9d6db3d29f4c068e7fb9b585ec393fa0054149780fff28ecd13436bbc1,2019-01,North Wales Police,North Wales Police,-2.948601,53.181107,On or near Ewart Street,W01000329,Flintshire 015D,Vehicle crime,Investigation complete; no suspect identified,
806e0527a74f896a64624f65676c775353b0cd712020170cb4fc1c9a04209a48,2019-01,North Wales Police,North Wales Police,-2.948601,53.181107,On or near Ewart Street,W01000329,Flintshire 015D,Violence and sexual offences,Unable to prosecute suspect,
7f1efb2860c6ded5447c283ccfb5005b1ab1e52bd218fe7e7a54cdb0906c9678,2019-01,North Wales Police,North Wales Police,-2.948601,53.181107,On or near Ewart Street,W01000329,Flintshire 015D,Violence and sexual offences,Unable to prosecute suspect,
53beaa308d6fd6a46a831808124cfcf6f88c76701ef1a6d3727549d64b30f748,2019-01,North Wales Police,North Wales Police,-2.948601,53.181107,On or near Ewart Street,W01000329,Flintshire 015D,Violence and sexual offences,Under investigation,
a7c0fecb8d4307af17f381dbedba204bac145a6d370a76eb8ff3b6bf5951cd18,2019-01,North Wales Police,North Wales Police,-2.930594,53.178085,On or near Shopping Area,W01000329,Flintshire 015D,Violence and sexual offences,Unable to prosecute suspect,
1ef9f738dfb34ab0dc0f6bbdc7c5615d8775f9ef897e3ef3b80ccecfab6e6d19,2019-01,North Wales Police,North Wales Police,-2.930594,53.178085,On or near Shopping Area,W01000329,Flintshire 015D,Violence and sexual offences,Unable to prosecute suspect,
,2019-01,North Wales Police,North Wales Police,-2.928122,53.176531,On or near The Nook,W01000330,Flintshire 015E,Anti-social behaviour,,
,2019-01,North Wales Police,North Wales Police,-2.929916,53.176463,On or near Deva Avenue,W01000330,Flintshire 015E,Anti-social behaviour,,
,2019-01,North Wales Police,North Wales Police,-2.922755,53.178847,On or near Petrol Station,W01000330,Flintshire 015E,Anti-social behaviour,,
,2019-01,North Wales Police,North Wales Police,-2.923201,53.178700,On or near Chain Maker'S Row,W01000330,Flintshire 015E,Anti-social behaviour,,
,2019-01,North Wales Police,North Wales Police,-2.925047,53.176888,On or near Ashleigh Close,W01000330,Flintshire 015E,Anti-social behaviour,,
,2019-01,North Wales Police,North Wales Police,-2.928123,53.177268,On or near Salisbury Avenue,W01000330,Flintshire 015E,Anti-social behaviour,,
0cf033f382fb0bafffea664c1a2e008cde31073a16075b93dbd4a5963490915e,2019-01,North Wales Police,North Wales Police,-2.930377,53.175668,On or near Linden Grove,W01000330,Flintshire 015E,Criminal damage and arson,Investigation complete; no suspect identified,
bd25f36b571862145e7efd47da4053e4b6d5809edc1181480ff3928a9dd76dba,2019-01,North Wales Police,North Wales Police,-2.924465,53.176272,On or near Douglas Place,W01000330,Flintshire 015E,Criminal damage and arson,Investigation complete; no suspect identified,
6f51901a967769f8fb0e05f7ff3424e8d393f97e7342483d92d629702774f819,2019-01,North Wales Police,North Wales Police,-2.926915,53.174005,On or near Eaton Grove,W01000330,Flintshire 015E,Criminal damage and arson,Investigation complete; no suspect identified,
f4d3dd1e602d94c26bebd7bce5a4c1ded2ddff8eadedeaaf5427317a6b8329af,2019-01,North Wales Police,North Wales Police,-2.928703,53.172266,On or near Beechwood Road,W01000330,Flintshire 015E,Vehicle crime,Investigation complete; no suspect identified,
ace190c457d3d5162d280109b6e7fd8e35918cdae8ed985bf0635c8a94c2470c,2019-01,North Wales Police,North Wales Police,-2.929244,53.175174,On or near Moss Grove,W01000330,Flintshire 015E,Violence and sexual offences,Unable to prosecute suspect,
056c247c9ca349a76a8a400a501f629aa472e68faedf94660a1e369ac45962ac,2019-01,North Wales Police,North Wales Police,-2.929244,53.175174,On or near Moss Grove,W01000330,Flintshire 015E,Violence and sexual offences,Unable to prosecute suspect,
d598d9bb26082249ae0b83d207ffc44f46c0a476e55accc71465085d28699252,2019-01,North Wales Police,North Wales Police,-2.926915,53.174005,On or near Eaton Grove,W01000330,Flintshire 015E,Violence and sexual offences,Under investigation,
343ab904cd4a1b4c33c14434f8ad9383b2a09d9e1ec0ca4d4c4a43c32f18f509,2019-01,North Wales Police,North Wales Police,-2.926915,53.174005,On or near Eaton Grove,W01000330,Flintshire 015E,Violence and sexual offences,Unable to prosecute suspect,
fcd8281b2620b87881a7041fe2e1c10598f09e23a5c56b902ca75ee4435c1600,2019-01,North Wales Police,North Wales Police,-2.928123,53.177268,On or near Salisbury Avenue,W01000330,Flintshire 015E,Violence and sexual offences,Unable to prosecute suspect,
bf73b95372d956f9581f597923c4a87a1136221212b9c864a6675c8fc88a9f5f,2019-01,North Wales Police,North Wales Police,-2.929244,53.175174,On or near Moss Grove,W01000330,Flintshire 015E,Violence and sexual offences,Unable to prosecute suspect,
,2019-01,North Wales Police,North Wales Police,-2.934639,53.176255,On or near Howard Road,W01000331,Flintshire 015F,Anti-social behaviour,,
,2019-01,North Wales Police,North Wales Police,-2.934639,53.176255,On or near Howard Road,W01000331,Flintshire 015F,Anti-social behaviour,,
,2019-01,North Wales Police,North Wales Police,-2.934639,53.176255,On or near Howard Road,W01000331,Flintshire 015F,Anti-social behaviour,,
,2019-01,North Wales Police,North Wales Police,-2.934639,53.176255,On or near Howard Road,W01000331,Flintshire 015F,Anti-social behaviour,,
f0a97814b9abb3fe4d9f4ef3e388d966993ef43053a13aa71660d0d0657c1c5c,2019-01,North Wales Police,North Wales Police,-2.931067,53.175043,On or near Alyndale Road,W01000331,Flintshire 015F,Burglary,Investigation complete; no suspect identified,
620eb5065a99fad6972920dd8e21c6a7c7cab627974d73d89580e065058e5372,2019-01,North Wales Police,North Wales Police,-2.928867,53.174323,On or near Laburnum Grove,W01000331,Flintshire 015F,Other theft,Investigation complete; no suspect identified,
64da327b0753d865a08958b422ee68f62e8554f7f70f8ad143b9aea683dbf681,2019-01,North Wales Police,North Wales Police,-2.928235,53.174849,On or near Irving'S Crescent,W01000331,Flintshire 015F,Violence and sexual offences,Under investigation,
4886a307e1edb09dd4a517fb75ade6158536a3664edd1444052c3ed4f303cfed,2019-01,North Wales Police,North Wales Police,-2.930232,53.172424,On or near Oak Grove,W01000331,Flintshire 015F,Violence and sexual offences,Unable to prosecute suspect,
,2019-01,North Wales Police,North Wales Police,-3.136134,53.159311,On or near Wrexham Road,W01000313,Flintshire 016A,Anti-social behaviour,,
,2019-01,North Wales Police,North Wales Police,-3.134804,53.159908,On or near Bromfield Close,W01000313,Flintshire 016A,Anti-social behaviour,,
071e8010613f6a081563c5d2d9d61cdba4ea6dd6b2360bb97b567144617deeec,2019-01,North Wales Police,North Wales Police,-3.129615,53.156524,On or near Wrexham Road,W01000313,Flintshire 016A,Burglary,Investigation complete; no suspect identified,
dd2f1894c3bca97080c2c2ae6031c6c59ac056eb2d529b7f6afdfafceb51a697,2019-01,North Wales Police,North Wales Police,-3.137326,53.162536,On or near Bromfield Park,W01000313,Flintshire 016A,Criminal damage and arson,Under investigation,
7f58f4822812b75c115268f00afc357dc79a7acb1590a1e3e8f3ffe9524f1564,2019-01,North Wales Police,North Wales Police,-3.128457,53.159115,On or near Stephen Gray Road,W01000313,Flintshire 016A,Criminal damage and arson,Investigation complete; no suspect identified,
827ab244eaa692300f10a06ec36aa2b463520debe2d39b7d932f10a236e3d437,2019-01,North Wales Police,North Wales Police,-3.128457,53.159115,On or near Stephen Gray Road,W01000313,Flintshire 016A,Shoplifting,Investigation complete; no suspect identified,
e1440d76b9a6ebe22719d7f190cef3c457c16ae41711525f86c81be4a6f8ef81,2019-01,North Wales Police,North Wales Police,-3.139389,53.159074,On or near Broncoed Lane,W01000313,Flintshire 016A,Violence and sexual offences,Under investigation,
ffd88f8a3bc4fbeee09664df97a6669ab69832d2229442d084b89b0f3f44570a,2019-01,North Wales Police,North Wales Police,-3.137326,53.162536,On or near Bromfield Park,W01000313,Flintshire 016A,Violence and sexual offences,Unable to prosecute suspect,
caff754ff8a7d1064aa0435e64d7765a40c24315656109c27f37f166f6b98968,2019-01,North Wales Police,North Wales Police,-3.142593,53.162036,On or near Highfield Villas,W01000313,Flintshire 016A,Violence and sexual offences,Action to be taken by another organisation,
a0e772b1425ec57ffe8afb8a03f3df9b8e1d2584b1e5196cb18387586cf685d4,2019-01,North Wales Police,North Wales Police,-3.144182,53.168341,On or near Parking Area,W01000314,Flintshire 016B,Bicycle theft,Investigation complete; no suspect identified,
d3aede8aad30501e1b980ea25bbbcdc5bacc769fce28538d64f1864d1acacf40,2019-01,North Wales Police,North Wales Police,-3.144182,53.168341,On or near Parking Area,W01000314,Flintshire 016B,Criminal damage and arson,Under investigation,
cc9afd966b142145711c103a9bcf4d91dbe18a1e3a59e9546872c60cabd478c0,2019-01,North Wales Police,North Wales Police,-3.143639,53.168184,On or near Bank Villas,W01000314,Flintshire 016B,Criminal damage and arson,Under investigation,
6d7e33d504b9fb44877631bd12153ab5f39bde036e3839b13fd8936f67d6e899,2019-01,North Wales Police,North Wales Police,-3.144182,53.168341,On or near Parking Area,W01000314,Flintshire 016B,Criminal damage and arson,Under investigation,
a081128f20795d568fa84b027422cabbabfe49e1e62a704ca30e4d72e5bc5976,2019-01,North Wales Police,North Wales Police,-3.142829,53.165864,On or near Supermarket,W01000314,Flintshire 016B,Criminal damage and arson,Investigation complete; no suspect identified,
eab77f0d2a1377fa46ffc9ca67c0b717444b53002093285d4ea66c56d741d682,2019-01,North Wales Police,North Wales Police,-3.144182,53.168341,On or near Parking Area,W01000314,Flintshire 016B,Criminal damage and arson,Under investigation,
fc4eac71ebef952aacfd45a6541504730cc6b5cd749f95a1c5a8d7c53732c8de,2019-01,North Wales Police,North Wales Police,-3.144182,53.168341,On or near Parking Area,W01000314,Flintshire 016B,Criminal damage and arson,Investigation complete; no suspect identified,
930b7e968a24bc9dc681949f9e25f63db5022956862c83b355d7aba5e47c6fa1,2019-01,North Wales Police,North Wales Police,-3.144182,53.168341,On or near Parking Area,W01000314,Flintshire 016B,Criminal damage and arson,Under investigation,
f156a3c3388b324c1f4cf1bcb9277daf3c85d0d2d2abebdb7d0577a375e5962a,2019-01,North Wales Police,North Wales Police,-3.144182,53.168341,On or near Parking Area,W01000314,Flintshire 016B,Criminal damage and arson,Under investigation,
46061c199626d4130c5afb75c2d4f270cd4e51c4af47f8bf44442eec91c937ce,2019-01,North Wales Police,North Wales Police,-3.144182,53.168341,On or near Parking Area,W01000314,Flintshire 016B,Criminal damage and arson,Under investigation,
28dde766a22b4fa12f72b650180e5ad405197338b6ba94f450161f535948f1d6,2019-01,North Wales Police,North Wales Police,-3.144182,53.168341,On or near Parking Area,W01000314,Flintshire 016B,Criminal damage and arson,Under investigation,
e6f9bfc55a95629f1f26b56c6759b0daf86903969c6858144090a701d373e99a,2019-01,North Wales Police,North Wales Police,-3.145420,53.165965,On or near Maes Bodlonfa,W01000314,Flintshire 016B,Other theft,Unable to prosecute suspect,
1bda480d2e5b816b1843eb33bd9108053bd70ed1b882cf28b6aca71c7f275fdf,2019-01,North Wales Police,North Wales Police,-3.143556,53.167322,On or near Heol Yr Iarll,W01000314,Flintshire 016B,Public order,Under investigation,
e55c80939f2f22a524d1aed7a27e1bb87598737f5644d80cee78b26197ac0721,2019-01,North Wales Police,North Wales Police,-3.142829,53.165864,On or near Supermarket,W01000314,Flintshire 016B,Public order,Awaiting court outcome,
9844dedffe7909d70edac09567d2ab48460a880c68fc9d92e41f34c28b69e5d7,2019-01,North Wales Police,North Wales Police,-3.143556,53.167322,On or near Heol Yr Iarll,W01000314,Flintshire 016B,Public order,Offender otherwise dealt with,
89d704cf0f6c2f31fe2184c1f327d2d467ad81b72ef81b4953c8916c3a614d8b,2019-01,North Wales Police,North Wales Police,-3.142817,53.168210,On or near Stryd Fawr,W01000314,Flintshire 016B,Shoplifting,Under investigation,
d21d704d5f3a7a700cf1e4dae25f450cc506e8785f2c19422964ff826f60b378,2019-01,North Wales Police,North Wales Police,-3.142829,53.165864,On or near Supermarket,W01000314,Flintshire 016B,Shoplifting,Offender sent to prison,
e9b49f6a5042ee60cc6bfdcf1223d712a9fce1053eec3744ae19826660eb18ba,2019-01,North Wales Police,North Wales Police,-3.142817,53.168210,On or near Stryd Fawr,W01000314,Flintshire 016B,Shoplifting,Awaiting court outcome,
e08fe05c51a8638cb7531dfb6dbbbd46c8d4428b207b1398eb456333bdd7b5c5,2019-01,North Wales Police,North Wales Police,-3.142817,53.168210,On or near Stryd Fawr,W01000314,Flintshire 016B,Shoplifting,Investigation complete; no suspect identified,
1915dbf2c685665d6c70319a056f02363156abb5e8ba2f63d74d3d1c6408342b,2019-01,North Wales Police,North Wales Police,-3.142817,53.168210,On or near Stryd Fawr,W01000314,Flintshire 016B,Shoplifting,Investigation complete; no suspect identified,
8849497490e7971d26a270d0c19a442c1c39bbc364f9dba55579888eaa142e6f,2019-01,North Wales Police,North Wales Police,-3.142817,53.168210,On or near Stryd Fawr,W01000314,Flintshire 016B,Shoplifting,Offender sent to prison,
83e7ef69ffee1801557f079b4895c74a056fdd8e00b6721951293694a3080e8f,2019-01,North Wales Police,North Wales Police,-3.142817,53.168210,On or near Stryd Fawr,W01000314,Flintshire 016B,Shoplifting,Investigation complete; no suspect identified,
ea5b629151e15fb7ebd8cb5de0ab13b603bde2b96a3cc6ceff1153e0543ba49a,2019-01,North Wales Police,North Wales Police,-3.142817,53.168210,On or near Stryd Fawr,W01000314,Flintshire 016B,Shoplifting,Under investigation,
ed977955babf233d78524de6fa0b1df436a5007b286f149e20aabfeed288a017,2019-01,North Wales Police,North Wales Police,-3.143556,53.167322,On or near Heol Yr Iarll,W01000314,Flintshire 016B,Shoplifting,Investigation complete; no suspect identified,
4b9e2acdf0fdf290d571266311fa7ed155db72c69f76ad29044780c92f776aa3,2019-01,North Wales Police,North Wales Police,-3.143556,53.167322,On or near Heol Yr Iarll,W01000314,Flintshire 016B,Theft from the person,Under investigation,
4d01d099e9039918b896512c499f55163f147e9b04926a1e332b926337d37903,2019-01,North Wales Police,North Wales Police,-3.144912,53.164882,On or near Park House Mews,W01000314,Flintshire 016B,Violence and sexual offences,Unable to prosecute suspect,
ec34e62f452f13b18bdbc5e15b6cf9ef0407bb5aec1980168510fabfe6f55e1d,2019-01,North Wales Police,North Wales Police,-3.145386,53.168050,On or near Bryn Garmon,W01000314,Flintshire 016B,Violence and sexual offences,Under investigation,
d66d738f4b38a47eda188550534f9049cddef6848701e2c8b5371a0d4b2e95ef,2019-01,North Wales Police,North Wales Police,-3.143556,53.167322,On or near Heol Yr Iarll,W01000314,Flintshire 016B,Violence and sexual offences,Investigation complete; no suspect identified,
2fff1688855e134013082a8c66edc899d310840390f17deeb05826fbae7cf723,2019-01,North Wales Police,North Wales Police,-3.142829,53.165864,On or near Supermarket,W01000314,Flintshire 016B,Violence and sexual offences,Under investigation,
de12e7a90a2638aff6f6facb01a28f932b9e79f3ade97db00e5e86203dfd00d3,2019-01,North Wales Police,North Wales Police,-3.144182,53.168341,On or near Parking Area,W01000314,Flintshire 016B,Violence and sexual offences,Awaiting court outcome,
1fe8c5311b103e594ff3a075efe7d8a30913cc56b9feb0801390e60aa119edb8,2019-01,North Wales Police,North Wales Police,-3.142817,53.168210,On or near Stryd Fawr,W01000314,Flintshire 016B,Violence and sexual offences,Under investigation,
249032bf343b141a62247536add3d9ea4640f0dcda632edea1d2fa93c18228b2,2019-01,North Wales Police,North Wales Police,-3.147330,53.167483,On or near Nant Garmon,W01000314,Flintshire 016B,Violence and sexual offences,Under investigation,
13875b63724b7da5ddd8828c021ebe0e1af2c9b4d5dd3d5b1155e0643001ad1f,2019-01,North Wales Police,North Wales Police,-3.145386,53.168050,On or near Bryn Garmon,W01000314,Flintshire 016B,Violence and sexual offences,Under investigation,
c1f856a8d83fe27844bac858eba7330d6cba74f362185739f5e450a2896640a4,2019-01,North Wales Police,North Wales Police,-3.147330,53.167483,On or near Nant Garmon,W01000314,Flintshire 016B,Violence and sexual offences,Unable to prosecute suspect,
4c861c47d07094eb1dbb3d73ffc6b99ce6b70c523486891377f41d3ddbe8b94d,2019-01,North Wales Police,North Wales Police,-3.142817,53.168210,On or near Stryd Fawr,W01000314,Flintshire 016B,Violence and sexual offences,Unable to prosecute suspect,
125a549b485f5cc9214ae12632e31c350197ed2d0cc47b279a9ca03bcee97a2a,2019-01,North Wales Police,North Wales Police,-3.144912,53.164882,On or near Park House Mews,W01000314,Flintshire 016B,Violence and sexual offences,Unable to prosecute suspect,
1a372026c2b0ae11224a5bed873795b7cdac0a4888f26226e8c1fe67d277fbe2,2019-01,North Wales Police,North Wales Police,-3.144182,53.168341,On or near Parking Area,W01000314,Flintshire 016B,Violence and sexual offences,Awaiting court outcome,
3acf0b19ff8f45e238ddb37636387c402a8842874af22006110d9ea05518f6e8,2019-01,North Wales Police,North Wales Police,-3.143556,53.167322,On or near Heol Yr Iarll,W01000314,Flintshire 016B,Violence and sexual offences,Under investigation,
6b3dddd0ee1dcf4cdfabb28436d91007cfb95b1d68f87f9a1e84185ef08395a8,2019-01,North Wales Police,North Wales Police,-3.144182,53.168341,On or near Parking Area,W01000314,Flintshire 016B,Violence and sexual offences,Awaiting court outcome,
48d9e371dbd8f8dde1b6f53772e0a00323da81ae3ead22fd776e6ff89c28a129,2019-01,North Wales Police,North Wales Police,-3.143556,53.167322,On or near Heol Yr Iarll,W01000314,Flintshire 016B,Violence and sexual offences,Under investigation,
8a61c045d06b641d2b6a7fae7ba333632480ed6183dd70dd80b6b79cc280d03f,2019-01,North Wales Police,North Wales Police,-3.142829,53.165864,On or near Supermarket,W01000314,Flintshire 016B,Violence and sexual offences,Under investigation,
0898972f5f1eaa520f8e9640095046a0278f1dfe13c5be09cc35fb2913c8b247,2019-01,North Wales Police,North Wales Police,-3.143556,53.167322,On or near Heol Yr Iarll,W01000314,Flintshire 016B,Violence and sexual offences,Under investigation,
b4fa85876fe63f38d11fdce7724622a96f8723ebef5171e303427a49b0069228,2019-01,North Wales Police,North Wales Police,-3.143556,53.167322,On or near Heol Yr Iarll,W01000314,Flintshire 016B,Violence and sexual offences,Under investigation,
,2019-01,North Wales Police,North Wales Police,-3.137795,53.164411,On or near Ffordd Alecsandra,W01000315,Flintshire 016C,Anti-social behaviour,,
,2019-01,North Wales Police,North Wales Police,-3.137625,53.166480,On or near Tyddyn Street,W01000315,Flintshire 016C,Anti-social behaviour,,
,2019-01,North Wales Police,North Wales Police,-3.139528,53.167711,On or near Further/Higher Educational Building,W01000315,Flintshire 016C,Anti-social behaviour,,
,2019-01,North Wales Police,North Wales Police,-3.136426,53.178843,On or near Pedestrian Subway,W01000315,Flintshire 016C,Anti-social behaviour,,
,2019-01,North Wales Police,North Wales Police,-3.136426,53.178843,On or near Pedestrian Subway,W01000315,Flintshire 016C,Anti-social behaviour,,
,2019-01,North Wales Police,North Wales Police,-3.136426,53.178843,On or near Pedestrian Subway,W01000315,Flintshire 016C,Anti-social behaviour,,
,2019-01,North Wales Police,North Wales Police,-3.131388,53.166512,On or near Chester Road,W01000315,Flintshire 016C,Anti-social behaviour,,
f9901625732e9d1559ce17997e52ab54659ec16c2ca036823fd1869eadaa72ef,2019-01,North Wales Police,North Wales Police,-3.137625,53.166480,On or near Tyddyn Street,W01000315,Flintshire 016C,Burglary,Investigation complete; no suspect identified,
dd8623e21dd0cef0e222f45902da2ea7911bb678d196998a6a07c2bad2da2906,2019-01,North Wales Police,North Wales Police,-3.134818,53.167226,On or near The Avenue,W01000315,Flintshire 016C,Burglary,Investigation complete; no suspect identified,
16d85e54b9c2b7a37d40a0652a9612fc036ceb8039630f61b8a7a0f9f788a40b,2019-01,North Wales Police,North Wales Police,-3.134818,53.167226,On or near The Avenue,W01000315,Flintshire 016C,Burglary,Investigation complete; no suspect identified,
52e15568d5ddc6b6ff32a70d486ba5f583f7ee3df29f07b5c2f40fee6493d220,2019-01,North Wales Police,North Wales Police,-3.136426,53.178843,On or near Pedestrian Subway,W01000315,Flintshire 016C,Criminal damage and arson,Under investigation,
3330d426bf9d6d3e533590a7599667dd464e4d505d3eaeb274795bf71e791f1b,2019-01,North Wales Police,North Wales Police,-3.133824,53.165293,On or near Bron Y Nant,W01000315,Flintshire 016C,Criminal damage and arson,Investigation complete; no suspect identified,
bffb5d49e64f93e366f4ad4e7427cd1ed9454e5b23637904452feba15fda9532,2019-01,North Wales Police,North Wales Police,-3.133297,53.166278,On or near Ffordd Pentre,W01000315,Flintshire 016C,Criminal damage and arson,Unable to prosecute suspect,
e07ae4b62b5af2bf751c6622e7e69017edf779ac5300fc0c1de44d0f73a93306,2019-01,North Wales Police,North Wales Police,-3.133824,53.165293,On or near Bron Y Nant,W01000315,Flintshire 016C,Criminal damage and arson,Unable to prosecute suspect,
890d8dfc4c9de2914a11fe30d880aa1f6abee417000e9205f9da94f28cee401f,2019-01,North Wales Police,North Wales Police,-3.134696,53.163766,On or near Sports/Recreation Area,W01000315,Flintshire 016C,Criminal damage and arson,Under investigation,
0b1507c6447730a06623c8cf1aa2e6fa10ce712faf24b11ff4fe70f3cf7a1556,2019-01,North Wales Police,North Wales Police,-3.134287,53.164705,On or near Lon Yr Orsaf,W01000315,Flintshire 016C,Criminal damage and arson,Under investigation,
044c00ef5563f815aa5a3d82db2342ba8ad1eaf5c86e06484d2662d94316e5ef,2019-01,North Wales Police,North Wales Police,-3.136426,53.178843,On or near Pedestrian Subway,W01000315,Flintshire 016C,Criminal damage and arson,Under investigation,
ab930c8baf8c8e44cf470e607acb979d16cae0f288414cd1aabd52f0782ba21b,2019-01,North Wales Police,North Wales Police,-3.137625,53.166480,On or near Tyddyn Street,W01000315,Flintshire 016C,Other theft,Unable to prosecute suspect,
be3041508c2132a826de4eef270eb02f75ab08b74ede8f632a6ee2f7cc91cb49,2019-01,North Wales Police,North Wales Police,-3.133297,53.166278,On or near Ffordd Pentre,W01000315,Flintshire 016C,Other theft,Investigation complete; no suspect identified,
9dc25cf3473800ceccc528ebd92b6e78d4fcdaad098753549729e52fb0b4f946,2019-01,North Wales Police,North Wales Police,-3.137625,53.166480,On or near Tyddyn Street,W01000315,Flintshire 016C,Other theft,Offender given conditional discharge,
d15bdbc1b9e215df2725d1d946fef984e8621c96ca223f2bde8644550188aa89,2019-01,North Wales Police,North Wales Police,-3.138054,53.170818,On or near King Street,W01000315,Flintshire 016C,Other theft,Investigation complete; no suspect identified,
fd155b7cfdb52c672b7715b52b9a1faa402946a11ac2988a9dac3700687bf842,2019-01,North Wales Police,North Wales Police,-3.137222,53.168192,On or near Petrol Station,W01000315,Flintshire 016C,Other theft,Investigation complete; no suspect identified,
4cdc3bc93cf42d9d8e441bc9dfa341c03ae699237cceb311bc38ad5b007f2a3a,2019-01,North Wales Police,North Wales Police,-3.139929,53.167608,On or near Bus/Coach Station,W01000315,Flintshire 016C,Other theft,Further investigation is not in the public interest,
b4eead22000ca3d6815dc9e7d66da22b7ecbd631fbc9187b7a6f98b458ea6b1a,2019-01,North Wales Police,North Wales Police,-3.140724,53.166019,On or near Parking Area,W01000315,Flintshire 016C,Public order,Investigation complete; no suspect identified,
f0b97a537b54b0155cb81eb880e541e35dba69d6dbc38279694972094218b671,2019-01,North Wales Police,North Wales Police,-3.134287,53.164705,On or near Lon Yr Orsaf,W01000315,Flintshire 016C,Public order,Unable to prosecute suspect,
4360cc11cb8a4c6ec15cdebe90007d1c3b669b74b4d8e6512e7340fc061c6325,2019-01,North Wales Police,North Wales Police,-3.138054,53.170818,On or near King Street,W01000315,Flintshire 016C,Shoplifting,Investigation complete; no suspect identified,
79b17decf74459182b7cb5980209e35860ce0898fd12503399598472d5b367e8,2019-01,North Wales Police,North Wales Police,-3.138174,53.172524,On or near Llys Pont-Y-Felin,W01000315,Flintshire 016C,Theft from the person,Unable to prosecute suspect,
10ad8dcccab44dd29cc547fd979d563a4c49f437db443381590ee1368e60437f,2019-01,North Wales Police,North Wales Police,-3.138174,53.172524,On or near Llys Pont-Y-Felin,W01000315,Flintshire 016C,Theft from the person,Unable to prosecute suspect,
05dc3799566a502df1859db48726f96ca7466a4ec17e2996e9058c14fadfd0bf,2019-01,North Wales Police,North Wales Police,-3.130592,53.166933,On or near Wood Green,W01000315,Flintshire 016C,Vehicle crime,Investigation complete; no suspect identified,
71e791f6252cb983a2bbe3b085860f79778a018483dba38ac95f510dc9693c91,2019-01,North Wales Police,North Wales Police,-3.140724,53.166019,On or near Parking Area,W01000315,Flintshire 016C,Violence and sexual offences,Unable to prosecute suspect,
c8cc1087706fdd86de763341f1d2d0bebbe715361965b00d55903fd41c5701bd,2019-01,North Wales Police,North Wales Police,-3.139128,53.168443,On or near Parking Area,W01000315,Flintshire 016C,Violence and sexual offences,Unable to prosecute suspect,
63bf5883a16b842c4ca989c10034665b6ad01c4dfc210b5db28cf0f431747548,2019-01,North Wales Police,North Wales Police,-3.140579,53.165058,On or near Wrexham Street,W01000315,Flintshire 016C,Violence and sexual offences,Further investigation is not in the public interest,
d655246dd180b40ad91e39a818d7b0c3e417126b0bfba997e38d982047b2861d,2019-01,North Wales Police,North Wales Police,-3.132835,53.163523,On or near Llys Derwen,W01000315,Flintshire 016C,Violence and sexual offences,Unable to prosecute suspect,
8e8e24925d156092e565567e98195df6ff4631955c04f5487906daf3304cb622,2019-01,North Wales Police,North Wales Police,-3.140724,53.166019,On or near Parking Area,W01000315,Flintshire 016C,Violence and sexual offences,Unable to prosecute suspect,
f5fffc59fce6b65fd8308a23e32c94bc90259f148d6551d62401b91fbbbd1e99,2019-01,North Wales Police,North Wales Police,-3.140724,53.166019,On or near Parking Area,W01000315,Flintshire 016C,Violence and sexual offences,Unable to prosecute suspect,
87489c2ec6d7cabe311c5dd4abcacdfd3bff2b0758944a50bb1e24024b4a8006,2019-01,North Wales Police,North Wales Police,-3.138174,53.172524,On or near Llys Pont-Y-Felin,W01000315,Flintshire 016C,Violence and sexual offences,Formal action is not in the public interest,
b5d56752b5669c5583e5d628fc917ffc8152f0a73540ff6e0ecb864198171988,2019-01,North Wales Police,North Wales Police,-3.136426,53.178843,On or near Pedestrian Subway,W01000315,Flintshire 016C,Violence and sexual offences,Unable to prosecute suspect,
4e12b849e9aa70368ca1b5e91c5e01f7d529c85c5537f42fbd934146a94d9419,2019-01,North Wales Police,North Wales Police,-3.139128,53.168443,On or near Parking Area,W01000315,Flintshire 016C,Violence and sexual offences,Unable to prosecute suspect,
f71d0afd55b9e7f4d4519840c1cd94b4151fce5a8ebbcaea55b1eec30fb51a24,2019-01,North Wales Police,North Wales Police,-3.139843,53.168301,On or near Mold Police Station,W01000315,Flintshire 016C,Violence and sexual offences,Under investigation,
7d0e641bcee06e8e6b792e8e89fd595f0e9e92a80595855f738f88f2e9dc6b49,2019-01,North Wales Police,North Wales Police,-3.136426,53.178843,On or near Pedestrian Subway,W01000315,Flintshire 016C,Violence and sexual offences,Unable to prosecute suspect,
28917a5d5325e7c7f7e06fe8679fec939f2bb5abe29199cba46778a16193ae51,2019-01,North Wales Police,North Wales Police,-3.139843,53.168301,On or near Mold Police Station,W01000315,Flintshire 016C,Violence and sexual offences,Unable to prosecute suspect,
9bcf2fb93d192639020fbb3cab47dde058a7ed92b05cee67976cd584cc4f8f6e,2019-01,North Wales Police,North Wales Police,-3.134287,53.164705,On or near Lon Yr Orsaf,W01000315,Flintshire 016C,Violence and sexual offences,Under investigation,
349e0c406b461abf58430c69b8a985a5d099ebeabbd96bc396494509195fa641,2019-01,North Wales Police,North Wales Police,-3.132835,53.163523,On or near Llys Derwen,W01000315,Flintshire 016C,Violence and sexual offences,Action to be taken by another organisation,
545b9510fc464a1c5bface5c831e493e76dedab6afb9f483c88402f6ca9dacef,2019-01,North Wales Police,North Wales Police,-3.137625,53.166480,On or near Tyddyn Street,W01000315,Flintshire 016C,Violence and sexual offences,Under investigation,
b2ca9147acab0bce0095b6b265df621b68c877ea57617a9e48785f94f5bab8fd,2019-01,North Wales Police,North Wales Police,-3.137625,53.166480,On or near Tyddyn Street,W01000315,Flintshire 016C,Violence and sexual offences,Investigation complete; no suspect identified,
171a7aff9573e4377b953ada34fb516529659b0bc234e75f50c21205e06814cf,2019-01,North Wales Police,North Wales Police,-3.138174,53.172524,On or near Llys Pont-Y-Felin,W01000315,Flintshire 016C,Violence and sexual offences,Further investigation is not in the public interest,
77c00d97a0658df8a573bc9b5d7ee4efba67e8ec226e05fad13ee7bd542efe57,2019-01,North Wales Police,North Wales Police,-3.132835,53.163523,On or near Llys Derwen,W01000315,Flintshire 016C,Violence and sexual offences,Unable to prosecute suspect,
c48c38ddcde99a4880c1b57cca2151a7d876ba52ce17ccefd24523ccfc8716f9,2019-01,North Wales Police,North Wales Police,-3.153669,53.160069,On or near Ffordd Newydd,W01000317,Flintshire 016E,Vehicle crime,Investigation complete; no suspect identified,
c069ba0207c864c62bcb307785fcec2136600ccf487f4ee80b52b6bbeb9a846e,2019-01,North Wales Police,North Wales Police,-3.146565,53.160650,On or near Bryn Coch Crescent,W01000317,Flintshire 016E,Vehicle crime,Investigation complete; no suspect identified,
,2019-01,North Wales Police,North Wales Police,-3.150627,53.168243,On or near Cedar Grove,W01000318,Flintshire 016F,Anti-social behaviour,,
,2019-01,North Wales Police,North Wales Police,-3.146688,53.168631,On or near Jasmine Crescent,W01000318,Flintshire 016F,Anti-social behaviour,,
,2019-01,North Wales Police,North Wales Police,-3.149091,53.168437,On or near Ash Grove,W01000318,Flintshire 016F,Anti-social behaviour,,
8d2e9f5204a2c4f75c1f7e80436bd447b067d04a48e443a293324402b1b92297,2019-01,North Wales Police,North Wales Police,-3.151214,53.170053,On or near Hawthorn Avenue,W01000318,Flintshire 016F,Burglary,Investigation complete; no suspect identified,
96d04d7bb35df30cf15b00a6c8405c5082705147e2bf7238a80095b25f5a1185,2019-01,North Wales Police,North Wales Police,-3.151214,53.170053,On or near Hawthorn Avenue,W01000318,Flintshire 016F,Criminal damage and arson,Unable to prosecute suspect,
eb8754b36fbf8688db2faad854d4b8d747d1115b2f3ddca8e6028b413ab0d1f3,2019-01,North Wales Police,North Wales Police,-3.146688,53.168631,On or near Jasmine Crescent,W01000318,Flintshire 016F,Public order,Awaiting court outcome,
d1591cbb4a7914d5a18a2dcddc6a38ab5e6c3bb6480685cc8821a44a57a0ad02,2019-01,North Wales Police,North Wales Police,-3.151472,53.169097,On or near Elm Drive,W01000318,Flintshire 016F,Vehicle crime,Investigation complete; no suspect identified,
050fc6e05daa4340e3e951b10c7b29fedc1e8ac7d0440a22e66245ab0377506a,2019-01,North Wales Police,North Wales Police,-3.153015,53.168031,On or near Queens Park,W01000318,Flintshire 016F,Violence and sexual offences,Unable to prosecute suspect,
2c69e7f049aaf4281326471de53aacbe9f5420262db13bad318b73bb7e04c8ee,2019-01,North Wales Police,North Wales Police,-3.146688,53.168631,On or near Jasmine Crescent,W01000318,Flintshire 016F,Violence and sexual offences,Awaiting court outcome,
a93896311139b231af1a76320351c70987ba8c7a440e607672fc649014c664c5,2019-01,North Wales Police,North Wales Police,-3.151472,53.169097,On or near Elm Drive,W01000318,Flintshire 016F,Violence and sexual offences,Under investigation,
e94b53de88d443c1458fe36f1853d66c8c7f5b9a28eb56f36aa435ea8960cf89,2019-01,North Wales Police,North Wales Police,-3.152252,53.169701,On or near Hazel Grove,W01000318,Flintshire 016F,Violence and sexual offences,Under investigation,
27008b0a37534c3725c220a0ae232c2fa80f7f06103cfe247d97f15eec637541,2019-01,North Wales Police,North Wales Police,-3.151472,53.169097,On or near Elm Drive,W01000318,Flintshire 016F,Violence and sexual offences,Under investigation,
5ebf82b0148355cf2c8007de78ce1fa6f4a33dbcb89011329a20cc01f09f56f5,2019-01,North Wales Police,North Wales Police,-3.150627,53.168243,On or near Cedar Grove,W01000318,Flintshire 016F,Violence and sexual offences,Unable to prosecute suspect,
aa7225c25cf3294369bad074a7197b9bbb09262fc3535078ef64870f6fde4df2,2019-01,North Wales Police,North Wales Police,-3.151214,53.170053,On or near Hawthorn Avenue,W01000318,Flintshire 016F,Violence and sexual offences,Unable to prosecute suspect,
4699f81b43bc7b0ec0f9093c15b756809bdea414d5b7eeccb75098e67a06d2ac,2019-01,North Wales Police,North Wales Police,-3.150962,53.170702,On or near Ivy Crescent,W01000318,Flintshire 016F,Violence and sexual offences,Unable to prosecute suspect,
a77f56041bfb044b0b94b3d400c7316433546bfebdd3915a3d2c670de6c2e5ac,2019-01,North Wales Police,North Wales Police,-3.150962,53.170702,On or near Ivy Crescent,W01000318,Flintshire 016F,Violence and sexual offences,Unable to prosecute suspect,
4a0e37d7353ba26639c65c939bc2d23325fc68dac549fbd49e50b8739bdc59cc,2019-01,North Wales Police,North Wales Police,-3.151260,53.169549,On or near Holly Drive,W01000318,Flintshire 016F,Violence and sexual offences,Under investigation,
,2019-01,North Wales Police,North Wales Police,-3.142950,53.170950,On or near Henffordd,W01000319,Flintshire 016G,Anti-social behaviour,,
,2019-01,North Wales Police,North Wales Police,-3.146784,53.169988,On or near Pwll Glas,W01000319,Flintshire 016G,Anti-social behaviour,,
,2019-01,North Wales Police,North Wales Police,-3.141089,53.170735,On or near Milford Street,W01000319,Flintshire 016G,Anti-social behaviour,,
,2019-01,North Wales Police,North Wales Police,-3.144972,53.172747,On or near Sports/Recreation Area,W01000319,Flintshire 016G,Anti-social behaviour,,
,2019-01,North Wales Police,North Wales Police,-3.141089,53.170735,On or near Milford Street,W01000319,Flintshire 016G,Anti-social behaviour,,
,2019-01,North Wales Police,North Wales Police,-3.144972,53.172747,On or near Sports/Recreation Area,W01000319,Flintshire 016G,Anti-social behaviour,,
,2019-01,North Wales Police,North Wales Police,-3.141089,53.170735,On or near Milford Street,W01000319,Flintshire 016G,Anti-social behaviour,,
d6861d9df7f37cc03a598ba95eafb39e138f3756840930e1a8f0ea157f2dd454,2019-01,North Wales Police,North Wales Police,-3.142950,53.170950,On or near Henffordd,W01000319,Flintshire 016G,Criminal damage and arson,Investigation complete; no suspect identified,
1057f11108a3748c7f61acb13bdbebbb082ece9e4c950b556ef8dcc74cf946f8,2019-01,North Wales Police,North Wales Police,-3.147825,53.169771,On or near Hospital,W01000319,Flintshire 016G,Other theft,Investigation complete; no suspect identified,
b0811fd35152dea18d1519d0e5430a57e6a53a88b7558c53107a12074e034a49,2019-01,North Wales Police,North Wales Police,-3.142950,53.170950,On or near Henffordd,W01000319,Flintshire 016G,Vehicle crime,Investigation complete; no suspect identified,
bc7d3a9b1b844e9ee63cf81998d4294ef8aae91e76233cb8a6dcfaf7127c8cde,2019-01,North Wales Police,North Wales Police,-3.141089,53.170735,On or near Milford Street,W01000319,Flintshire 016G,Vehicle crime,Investigation complete; no suspect identified,
f495de34138cd5003a07db4767cb184573e1094df2633f30a83cb1732fe802f2,2019-01,North Wales Police,North Wales Police,-3.144151,53.170552,On or near Shire View,W01000319,Flintshire 016G,Violence and sexual offences,Under investigation,
3f75a72b9c889a7559c823959a8230657a4128ed3316b0cd0a01e4efc6ddc960,2019-01,North Wales Police,North Wales Police,-3.147271,53.171970,On or near Dreflan,W01000319,Flintshire 016G,Violence and sexual offences,Under investigation,
d4b3a20cbac2c8bb51b791b700d251621ae858cc457ad0243ca9740220eb261c,2019-01,North Wales Police,North Wales Police,-3.144151,53.170552,On or near Shire View,W01000319,Flintshire 016G,Violence and sexual offences,Under investigation,
8a2121a1750f0fcb3c38d5faf97f779f9cf24b90549779174a8cda9a0df1960e,2019-01,North Wales Police,North Wales Police,-3.142950,53.170950,On or near Henffordd,W01000319,Flintshire 016G,Violence and sexual offences,Unable to prosecute suspect,
36a5ee83e0df5432f02c70cb13bdf8e8b92b5950670fa00c733bc1c45ac02d0c,2019-01,North Wales Police,North Wales Police,-3.142950,53.170950,On or near Henffordd,W01000319,Flintshire 016G,Violence and sexual offences,Unable to prosecute suspect,
b4a921fd2fa51c04f84b7b0458974c201e098ec4e343c17cb9dc660d9bd56515,2019-01,North Wales Police,North Wales Police,-3.147951,53.170570,On or near Bedford Way,W01000319,Flintshire 016G,Violence and sexual offences,Under investigation,
,2019-01,North Wales Police,North Wales Police,-3.070405,53.164262,On or near Lyme Grove,W01000259,Flintshire 017A,Anti-social behaviour,,
,2019-01,North Wales Police,North Wales Police,-3.064687,53.165302,On or near Brook Street,W01000259,Flintshire 017A,Anti-social behaviour,,
,2019-01,North Wales Police,North Wales Police,-3.079995,53.165542,On or near Padeswood Court,W01000259,Flintshire 017A,Anti-social behaviour,,
,2019-01,North Wales Police,North Wales Police,-3.070405,53.164262,On or near Lyme Grove,W01000259,Flintshire 017A,Anti-social behaviour,,
,2019-01,North Wales Police,North Wales Police,-3.071635,53.166175,On or near Jubilee Road,W01000259,Flintshire 017A,Anti-social behaviour,,
,2019-01,North Wales Police,North Wales Police,-3.064687,53.165302,On or near Brook Street,W01000259,Flintshire 017A,Anti-social behaviour,,
49ec18ac40f2056fe6b626972a68b02f5918e38a39a63e93e99b1a06087be42e,2019-01,North Wales Police,North Wales Police,-3.080249,53.165513,On or near Padeswood Road North,W01000259,Flintshire 017A,Criminal damage and arson,Investigation complete; no suspect identified,
be6ce50c33c07db07f859ec0f5bd2a1b41dd5bc3a4e1a694b9427556eec982be,2019-01,North Wales Police,North Wales Police,-3.064687,53.165302,On or near Brook Street,W01000259,Flintshire 017A,Public order,Unable to prosecute suspect,
efb9f3be8b99c6c0db450fd15d11c5d325f5719433b11b7cec4c0f6022cdf2a0,2019-01,North Wales Police,North Wales Police,-3.079995,53.165542,On or near Padeswood Court,W01000259,Flintshire 017A,Shoplifting,Investigation complete; no suspect identified,
50195095d854a5bbff5820e594577483ab8e7cddbf5170e5b025ed55b1893506,2019-01,North Wales Police,North Wales Police,-3.079667,53.167963,On or near Parking Area,W01000259,Flintshire 017A,Shoplifting,Investigation complete; no suspect identified,
83659aabcf9de7e7effe9273c613f088f771c62872cc1bea11cd87e07bbb33ba,2019-01,North Wales Police,North Wales Police,-3.064687,53.165302,On or near Brook Street,W01000259,Flintshire 017A,Violence and sexual offences,Unable to prosecute suspect,
61078ed6b79ef41d0e0d550ac4da8842e81ac72b66fd6ecf687ad9728b94e4fc,2019-01,North Wales Police,North Wales Police,-3.064687,53.165302,On or near Brook Street,W01000259,Flintshire 017A,Violence and sexual offences,Unable to prosecute suspect,
327c795bf7a67f8b2cf5f68583c86ddcca542a6dd553630034351fc2eb21ead3,2019-01,North Wales Police,North Wales Police,-3.067426,53.166554,On or near Parking Area,W01000259,Flintshire 017A,Violence and sexual offences,Unable to prosecute suspect,
c4fc9fcf5de78527adc7928950f90175ac00f56342df2856de00b4b5783d0ea2,2019-01,North Wales Police,North Wales Police,-3.064687,53.165302,On or near Brook Street,W01000259,Flintshire 017A,Violence and sexual offences,Unable to prosecute suspect,
c52ad8843286be84b9d1996316c34a8069b81a126978e10240f2291153994547,2019-01,North Wales Police,North Wales Police,-3.071635,53.166175,On or near Jubilee Road,W01000259,Flintshire 017A,Violence and sexual offences,Under investigation,
f885bb3b751b9efcd7100fc1cad3e94d97dface25c6e64e80a50eb9fa25a1748,2019-01,North Wales Police,North Wales Police,-3.068846,53.166542,On or near Lamb'S Lane,W01000259,Flintshire 017A,Violence and sexual offences,Action to be taken by another organisation,
8d961a0f048bad000d907d585d1e56a26d56862d9a006aeaefb681ecb3718116,2019-01,North Wales Police,North Wales Police,-3.064687,53.165302,On or near Brook Street,W01000259,Flintshire 017A,Violence and sexual offences,Unable to prosecute suspect,
de09b0a9542dae9b4933231d9bf451ec5e2f32b6037ce14ffcd3060e34659693,2019-01,North Wales Police,North Wales Police,-3.070405,53.164262,On or near Lyme Grove,W01000259,Flintshire 017A,Violence and sexual offences,Unable to prosecute suspect,
8b9fcb5618df6500ce9161e706f07618f2f1fbf239dfff0299c576e01d6efd2c,2019-01,North Wales Police,North Wales Police,-3.076214,53.167455,On or near Nightclub,W01000259,Flintshire 017A,Violence and sexual offences,Unable to prosecute suspect,
ded9d951d4ada9f0145b5ff6ffd1f1cba2d111e84656a3fab5e49ee2b30a4aa2,2019-01,North Wales Police,North Wales Police,-3.069317,53.163805,On or near Conway Avenue,W01000259,Flintshire 017A,Violence and sexual offences,Unable to prosecute suspect,
f101ea31796e42b3de231a9250427449a246395d1e45bb34acb9f3cced40f2fd,2019-01,North Wales Police,North Wales Police,-3.068846,53.166542,On or near Lamb'S Lane,W01000259,Flintshire 017A,Violence and sexual offences,Action to be taken by another organisation,
,2019-01,North Wales Police,North Wales Police,-3.073107,53.166422,On or near Moorefields,W01000260,Flintshire 017B,Anti-social behaviour,,
,2019-01,North Wales Police,North Wales Police,-3.076294,53.161692,On or near Westbrook Drive,W01000260,Flintshire 017B,Anti-social behaviour,,
2f6b6cfb96f8d1689450a63280744ebc3f9304fd8d7091435e4e5c8c15a8bf41,2019-01,North Wales Police,North Wales Police,-3.069093,53.163213,On or near Swain Avenue,W01000260,Flintshire 017B,Violence and sexual offences,Under investigation,
9a46ec8e22a9b516f5f040e85f1cd7a4b834ca1ac1858711157ad07088a5e25e,2019-01,North Wales Police,North Wales Police,-3.069093,53.163213,On or near Swain Avenue,W01000260,Flintshire 017B,Violence and sexual offences,Formal action is not in the public interest,
3b06eddbd63354b38d07affb328a7665fad4735f6a560493a2e7500e640c1274,2019-01,North Wales Police,North Wales Police,-3.073107,53.166422,On or near Moorefields,W01000260,Flintshire 017B,Violence and sexual offences,Unable to prosecute suspect,
f5dcc587f54e9ec15e44db4270f40a5c9f4a0ff0999e8cbb706581f5ec255952,2019-01,North Wales Police,North Wales Police,-3.069093,53.163213,On or near Swain Avenue,W01000260,Flintshire 017B,Violence and sexual offences,Unable to prosecute suspect,
cbac0a2e23a1062e53b7558d2fdc4b81c5e282673ba3ab6049a26a48b01729c0,2019-01,North Wales Police,North Wales Police,-3.069093,53.163213,On or near Swain Avenue,W01000260,Flintshire 017B,Violence and sexual offences,Unable to prosecute suspect,
,2019-01,North Wales Police,North Wales Police,-3.081071,53.164885,On or near Alyn Road,W01000262,Flintshire 017C,Anti-social behaviour,,
795e4cfc30b566a45a49fc5373464c2a876ac27f3481dbf8fb1897ebc25711f2,2019-01,North Wales Police,North Wales Police,-3.083290,53.162725,On or near Dawn Close,W01000262,Flintshire 017C,Burglary,Under investigation,
b84128d4657ba34711045d9f7a7fb378d352044bb1e2f6ae9545b99094df2d47,2019-01,North Wales Police,North Wales Police,-3.081071,53.164885,On or near Alyn Road,W01000262,Flintshire 017C,Criminal damage and arson,Investigation complete; no suspect identified,
fb029c91e65279280c59a38f5c39c7449f4a6eac55ca8dde9dae962c457c43e0,2019-01,North Wales Police,North Wales Police,-3.082711,53.164663,On or near Princess Avenue,W01000262,Flintshire 017C,Criminal damage and arson,Unable to prosecute suspect,
d169de48095516ba6d7a0ef15e298abefd0738e1cf56d4b9bef0a348bcba9a54,2019-01,North Wales Police,North Wales Police,-3.081763,53.166245,On or near Sports/Recreation Area,W01000262,Flintshire 017C,Public order,Investigation complete; no suspect identified,
01f442f33a71a57003d337f9da5c19f25a879f949d73abb1dec277198e23e688,2019-01,North Wales Police,North Wales Police,-3.080043,53.163258,On or near Hillside Crescent,W01000262,Flintshire 017C,Violence and sexual offences,Under investigation,
,2019-01,North Wales Police,North Wales Police,-3.085228,53.163643,On or near Hillsview Road,W01000263,Flintshire 017D,Anti-social behaviour,,
,2019-01,North Wales Police,North Wales Police,-3.085901,53.166001,On or near Melbourne Road,W01000263,Flintshire 017D,Anti-social behaviour,,
,2019-01,North Wales Police,North Wales Police,-3.085901,53.166001,On or near Melbourne Road,W01000263,Flintshire 017D,Anti-social behaviour,,
d825f297b5d5b8f8e17b55a83baf340f67f1ca0d6ca2fdffa54d003760cc419e,2019-01,North Wales Police,North Wales Police,-3.085228,53.163643,On or near Hillsview Road,W01000263,Flintshire 017D,Burglary,Investigation complete; no suspect identified,
ed3257047599ce99258bfe74f48884ca9514246eb7e0fe589fe1660eb966a6f3,2019-01,North Wales Police,North Wales Police,-3.084382,53.163911,On or near Leeswood Road,W01000263,Flintshire 017D,Other theft,Unable to prosecute suspect,
a5f35ca5829c5feca04d628464bac2574753d3101302756e854d99596a6407a6,2019-01,North Wales Police,North Wales Police,-3.088047,53.163338,On or near Nant View Court,W01000263,Flintshire 017D,Other theft,Under investigation,
55268c32d9ea19b6380515abe47cd773009d67ec317bab0d422ffd19771c8628,2019-01,North Wales Police,North Wales Police,-3.085228,53.163643,On or near Hillsview Road,W01000263,Flintshire 017D,Vehicle crime,Investigation complete; no suspect identified,
63298090f37c20c5124eb933173e1a2bedb78b5a9533f089b98874b7693dc997,2019-01,North Wales Police,North Wales Police,-3.085901,53.166001,On or near Melbourne Road,W01000263,Flintshire 017D,Violence and sexual offences,Further investigation is not in the public interest,
adcaba5747cbe8cde58a420a2034bb79194bbf760c1bace3e2f0abd8aca16f03,2019-01,North Wales Police,North Wales Police,-3.085901,53.166001,On or near Melbourne Road,W01000263,Flintshire 017D,Violence and sexual offences,Unable to prosecute suspect,
990535f95e11ba974d259f7c09f3d44cd57f7af0e874671aec15072af6e0bb77,2019-01,North Wales Police,North Wales Police,-3.085901,53.166001,On or near Melbourne Road,W01000263,Flintshire 017D,Violence and sexual offences,Unable to prosecute suspect,
9892e883e824fd27086c6b7bdbb48bf5461c064711e72ea8fa12991ef26b4e1b,2019-01,North Wales Police,North Wales Police,-3.085901,53.166001,On or near Melbourne Road,W01000263,Flintshire 017D,Violence and sexual offences,Further investigation is not in the public interest,
cffd292cd2331e47cf483324b9854cf4f732eddce0b8946c7860defac9e127dd,2019-01,North Wales Police,North Wales Police,-3.088047,53.163338,On or near Nant View Court,W01000263,Flintshire 017D,Violence and sexual offences,Offender given community sentence,
99769ddaeb3282a01e4c9f3dde699b9cd5490bf67923e7293870f74e68f3f0f4,2019-01,North Wales Police,North Wales Police,-3.086510,53.161698,On or near Powell Road,W01000263,Flintshire 017D,Violence and sexual offences,Under investigation,
af2655c9f1bc5538475ac5055392d6a8d7e7052adaf09048e622c219cc98665d,2019-01,North Wales Police,North Wales Police,-3.088047,53.163338,On or near Nant View Court,W01000263,Flintshire 017D,Violence and sexual offences,Further investigation is not in the public interest,
a2636a06d4a953d9c21da00574120c265dcbe13c008fdc65c14b0fb91a37b749,2019-01,North Wales Police,North Wales Police,-3.089328,53.163138,On or near The Brackens,W01000263,Flintshire 017D,Violence and sexual offences,Further investigation is not in the public interest,
c4f0a59e6793bcd8a0bbe675eae6e73ac2c668f636f03d844897964863d63f4e,2019-01,North Wales Police,North Wales Police,-3.086929,53.162306,On or near Becketts Lane,W01000263,Flintshire 017D,Violence and sexual offences,Unable to prosecute suspect,
,2019-01,North Wales Police,North Wales Police,-3.078102,53.168795,On or near Hope View Court,W01000266,Flintshire 017E,Anti-social behaviour,,
,2019-01,North Wales Police,North Wales Police,-3.079228,53.170116,On or near Grosvenor Drive,W01000266,Flintshire 017E,Anti-social behaviour,,
,2019-01,North Wales Police,North Wales Police,-3.077521,53.169484,On or near Victoria Avenue,W01000266,Flintshire 017E,Anti-social behaviour,,
9f067a97cc356bd2042a83a233d54e184f66e98e2dde20c542f54c90acab2ec8,2019-01,North Wales Police,North Wales Police,-3.079228,53.170116,On or near Grosvenor Drive,W01000266,Flintshire 017E,Criminal damage and arson,Under investigation,
f204f066d96a79c9ca460227bc960c48de4169a8df521e2323f6c057a53f7abd,2019-01,North Wales Police,North Wales Police,-3.075857,53.169939,On or near Linthorpe Road,W01000266,Flintshire 017E,Public order,Investigation complete; no suspect identified,
dc5acc87cc8b70b8f98531af230af0dbd376925ddd7857bfacc7923b8c193596,2019-01,North Wales Police,North Wales Police,-3.077521,53.169484,On or near Victoria Avenue,W01000266,Flintshire 017E,Public order,Unable to prosecute suspect,
9631b0cfaeead0e9bea8824a574916fd50c10391347c92c2da76abc410dbc28d,2019-01,North Wales Police,North Wales Police,-3.079228,53.170116,On or near Grosvenor Drive,W01000266,Flintshire 017E,Violence and sexual offences,Unable to prosecute suspect,
ff75f8612b584bb1b41090ca8fbc1a007f43850a571e3e80dcf41a4da484b447,2019-01,North Wales Police,North Wales Police,-3.070429,53.170015,On or near Church Road,W01000266,Flintshire 017E,Violence and sexual offences,Unable to prosecute suspect,
,2019-01,North Wales Police,North Wales Police,-3.052181,53.172587,On or near Silverdale Avenue,W01000267,Flintshire 017F,Anti-social behaviour,,
d401550e6979dfd2914ab1137fe6767f79f7d5d3f493a9aa28be8aed370a0581,2019-01,North Wales Police,North Wales Police,-3.063837,53.167225,On or near Rowan Close,W01000267,Flintshire 017F,Public order,Under investigation,
52671017f8c9b6e28b8a8a9e267b9fb1433a9ebf3a28c673f99f099d21ffd876,2019-01,North Wales Police,North Wales Police,-3.058023,53.171690,On or near Mornington Crescent,W01000267,Flintshire 017F,Violence and sexual offences,Unable to prosecute suspect,
6849ca31337ea40854a8b02edb612e073b20836908ee19ecd4fad7bddb253d0f,2019-01,North Wales Police,North Wales Police,-3.058745,53.172439,On or near Drury Lane,W01000267,Flintshire 017F,Violence and sexual offences,Unable to prosecute suspect,
6cf5a5a014b145f391d84cc3ffe4e3649f79392c7dd2894a9f9ade849a7492bb,2019-01,North Wales Police,North Wales Police,-3.058023,53.171690,On or near Mornington Crescent,W01000267,Flintshire 017F,Violence and sexual offences,Unable to prosecute suspect,
8d5b50352ea7986b67d4f96955f706c20a3d119c394b2547ffb99ef74fa4743a,2019-01,North Wales Police,North Wales Police,-3.052181,53.172587,On or near Silverdale Avenue,W01000267,Flintshire 017F,Violence and sexual offences,Investigation complete; no suspect identified,
4e40efe7c8c9c67804d4b28e7d74a9c828ad3ee172607ca8468ffe0bc7e3c40b,2019-01,North Wales Police,North Wales Police,-3.004156,53.143741,On or near Main Road,W01000303,Flintshire 018A,Violence and sexual offences,Under investigation,
1e75b1b6630a07d857fca0e0fcc04cf6b57d076f6d30b5c8cba34a8f0c7a46bd,2019-01,North Wales Police,North Wales Police,-3.045525,53.140653,On or near Alyn Drive,W01000326,Flintshire 018B,Criminal damage and arson,Investigation complete; no suspect identified,
d755655a08c3bd5047850debe44e5743814061397fec88663916c92fded31e5e,2019-01,North Wales Police,North Wales Police,-3.049145,53.144441,On or near Rhos Road,W01000326,Flintshire 018B,Criminal damage and arson,Under investigation,
6bbba3420401c99f7f262ed9f98d04b77def3e0c109a83d54a24aa15d6e140ca,2019-01,North Wales Police,North Wales Police,-3.049145,53.144441,On or near Rhos Road,W01000326,Flintshire 018B,Criminal damage and arson,Under investigation,
9d696535d9fa14209398ea28621fa590955411275ca43bc3f1a55c5b0f02c0da,2019-01,North Wales Police,North Wales Police,-3.049145,53.144441,On or near Rhos Road,W01000326,Flintshire 018B,Other theft,Under investigation,
54174abf4685c601059254a9e9a05289ae0b25d9e958c13d8f8f6ce7e1a8dd00,2019-01,North Wales Police,North Wales Police,-3.044325,53.143594,On or near Vounog Hill,W01000326,Flintshire 018B,Violence and sexual offences,Further investigation is not in the public interest,
a6674f888084c3aeac5b4942daa0ac00951dcd868b7aeb941c838030c3b60e49,2019-01,North Wales Police,North Wales Police,-3.046248,53.144566,On or near Wat'S Road,W01000326,Flintshire 018B,Other crime,Under investigation,
,2019-01,North Wales Police,North Wales Police,-3.042375,53.153823,On or near Ffordd Las,W01000327,Flintshire 018C,Anti-social behaviour,,
,2019-01,North Wales Police,North Wales Police,-3.044430,53.150973,On or near Hawarden Road,W01000327,Flintshire 018C,Anti-social behaviour,,
,2019-01,North Wales Police,North Wales Police,-3.042375,53.153823,On or near Ffordd Las,W01000327,Flintshire 018C,Anti-social behaviour,,
,2019-01,North Wales Police,North Wales Police,-3.044430,53.150973,On or near Hawarden Road,W01000327,Flintshire 018C,Anti-social behaviour,,
,2019-01,North Wales Police,North Wales Police,-3.039405,53.150954,On or near Hazel Drive,W01000327,Flintshire 018C,Anti-social behaviour,,
fabe080731910446e9f3878214c234a785ce6f1ece4cd8b04f9bbc6ddb07b7af,2019-01,North Wales Police,North Wales Police,-3.041651,53.157281,On or near Coed Terfin,W01000327,Flintshire 018C,Criminal damage and arson,Unable to prosecute suspect,
bda3b076a81d80f59e1094db80b9f52f4fd5039b69b95279a419434032c06903,2019-01,North Wales Police,North Wales Police,-3.042076,53.153825,On or near Green Park,W01000327,Flintshire 018C,Criminal damage and arson,Under investigation,
f0485c3d05fb379097d7bfdd7cb5415494393f33b2fd885199ac6a6311a8df01,2019-01,North Wales Police,North Wales Police,-3.039405,53.150954,On or near Hazel Drive,W01000327,Flintshire 018C,Other theft,Investigation complete; no suspect identified,
39cc6d3d1e973bb02b98d4ceda494b73f3ad4dac893dcda3ad0700520718b022,2019-01,North Wales Police,North Wales Police,-3.041942,53.156316,On or near Fedwen Arian,W01000327,Flintshire 018C,Violence and sexual offences,Unable to prosecute suspect,
60a1cfe966c78ce9ff11adf120116d9eae4fe5d76a9655b8887f5a393c3015c6,2019-01,North Wales Police,North Wales Police,-3.041942,53.156316,On or near Fedwen Arian,W01000327,Flintshire 018C,Violence and sexual offences,Unable to prosecute suspect,
44c463df6ba2e27a5f0c0f59eb4f27506a4af1bbc353aa7542244a1ba7eba53c,2019-01,North Wales Police,North Wales Police,-3.044430,53.150973,On or near Hawarden Road,W01000327,Flintshire 018C,Violence and sexual offences,Further investigation is not in the public interest,
,2019-01,North Wales Police,North Wales Police,-3.188328,53.173230,On or near Llwyn Bedw,W01000299,Flintshire 019A,Anti-social behaviour,,
,2019-01,North Wales Police,North Wales Police,-3.188460,53.172069,On or near Church Lane,W01000299,Flintshire 019A,Anti-social behaviour,,
912e914433c0ea43818bbac2053666657270abe2d0f2c0fe9eced6dce708b3c7,2019-01,North Wales Police,North Wales Police,-3.188460,53.172069,On or near Church Lane,W01000299,Flintshire 019A,Criminal damage and arson,Investigation complete; no suspect identified,
760caa80e0bff27a93dec1866783f5f206c8949ee8bb919ab98f630acfdd4d4d,2019-01,North Wales Police,North Wales Police,-3.205062,53.177233,On or near Penyfron Road,W01000299,Flintshire 019A,Other theft,Investigation complete; no suspect identified,
d4a8cc3816e2b0baa049c91e2d1073c5d077fdd6a11da01065425482db06371d,2019-01,North Wales Police,North Wales Police,-3.188460,53.172069,On or near Church Lane,W01000299,Flintshire 019A,Violence and sexual offences,Further investigation is not in the public interest,
ab3a8e91366e7727572032cdc3cf06c30bc1b2bffec18fd45f182611938ce71c,2019-01,North Wales Police,North Wales Police,-3.208175,53.169803,On or near Cefn Bychan Road,W01000299,Flintshire 019A,Violence and sexual offences,Under investigation,
,2019-01,North Wales Police,North Wales Police,-3.172403,53.153791,On or near Paddock Way,W01000300,Flintshire 019B,Anti-social behaviour,,
f9f5070f7e918244bfc57255bc95dacdd279cdbcbc52b06e0beccf705891d7e6,2019-01,North Wales Police,North Wales Police,-3.180671,53.152657,On or near Bryn Eithin,W01000300,Flintshire 019B,Vehicle crime,Under investigation,
ed489d3b18572636ff2fb4b868ac89b6c98febedf58405e0e1e7bd2c2bf7ad8a,2019-01,North Wales Police,North Wales Police,-3.180671,53.152657,On or near Bryn Eithin,W01000300,Flintshire 019B,Vehicle crime,Unable to prosecute suspect,
f52bd86326b6527b7ef8534ed00eb62e288fdf09c67429c179739c6fb6a82776,2019-01,North Wales Police,North Wales Police,-3.179729,53.152640,On or near Llys Enfys,W01000300,Flintshire 019B,Violence and sexual offences,Under investigation,
2f54c1145504f6861b73bd3fab91b8dcd16e6893ef38dc67fb48f5d2e77adb70,2019-01,North Wales Police,North Wales Police,-3.167290,53.157725,On or near Godre'R Mynydd,W01000300,Flintshire 019B,Violence and sexual offences,Unable to prosecute suspect,
,2019-01,North Wales Police,North Wales Police,-3.093327,53.130371,On or near Heol-Y-Dderwen,W01000309,Flintshire 019C,Anti-social behaviour,,
,2019-01,North Wales Police,North Wales Police,-3.071966,53.142251,On or near A5104,W01000309,Flintshire 019C,Anti-social behaviour,,
,2019-01,North Wales Police,North Wales Police,-3.093327,53.130371,On or near Heol-Y-Dderwen,W01000309,Flintshire 019C,Anti-social behaviour,,
b9c6ce174a0a9543b4fbdfd8d7d3d8082568fd3561af65a89194ef708b03abf8,2019-01,North Wales Police,North Wales Police,-3.120316,53.150903,On or near Wrexham Road,W01000309,Flintshire 019C,Burglary,Investigation complete; no suspect identified,
e2d42fed30c3c3a7f6f577778cf697eb4d8de256aeb075a2fbc2f53ed8fb8dda,2019-01,North Wales Police,North Wales Police,-3.092532,53.130846,On or near Bryn Clyd,W01000309,Flintshire 019C,Burglary,Investigation complete; no suspect identified,
7ef168aa96d6429392bd2c7687e9544caccebc8a20dcac88f66217fe5bca8e9c,2019-01,North Wales Police,North Wales Police,-3.094845,53.133072,On or near Albert Street,W01000309,Flintshire 019C,Criminal damage and arson,Unable to prosecute suspect,
4a019014f23f8b7995f99919c537affed95851268907c3cab80d6ee7fc6258c6,2019-01,North Wales Police,North Wales Police,-3.090514,53.129659,On or near Ffordd Siarl,W01000309,Flintshire 019C,Criminal damage and arson,Under investigation,
96b3be525d851ce97fbf9c06358fa0c266f4f27daa1430f7d0697a36ac764651,2019-01,North Wales Police,North Wales Police,-3.094845,53.133072,On or near Albert Street,W01000309,Flintshire 019C,Vehicle crime,Investigation complete; no suspect identified,
acd9ab9515b801978a25b1822ced5035fcfe7904b165c12ffd390cb06ded6af4,2019-01,North Wales Police,North Wales Police,-3.094845,53.133072,On or near Albert Street,W01000309,Flintshire 019C,Vehicle crime,Investigation complete; no suspect identified,
e80b4afef6e59102041108c48837cee6019f50f0f603ccf4d4bedd5675a113b1,2019-01,North Wales Police,North Wales Police,-3.093721,53.134134,On or near Llys Celyn,W01000309,Flintshire 019C,Violence and sexual offences,Under investigation,
53e867032cbaf9058b2fab05762ac2ebb5323508986940e409d63e63650fe6ae,2019-01,North Wales Police,North Wales Police,-3.090514,53.129659,On or near Ffordd Siarl,W01000309,Flintshire 019C,Violence and sexual offences,Under investigation,
302b5c3157f111e2afd5cb5663c015030050dee281918ade5a30456a3cbb9273,2019-01,North Wales Police,North Wales Police,-3.089095,53.129690,On or near Queen Street,W01000309,Flintshire 019C,Violence and sexual offences,Under investigation,
0118723363632b729bc53363521cd4c7358c1f467d9d046d4af9bda0efbb90ee,2019-01,North Wales Police,North Wales Police,-3.089095,53.129690,On or near Queen Street,W01000309,Flintshire 019C,Violence and sexual offences,Unable to prosecute suspect,
194723ff4cc38bd167ba7b7d65ce15fca0b5b36844d4e9439f883062aa6f2d08,2019-01,North Wales Police,North Wales Police,-3.089095,53.129690,On or near Queen Street,W01000309,Flintshire 019C,Violence and sexual offences,Unable to prosecute suspect,
731c68f9b15c080d1f3036420d3851852f5126fcee1f0517a9d6a2699e0f41e3,2019-01,North Wales Police,North Wales Police,-3.092494,53.129372,On or near Ffordd Celyn,W01000309,Flintshire 019C,Violence and sexual offences,Unable to prosecute suspect,
36cf63a6fff0f7abecf55afa7bd938de7eb86d15a8834bbabc5961e53fdf7f34,2019-01,North Wales Police,North Wales Police,-3.092494,53.129372,On or near Ffordd Celyn,W01000309,Flintshire 019C,Violence and sexual offences,Action to be taken by another organisation,
6a4c4013ab5c62d04b16b1eb25f6d7332afce0c0907334c4348bc4615fd88218,2019-01,North Wales Police,North Wales Police,-3.089095,53.129690,On or near Queen Street,W01000309,Flintshire 019C,Violence and sexual offences,Unable to prosecute suspect,
62f88cc76824ce21e2b5e7d7c2c22530721a9f65f02a3501e99637a2a0ad9273,2019-01,North Wales Police,North Wales Police,-3.093327,53.130371,On or near Heol-Y-Dderwen,W01000309,Flintshire 019C,Violence and sexual offences,Under investigation,
97a61a1a5ec6c108973385b17686d82d6a27734c93d8aeaf210054f95270c884,2019-01,North Wales Police,North Wales Police,-3.090514,53.129659,On or near Ffordd Siarl,W01000309,Flintshire 019C,Other crime,Under investigation,
2c0539537f7ae9d8ebc3eaa6b752a267bebcb3c6d34d89a6b24958ed13e941d4,2019-01,North Wales Police,North Wales Police,-3.132452,53.106893,On or near Ffordd Pant-Y-Ffordd,W01000339,Flintshire 019D,Criminal damage and arson,Unable to prosecute suspect,
f6333be6eef1b4ccbc4d92ab5327155238c37f86180ecce1fbc719b9f0a56f6b,2019-01,North Wales Police,North Wales Police,-3.118587,53.114288,On or near Bryn Yr Ysgol,W01000339,Flintshire 019D,Other theft,Investigation complete; no suspect identified,
128ebf45bc25c5db6940bacd08ae2675a446e8c3c1560566d0e95ee9b2357862,2019-01,North Wales Police,North Wales Police,-3.133294,53.096322,On or near Fford Y Blaenau,W01000339,Flintshire 019D,Other theft,Under investigation,
33447a634cc4ca4000cac96bef77585b7c8e5ab82dd5741a4048f1c3ac076fed,2019-01,North Wales Police,North Wales Police,-3.095016,53.122139,On or near Corwen Road,W01000339,Flintshire 019D,Vehicle crime,Investigation complete; no suspect identified,
3d3885e34d5563e221f5cb36da1bcadf7cbf9388a14f618c9f390c5424a1430b,2019-01,North Wales Police,North Wales Police,-3.124222,53.111511,On or near Heritage Square,W01000339,Flintshire 019D,Violence and sexual offences,Further investigation is not in the public interest,
4b919e2cb9a6c4f4adfc20b218f6a4fae8c37a070a4c699928359b405903994e,2019-01,North Wales Police,North Wales Police,-3.122622,53.112614,On or near Erw Ffynnon,W01000339,Flintshire 019D,Violence and sexual offences,Under investigation,
057a55962dcfe59d8ea748094e1a6652498dd9fbd18428550682c9acb4d24e97,2019-01,North Wales Police,North Wales Police,-3.132452,53.106893,On or near Ffordd Pant-Y-Ffordd,W01000339,Flintshire 019D,Violence and sexual offences,Unable to prosecute suspect,
,2019-01,North Wales Police,North Wales Police,-3.037017,53.109561,On or near Castle Street,W01000269,Flintshire 020A,Anti-social behaviour,,
0c5d1bb0b1590e23a7ef5fd7ffc7845f475e1bc6c0c4b306a86d55c2da26acec,2019-01,North Wales Police,North Wales Police,-3.038121,53.110109,On or near Roberts Croft,W01000269,Flintshire 020A,Burglary,Under investigation,
1a5f77a1435a9db98542f26ddc1042e80149afe5a48068a1c5ed6f1b7d85e42a,2019-01,North Wales Police,North Wales Police,-3.033639,53.103873,On or near Maes Cibyn,W01000269,Flintshire 020A,Criminal damage and arson,Under investigation,
d870235ec059dcbf695c56e9d427ec5c79b8d06a0adc64ec317d1c0dae2d4715,2019-01,North Wales Police,North Wales Police,-3.033639,53.103873,On or near Maes Cibyn,W01000269,Flintshire 020A,Public order,Under investigation,
8fe63daf1c7b89486fd431bb3ff8bcd27c8e01f4976ae2ad43d1785df78fb2bb,2019-01,North Wales Police,North Wales Police,-3.033639,53.103873,On or near Maes Cibyn,W01000269,Flintshire 020A,Violence and sexual offences,Under investigation,
eac03c433d4c12b32c1e6a3271c268eabbc3cc494a63a7dbf7e0a38c18ed4ca9,2019-01,North Wales Police,North Wales Police,-3.040316,53.110098,On or near Ty Cerrig Drive,W01000269,Flintshire 020A,Violence and sexual offences,Further investigation is not in the public interest,
79efa598ef552431d30ccf812214b0f1a88740cb54b2449ce17b9136121ad573,2019-01,North Wales Police,North Wales Police,-3.033639,53.103873,On or near Maes Cibyn,W01000269,Flintshire 020A,Violence and sexual offences,Under investigation,
027f3d694799eb9c19dcd14e78d3a9cb3d1b0f8084dc3b01639fd321e4cc5fe6,2019-01,North Wales Police,North Wales Police,-3.040316,53.110098,On or near Ty Cerrig Drive,W01000269,Flintshire 020A,Violence and sexual offences,Under investigation,
a16a461693b1b23c4b442aa8ced3cbb57e4aac0a2eb7224b134dc55e1224abfb,2019-01,North Wales Police,North Wales Police,-3.039702,53.111254,On or near Derby Road,W01000269,Flintshire 020A,Violence and sexual offences,Unable to prosecute suspect,
e31ca3f81084816c391162f60190f0ea49462571f98659cf74c70b10bdefabc3,2019-01,North Wales Police,North Wales Police,-3.038121,53.110109,On or near Roberts Croft,W01000269,Flintshire 020A,Violence and sexual offences,Further investigation is not in the public interest,
9416b6d5fba75d177335ef7c0a5c4410f8ac4582472a2628ba68eecb9c3f8d47,2019-01,North Wales Police,North Wales Police,-3.045444,53.113937,On or near Edinburgh Avenue,W01000269,Flintshire 020A,Violence and sexual offences,Unable to prosecute suspect,
7207b81ae08cef439e6ba0cc7a3f347e129bd832ee532a3a1d3c1e00c55cd6ce,2019-01,North Wales Police,North Wales Police,-3.045444,53.113937,On or near Edinburgh Avenue,W01000269,Flintshire 020A,Violence and sexual offences,Under investigation,
ab44d93238184c4c5221207861b800dda947bd4cac75130c946857f5000b8ea9,2019-01,North Wales Police,North Wales Police,-3.039702,53.111254,On or near Derby Road,W01000269,Flintshire 020A,Violence and sexual offences,Unable to prosecute suspect,
452c7dd7ca6b33f5f3c0a921ea9cf706e6606eb064705d42731c8cb18d928d51,2019-01,North Wales Police,North Wales Police,-3.038121,53.110109,On or near Roberts Croft,W01000269,Flintshire 020A,Violence and sexual offences,Further investigation is not in the public interest,
,2019-01,North Wales Police,North Wales Police,-3.033840,53.119746,On or near Mountain Close,W01000307,Flintshire 020B,Anti-social behaviour,,
,2019-01,North Wales Police,North Wales Police,-3.041509,53.119275,On or near Fagl Lane,W01000307,Flintshire 020B,Anti-social behaviour,,
1d6ab109fd24114391f7be7d58ba6eac9d4044b3828d5b199f5cba55358deb5e,2019-01,North Wales Police,North Wales Police,-3.064133,53.128999,On or near A541,W01000307,Flintshire 020B,Burglary,Investigation complete; no suspect identified,
f81b6761f9af94834b7b568ea7a943ec7156b50eb9adbc242000d62f453521af,2019-01,North Wales Police,North Wales Police,-3.040456,53.119590,On or near Tudor Court,W01000307,Flintshire 020B,Public order,Investigation complete; no suspect identified,
4c65920b8ac48c6cd8745971fe70a8a77bb1cb539100f91b9f1aba8954f198fa,2019-01,North Wales Police,North Wales Police,-3.034030,53.120788,On or near Pen-Y-Bryn,W01000307,Flintshire 020B,Vehicle crime,Investigation complete; no suspect identified,
52d3829fc7455561680b4c90ed3342a3b2b39acb5a6a90570b58622d6b32748b,2019-01,North Wales Police,North Wales Police,-3.035814,53.121653,On or near Almond Way,W01000307,Flintshire 020B,Violence and sexual offences,Under investigation,
f21e0aa1d2467482aeaac2df355f9e23529232ee9e92edeb98d920f0ef3145a7,2019-01,North Wales Police,North Wales Police,-3.033840,53.119746,On or near Mountain Close,W01000307,Flintshire 020B,Violence and sexual offences,Unable to prosecute suspect,
,2019-01,North Wales Police,North Wales Police,-3.036131,53.117461,On or near St Cynfarch'S Avenue,W01000308,Flintshire 020C,Anti-social behaviour,,
,2019-01,North Wales Police,North Wales Police,-3.032576,53.110660,On or near Hawarden Road,W01000308,Flintshire 020C,Anti-social behaviour,,
529c795d61052eb639d6f997b45dd155fd838e5da5deb5c48d42717a7fa7f33d,2019-01,North Wales Police,North Wales Police,-3.016565,53.113360,On or near Gwern Lane,W01000308,Flintshire 020C,Burglary,Investigation complete; no suspect identified,
bdd13c4dc8ead71493ceb7373d6d879bea3a6fa4e5df98869e1a3b64a948720f,2019-01,North Wales Police,North Wales Police,-3.035504,53.116217,On or near Alyndale,W01000308,Flintshire 020C,Criminal damage and arson,Investigation complete; no suspect identified,
f7d843268e7121f7ff58767e28b9f960da0b0e3ccb69391934f79e2d00f2db7e,2019-01,North Wales Police,North Wales Police,-3.016565,53.113360,On or near Gwern Lane,W01000308,Flintshire 020C,Vehicle crime,Investigation complete; no suspect identified,
a0cf0648278cf992810bebd65deae3f2907e5381a6e202023ecdd8f4b99cf420,2019-01,North Wales Police,North Wales Police,-3.091000,53.125843,On or near Ffordd-Y-Bont,W01000310,Flintshire 020D,Burglary,Investigation complete; no suspect identified,
ce02788c560de6c9b2b45a17d7bb4da6e508de03007abb5dfe9e526b73ab8760,2019-01,North Wales Police,North Wales Police,-3.133032,53.078409,On or near B5430,W01000310,Flintshire 020D,Other theft,Investigation complete; no suspect identified,
2610441d407e0d2c0f5ce12e27f86aec855a1f40b20dc83f3a46a5ed485f5866,2019-01,North Wales Police,North Wales Police,-3.070758,53.092488,On or near B5101,W01000310,Flintshire 020D,Vehicle crime,Investigation complete; no suspect identified,
94d508cf7bb445dc40a72f3bb46afb380508966de551e5f2ccfaea9aa828094c,2019-01,North Wales Police,North Wales Police,-3.090883,53.124748,On or near Corwen Road,W01000310,Flintshire 020D,Vehicle crime,Investigation complete; no suspect identified,
73bb493721b444ba833081559878ee962db95fda07b43159efedb4e3112f8ad9,2019-01,North Wales Police,North Wales Police,-3.056624,53.093423,On or near The Nurseries,W01000310,Flintshire 020D,Violence and sexual offences,Further investigation is not in the public interest,
306d0b5bbc89371843e033c11ef915015c1623ff198759cc472b871a71c08d61,2019-01,North Wales Police,North Wales Police,-3.069257,53.090973,On or near Lime Street,W01000310,Flintshire 020D,Violence and sexual offences,Under investigation,
36c16a9ed74ff0d9cce3da2727dc9a2a190b9712507c390316a760461f38be82,2019-01,North Wales Police,North Wales Police,-3.069257,53.090973,On or near Lime Street,W01000310,Flintshire 020D,Other crime,Under investigation,
,2019-01,North Wales Police,North Wales Police,-4.131251,53.224099,On or near Sports/Recreation Area,W01000062,Gwynedd 001A,Anti-social behaviour,,
,2019-01,North Wales Police,North Wales Police,-4.134132,53.222672,On or near Station Road,W01000062,Gwynedd 001A,Anti-social behaviour,,
,2019-01,North Wales Police,North Wales Police,-4.123833,53.228583,On or near Stryd Panton,W01000062,Gwynedd 001A,Anti-social behaviour,,
,2019-01,North Wales Police,North Wales Police,-4.127613,53.225953,On or near Shopping Area,W01000062,Gwynedd 001A,Anti-social behaviour,,
,2019-01,North Wales Police,North Wales Police,-4.125475,53.228167,On or near Shopping Area,W01000062,Gwynedd 001A,Anti-social behaviour,,
,2019-01,North Wales Police,North Wales Police,-4.122941,53.229021,On or near Brick Street,W01000062,Gwynedd 001A,Anti-social behaviour,,
,2019-01,North Wales Police,North Wales Police,-4.134132,53.222672,On or near Station Road,W01000062,Gwynedd 001A,Anti-social behaviour,,
,2019-01,North Wales Police,North Wales Police,-4.121359,53.228546,On or near Sgwar Y Fron,W01000062,Gwynedd 001A,Anti-social behaviour,,
,2019-01,North Wales Police,North Wales Police,-4.121359,53.228546,On or near Sgwar Y Fron,W01000062,Gwynedd 001A,Anti-social behaviour,,
,2019-01,North Wales Police,North Wales Police,-4.123283,53.227451,On or near Parking Area,W01000062,Gwynedd 001A,Anti-social behaviour,,
57bb3075b774a9aa981b035c23e6c3777a2aa3d8f9371537b8f2b5ecb1e49049,2019-01,North Wales Police,North Wales Police,-4.121888,53.228932,On or near Stryd Fawr,W01000062,Gwynedd 001A,Bicycle theft,Investigation complete; no suspect identified,
f7ccacbfaf75e72672c792017ae71428f2f2c429f3237b88301678c50a10566f,2019-01,North Wales Police,North Wales Police,-4.128755,53.226023,On or near Parking Area,W01000062,Gwynedd 001A,Criminal damage and arson,Investigation complete; no suspect identified,
ec9c0bcf1ed5a2767ca53cc0455915d600ab8de9a275712bbb4d99368dcfce04,2019-01,North Wales Police,North Wales Police,-4.125695,53.225646,On or near Caellepa,W01000062,Gwynedd 001A,Criminal damage and arson,Investigation complete; no suspect identified,
54b9a5e241eba5f158f4d30531396dc3d2a22bea46c3866e54cf25661d0df162,2019-01,North Wales Police,North Wales Police,-4.129200,53.225035,On or near Sgwar Kyffin,W01000062,Gwynedd 001A,Criminal damage and arson,Investigation complete; no suspect identified,
ff6b8a8f64fbc13d78502060a775e7f8699fc4c4eb08321bf515b28ae84e1ef7,2019-01,North Wales Police,North Wales Police,-4.122941,53.229021,On or near Brick Street,W01000062,Gwynedd 001A,Criminal damage and arson,Investigation complete; no suspect identified,
2e44964e1f5f0ab288d6a02b6b0b38d802f09ab4a56de3f60c8a61e4ada496cc,2019-01,North Wales Police,North Wales Police,-4.121359,53.228546,On or near Sgwar Y Fron,W01000062,Gwynedd 001A,Criminal damage and arson,Investigation complete; no suspect identified,
5e6119e3194bb174baca1951e072872e9f8565f4a349c84ee7e2e79d680ed4d6,2019-01,North Wales Police,North Wales Police,-4.132278,53.222759,On or near Stryd Fawr,W01000062,Gwynedd 001A,Criminal damage and arson,Investigation complete; no suspect identified,
f8bd0fb053e71f7f4a30b025192227cec57f9b7880d34675f875fb5176274ce7,2019-01,North Wales Police,North Wales Police,-4.121888,53.228932,On or near Stryd Fawr,W01000062,Gwynedd 001A,Drugs,Awaiting court outcome,
4e29843dd2505bdca98e877ffdf9d7d668021a52484c7b109c0db8a6ccafc033,2019-01,North Wales Police,North Wales Police,-4.121359,53.228546,On or near Sgwar Y Fron,W01000062,Gwynedd 001A,Drugs,Offender given a drugs possession warning,
25193310a5358dea3d3218ffe3bf0cfaae85fcf557ba7d45d91dee1fd8210668,2019-01,North Wales Police,North Wales Police,-4.125552,53.229712,On or near Supermarket,W01000062,Gwynedd 001A,Drugs,Under investigation,
94b89990728e8750ae74dd1315b84532ea8dcb66f6db990d1ff0279908d0797c,2019-01,North Wales Police,North Wales Police,-4.121359,53.228546,On or near Sgwar Y Fron,W01000062,Gwynedd 001A,Drugs,Unable to prosecute suspect,
4af8d0a1044d07315ac2d686bf06982562832be7054faca73eeff41992831b10,2019-01,North Wales Police,North Wales Police,-4.122941,53.229021,On or near Brick Street,W01000062,Gwynedd 001A,Drugs,Offender given a caution,
d3f260c6263924ca3d3f11e505219147d62301a74f444258f8d11eb193fffc97,2019-01,North Wales Police,North Wales Police,-4.132278,53.222759,On or near Stryd Fawr,W01000062,Gwynedd 001A,Other theft,Investigation complete; no suspect identified,
b32449daf7caf1ac94715d05f30e16f7c05f4f6d79b87f242c234bae77fab834,2019-01,North Wales Police,North Wales Police,-4.125755,53.227164,On or near Shopping Area,W01000062,Gwynedd 001A,Other theft,Under investigation,
d1525377bd4d2ee0729c9a2ff533f28cdacb6ce6bb902f80b709adf41967a3a8,2019-01,North Wales Police,North Wales Police,-4.129083,53.226601,On or near Parking Area,W01000062,Gwynedd 001A,Other theft,Investigation complete; no suspect identified,
4d9baa5e2b7ba853f461d6d08a7d990b083286a3e9b3ccc1da2fad0d1b529206,2019-01,North Wales Police,North Wales Police,-4.125475,53.228167,On or near Shopping Area,W01000062,Gwynedd 001A,Other theft,Investigation complete; no suspect identified,
96722eabb267a73b3111fa07975d8d54ae8feee465cefc8583ce36bc7cf7aa31,2019-01,North Wales Police,North Wales Police,-4.124744,53.226706,On or near York Place,W01000062,Gwynedd 001A,Other theft,Investigation complete; no suspect identified,
e09dcd9f5a14ea27897069d1cff461343c09d40f9eb1f12f35439dac440660d3,2019-01,North Wales Police,North Wales Police,-4.123283,53.227451,On or near Parking Area,W01000062,Gwynedd 001A,Public order,Investigation complete; no suspect identified,
883b9cf46d20c37ba06a93867a69836bdd72595f76c63b39f7b5ee20db153ac7,2019-01,North Wales Police,North Wales Police,-4.121888,53.228932,On or near Stryd Fawr,W01000062,Gwynedd 001A,Public order,Unable to prosecute suspect,
0d0ee7631c17cb3d74f97daa2c873dd69168f8a3e9b8ae470ab5c36ac5ed235a,2019-01,North Wales Police,North Wales Police,-4.123833,53.228583,On or near Stryd Panton,W01000062,Gwynedd 001A,Public order,Awaiting court outcome,
13bb74ea59a256f556b70ced476ed739a90646b9246a3cdec00d723254d4f43b,2019-01,North Wales Police,North Wales Police,-4.122363,53.227944,On or near Ger Y Mynydd,W01000062,Gwynedd 001A,Public order,Unable to prosecute suspect,
8b9b96ae0be974a71dddb8ca3190800eef5791e16d4d05b5f724488aaf73976f,2019-01,North Wales Police,North Wales Police,-4.134132,53.222672,On or near Station Road,W01000062,Gwynedd 001A,Public order,Under investigation,
3e946dc8f6bc053e039de076e22175d5b5b7ad1e18e181b083525169036142f2,2019-01,North Wales Police,North Wales Police,-4.127613,53.225953,On or near Shopping Area,W01000062,Gwynedd 001A,Public order,Offender fined,
2238d63995a2800e12ed84c2f036db29167f3c0400ac223546054ace5696cf16,2019-01,North Wales Police,North Wales Police,-4.121498,53.228625,On or near Mount Street,W01000062,Gwynedd 001A,Public order,Further investigation is not in the public interest,
c39567bf076dce534acd32794c4d59df69c3c6a45441d236782bb67fff207948,2019-01,North Wales Police,North Wales Police,-4.121498,53.228625,On or near Mount Street,W01000062,Gwynedd 001A,Public order,Under investigation,
76b6537a57d5680e9630c7ed0a045e972142d28e3ad9d29626ccba621aede187,2019-01,North Wales Police,North Wales Police,-4.122941,53.229021,On or near Brick Street,W01000062,Gwynedd 001A,Public order,Under investigation,
50734ffe75dce496bd4f818146714541e6b8da1163935aebc6bdc9a0e63868ae,2019-01,North Wales Police,North Wales Police,-4.131251,53.224099,On or near Sports/Recreation Area,W01000062,Gwynedd 001A,Shoplifting,Under investigation,
7e8f235a31cad293a002fcfb08c2fcfd530f94ccca0971b30f6eea0c3da224f7,2019-01,North Wales Police,North Wales Police,-4.131251,53.224099,On or near Sports/Recreation Area,W01000062,Gwynedd 001A,Shoplifting,Awaiting court outcome,
80c57a8ce125485f508d75522698e61073d92497a80159eebb674912b60c5e15,2019-01,North Wales Police,North Wales Police,-4.125552,53.229712,On or near Supermarket,W01000062,Gwynedd 001A,Shoplifting,Local resolution,
0f0b6acd1deaeafc465a37f1c0aad480a7bfdb2d157380d793a28281e7cc17ca,2019-01,North Wales Police,North Wales Police,-4.131251,53.224099,On or near Sports/Recreation Area,W01000062,Gwynedd 001A,Shoplifting,Investigation complete; no suspect identified,
429c5c6803771c73d0972a86229116ac8548822617b1ca223d4e305fdb39f90a,2019-01,North Wales Police,North Wales Police,-4.123283,53.227451,On or near Parking Area,W01000062,Gwynedd 001A,Shoplifting,Under investigation,
29fe606df2dc4420ddbeb5a48b74c026d397e4f938b38521f0e62c73b9968e4c,2019-01,North Wales Police,North Wales Police,-4.131251,53.224099,On or near Sports/Recreation Area,W01000062,Gwynedd 001A,Shoplifting,Investigation complete; no suspect identified,
5bdf7de87c398ac8c43ffb639eeb2c18814e208917e9e078c93044ac71680d3a,2019-01,North Wales Police,North Wales Police,-4.126364,53.226749,On or near Waterloo Street,W01000062,Gwynedd 001A,Shoplifting,Investigation complete; no suspect identified,
b814ea0f1ec3537f137b2f069ee50f095fc5400ffd988aff78d980926294e63b,2019-01,North Wales Police,North Wales Police,-4.131251,53.224099,On or near Sports/Recreation Area,W01000062,Gwynedd 001A,Shoplifting,Formal action is not in the public interest,
6bbba59510c7db12e9436012ac35dffee94b4df6275a8074e09861c09b690e0f,2019-01,North Wales Police,North Wales Police,-4.125475,53.228167,On or near Shopping Area,W01000062,Gwynedd 001A,Shoplifting,Under investigation,
9c5315a0638486c6267d0502f7d1421d64462e5f95768732136228dfae7fa464,2019-01,North Wales Police,North Wales Police,-4.125552,53.229712,On or near Supermarket,W01000062,Gwynedd 001A,Shoplifting,Awaiting court outcome,
786927b49c6f77bdf0cbf38ae345a4653a490d507a498023eab1116ca5994442,2019-01,North Wales Police,North Wales Police,-4.125552,53.229712,On or near Supermarket,W01000062,Gwynedd 001A,Shoplifting,Unable to prosecute suspect,
750914967e867a424f4b3db4ab0266a1645b84830a4739ce5e58cd4a09c67981,2019-01,North Wales Police,North Wales Police,-4.131251,53.224099,On or near Sports/Recreation Area,W01000062,Gwynedd 001A,Shoplifting,Awaiting court outcome,
34b5ff6f0a3f16c0b66908cc93c538a13ec5a7b695afc187231d2b8b2ae3a8ad,2019-01,North Wales Police,North Wales Police,-4.122941,53.229021,On or near Brick Street,W01000062,Gwynedd 001A,Theft from the person,Under investigation,
1dc74bdcfeb83757f5b6f30a44969a9c7754b5035e716e6c4850b23e2710cfd8,2019-01,North Wales Police,North Wales Police,-4.132278,53.222759,On or near Stryd Fawr,W01000062,Gwynedd 001A,Vehicle crime,Under investigation,
f03cdc6dbd38b2189c049e40864a235738265721d261bcb2a2d6241072db199d,2019-01,North Wales Police,North Wales Police,-4.129274,53.225609,On or near Treflan,W01000062,Gwynedd 001A,Vehicle crime,Investigation complete; no suspect identified,
5a45bcd4ad0809686de55f8187b376342c97efb85b3077f3eeecc171a4621be4,2019-01,North Wales Police,North Wales Police,-4.132278,53.222759,On or near Stryd Fawr,W01000062,Gwynedd 001A,Vehicle crime,Investigation complete; no suspect identified,
9e6daa001a84cff04ccc27618e6b8e5430494e666f5ab43fa0458882c0beb014,2019-01,North Wales Police,North Wales Police,-4.130092,53.225181,On or near Parking Area,W01000062,Gwynedd 001A,Violence and sexual offences,Under investigation,
fcc32d4feafaa79907e3bb98989d3ada3efeb5645aa64ad6e4012016067fa2ad,2019-01,North Wales Police,North Wales Police,-4.122941,53.229021,On or near Brick Street,W01000062,Gwynedd 001A,Violence and sexual offences,Investigation complete; no suspect identified,
4710fde565f945288d32d8e4e3463c52ee594148bca0edae83734495168376d8,2019-01,North Wales Police,North Wales Police,-4.132278,53.222759,On or near Stryd Fawr,W01000062,Gwynedd 001A,Violence and sexual offences,Unable to prosecute suspect,
08e44139400a56d26013c91d377e6cc61ca1d7c908f1d022808faddec6ca7589,2019-01,North Wales Police,North Wales Police,-4.121888,53.228932,On or near Stryd Fawr,W01000062,Gwynedd 001A,Violence and sexual offences,Investigation complete; no suspect identified,
67462b53431348b993120ef94bc0ca63c58b0bafe02502c13411ccbdb3d62ce8,2019-01,North Wales Police,North Wales Police,-4.122363,53.227944,On or near Ger Y Mynydd,W01000062,Gwynedd 001A,Violence and sexual offences,Under investigation,
baa31efcedc32a330070447a8251e7f91cc66e1811b215e605463627609a09bd,2019-01,North Wales Police,North Wales Police,-4.121498,53.228625,On or near Mount Street,W01000062,Gwynedd 001A,Violence and sexual offences,Unable to prosecute suspect,
811a06b96e03d0b64e6c0305a667fec491f74938bf6caae9e0e14c08b7622068,2019-01,North Wales Police,North Wales Police,-4.125475,53.228167,On or near Shopping Area,W01000062,Gwynedd 001A,Violence and sexual offences,Unable to prosecute suspect,
f8bd89686c2a7a2a69b86614cb002c37b2cbdc66690ec6a14f4f2c443ab68c41,2019-01,North Wales Police,North Wales Police,-4.125475,53.228167,On or near Shopping Area,W01000062,Gwynedd 001A,Violence and sexual offences,Under investigation,
9dfb37a9b8d0456c8e8e59fee21ec1689bfb05df8dc6eea3c24c739912f05b48,2019-01,North Wales Police,North Wales Police,-4.125475,53.228167,On or near Shopping Area,W01000062,Gwynedd 001A,Violence and sexual offences,Under investigation,
e69c793483b832142141d39754d379b54867f3c346230545e453bfae4a15e0b9,2019-01,North Wales Police,North Wales Police,-4.121498,53.228625,On or near Mount Street,W01000062,Gwynedd 001A,Violence and sexual offences,Unable to prosecute suspect,
a7aefa7eed4ae6240575ce9dee135d389541b57c27d899b03691e6d238780a43,2019-01,North Wales Police,North Wales Police,-4.122941,53.229021,On or near Brick Street,W01000062,Gwynedd 001A,Violence and sexual offences,Unable to prosecute suspect,
c9c6100d94b17daedbf754bd747b3b8d8961199fe2b9299bb13cef7fc48ccbc2,2019-01,North Wales Police,North Wales Police,-4.125475,53.228167,On or near Shopping Area,W01000062,Gwynedd 001A,Violence and sexual offences,Unable to prosecute suspect,
4b71fe65e69bbc5d8b33c8e554fd42f24e7b2130def2e3747bcbb4553d171034,2019-01,North Wales Police,North Wales Police,-4.122941,53.229021,On or near Brick Street,W01000062,Gwynedd 001A,Violence and sexual offences,Unable to prosecute suspect,
83c02bf681ddd82a805c3c64ec14a11a19805501caba20d0f904194fcdc554a5,2019-01,North Wales Police,North Wales Police,-4.125475,53.228167,On or near Shopping Area,W01000062,Gwynedd 001A,Violence and sexual offences,Under investigation,
3f5735f2185efff1be2ae4c0f18d3d48ef675d4f57a08e6c07cffa6e41db03b9,2019-01,North Wales Police,North Wales Police,-4.129274,53.225609,On or near Treflan,W01000062,Gwynedd 001A,Violence and sexual offences,Unable to prosecute suspect,
ddd48a089aabe2dcfca3d391ef6c75e33d4d6ff24b0177b92ba55716c77143f5,2019-01,North Wales Police,North Wales Police,-4.121888,53.228932,On or near Stryd Fawr,W01000062,Gwynedd 001A,Violence and sexual offences,Further investigation is not in the public interest,
7a038b5789a125b95572789129e36695496a4b69993efe36e533c4ea80677e31,2019-01,North Wales Police,North Wales Police,-4.123283,53.227451,On or near Parking Area,W01000062,Gwynedd 001A,Violence and sexual offences,Under investigation,
d703c4835144ad4d40d1e1302d48eb3c5945ee54c947a0d6ade40dfa3bea0704,2019-01,North Wales Police,North Wales Police,-4.121888,53.228932,On or near Stryd Fawr,W01000062,Gwynedd 001A,Violence and sexual offences,Further investigation is not in the public interest,
c73d3ab4097be49092dbacd8b4a1cb019047dfdf7f2a49215d0499db8d49b83b,2019-01,North Wales Police,North Wales Police,-4.129200,53.225035,On or near Sgwar Kyffin,W01000062,Gwynedd 001A,Violence and sexual offences,Under investigation,
9cb85e299766ef24a822fb22ed1e2f41e5e6e705390a89935c7a86b72b71c472,2019-01,North Wales Police,North Wales Police,-4.124744,53.226706,On or near York Place,W01000062,Gwynedd 001A,Violence and sexual offences,Unable to prosecute suspect,
25e36909e6c2916bca91b6976e8e73b24d53e9863f90bb9e497d3ec961d7d828,2019-01,North Wales Police,North Wales Police,-4.121359,53.228546,On or near Sgwar Y Fron,W01000062,Gwynedd 001A,Violence and sexual offences,Under investigation,
924f8a58bc6398db4e015a0268c8e888c37cd4fa0c30fff3213fac66fc14f15c,2019-01,North Wales Police,North Wales Police,-4.129200,53.225035,On or near Sgwar Kyffin,W01000062,Gwynedd 001A,Violence and sexual offences,Unable to prosecute suspect,
9721e40b15a49264da2a27143f9ed3519aa5fab98af3ab02c46ee756ed6ebe84,2019-01,North Wales Police,North Wales Police,-4.127808,53.227469,On or near Police Station,W01000062,Gwynedd 001A,Other crime,Under investigation,
a5ed1872c6bcf33a26b07a00cb3896ad9d275ff4347c2db41d5cd666ed0bc319,2019-01,North Wales Police,North Wales Police,-4.131251,53.224099,On or near Sports/Recreation Area,W01000062,Gwynedd 001A,Other crime,Under investigation,
,2019-01,North Wales Police,North Wales Police,-4.126613,53.230565,On or near Love Lane,W01000076,Gwynedd 001B,Anti-social behaviour,,
,2019-01,North Wales Police,North Wales Police,-4.122755,53.236775,On or near Parking Area,W01000076,Gwynedd 001B,Anti-social behaviour,,
7a8dc092615c4e32610c51f60c949f7021ff625224192c8083b0bca777f4e303,2019-01,North Wales Police,North Wales Police,-4.124774,53.231551,On or near Garth Road,W01000076,Gwynedd 001B,Other theft,Investigation complete; no suspect identified,
a14557840f930164b24fd832454803dcf1fceeee8edb43a7ce01094772a0a296,2019-01,North Wales Police,North Wales Police,-4.121499,53.235305,On or near Lon Glandwr,W01000076,Gwynedd 001B,Other theft,Under investigation,
cbece373a61239cde257bbe99527d357f91c5434415e335fd234d21efaec9c3e,2019-01,North Wales Police,North Wales Police,-4.130762,53.228432,On or near Penrallt Road,W01000076,Gwynedd 001B,Violence and sexual offences,Under investigation,
034fa46090d89314400375834ba882a41afe671e5cb20c377912b89b72494494,2019-01,North Wales Police,North Wales Police,-4.129547,53.227492,On or near Further/Higher Educational Building,W01000076,Gwynedd 001B,Violence and sexual offences,Unable to prosecute suspect,
38265f215a9db3d8a4fc6852fe261f569e51b40ee9483751675738fceb9d2e50,2019-01,North Wales Police,North Wales Police,-4.122755,53.236775,On or near Parking Area,W01000076,Gwynedd 001B,Violence and sexual offences,Unable to prosecute suspect,
12daec2eb282da04a23a4bc80ea5bb24f793b8a91f43169532dba8b1b90863f3,2019-01,North Wales Police,North Wales Police,-4.130166,53.232722,On or near Siliwen Road,W01000076,Gwynedd 001B,Violence and sexual offences,Under investigation,
,2019-01,North Wales Police,North Wales Police,-4.118923,53.232006,On or near Stryd Edmund,W01000077,Gwynedd 001C,Anti-social behaviour,,
,2019-01,North Wales Police,North Wales Police,-4.120076,53.229873,On or near Friars' Road,W01000077,Gwynedd 001C,Anti-social behaviour,,
,2019-01,North Wales Police,North Wales Police,-4.120693,53.231750,On or near Orme Road,W01000077,Gwynedd 001C,Anti-social behaviour,,
3280221cb06da2884f8d86e7101f5b1fe90497ce155b0a6819469abcd99b6ce1,2019-01,North Wales Police,North Wales Police,-4.120076,53.229873,On or near Friars' Road,W01000077,Gwynedd 001C,Burglary,Under investigation,
d4f4f0f0b037a825c4eaafd0fefce5462c1cfa9b31406b9087a6611dcacfb1e9,2019-01,North Wales Police,North Wales Police,-4.116293,53.230641,On or near Maes Isalaw,W01000077,Gwynedd 001C,Burglary,Under investigation,
c55903d4d1d653b54a11ba3335634fc23dd70a2e4cfe80e2f157115ff59625dc,2019-01,North Wales Police,North Wales Police,-4.116293,53.230641,On or near Maes Isalaw,W01000077,Gwynedd 001C,Criminal damage and arson,Investigation complete; no suspect identified,
ecaa34c77d390f830a5dcaee0cd7f5b211448dc15e9a77704edfdf51f40461a0,2019-01,North Wales Police,North Wales Police,-4.121456,53.230199,On or near Bwthyn Y Mynach,W01000077,Gwynedd 001C,Drugs,Under investigation,
effab02ecfb0405e421a2d7a08962a8d0d0d0aa5ba86efd7567f94b5ab86cc4c,2019-01,North Wales Police,North Wales Police,-4.119448,53.232329,On or near Water Street,W01000077,Gwynedd 001C,Drugs,Under investigation,
d7be4ef825712d493063fa7b7169436a6c3a7afe35e0f305382ecedfd951d1a0,2019-01,North Wales Police,North Wales Police,-4.120076,53.229873,On or near Friars' Road,W01000077,Gwynedd 001C,Other theft,Under investigation,
3ff51da891316ede1252df45d8a95aa4cf2dccfb46d62c926963906ed16a72fc,2019-01,North Wales Police,North Wales Police,-4.120693,53.231750,On or near Orme Road,W01000077,Gwynedd 001C,Other theft,Investigation complete; no suspect identified,
c6fbcca1d323e4884e96225307a0cf02d27ba7149c0ef39ebd45383fa1b641f6,2019-01,North Wales Police,North Wales Police,-4.120693,53.231750,On or near Orme Road,W01000077,Gwynedd 001C,Violence and sexual offences,Under investigation,
7ee7e4712f81f0665eda82c2b3acef0482eec71b1c2fe0f118ace9e875b08e1c,2019-01,North Wales Police,North Wales Police,-4.117540,53.231311,On or near Stryd Robert,W01000077,Gwynedd 001C,Violence and sexual offences,Unable to prosecute suspect,
244e3cb46c2b043d882095993e8812c4b798946d9b410f1a63a341f7c0a725ad,2019-01,North Wales Police,North Wales Police,-4.118923,53.232006,On or near Stryd Edmund,W01000077,Gwynedd 001C,Violence and sexual offences,Under investigation,
dd31ae6d781aba86bc4fe974ea5222b87484aeab3a4eac6a396f9611633bfd48,2019-01,North Wales Police,North Wales Police,-4.120076,53.229873,On or near Friars' Road,W01000077,Gwynedd 001C,Violence and sexual offences,Under investigation,
,2019-01,North Wales Police,North Wales Police,-4.112750,53.227755,On or near Plas Y Gerddi,W01000091,Gwynedd 001D,Anti-social behaviour,,
,2019-01,North Wales Police,North Wales Police,-4.115989,53.223868,On or near Rhodfa Penrhyn,W01000091,Gwynedd 001D,Anti-social behaviour,,
,2019-01,North Wales Police,North Wales Police,-4.115989,53.223868,On or near Rhodfa Penrhyn,W01000091,Gwynedd 001D,Anti-social behaviour,,
eeabaf4468b393581fa8a1f1dc39ceb4cb179518241f5b468e997f5dca9bd9a7,2019-01,North Wales Police,North Wales Police,-4.113975,53.224344,On or near Rhodfa Greenwood,W01000091,Gwynedd 001D,Burglary,Unable to prosecute suspect,
79584cf87c61bcbb7f2359cd04647e48c3ad180e1ee1408b5a664851238f8206,2019-01,North Wales Police,North Wales Police,-4.113998,53.226321,On or near Lon Y Parc,W01000091,Gwynedd 001D,Criminal damage and arson,Further investigation is not in the public interest,
9ed2c93753d96d4878ff3220ad57254633cd850d73f9f8a5c76549c7ed1f5b27,2019-01,North Wales Police,North Wales Police,-4.112750,53.227755,On or near Plas Y Gerddi,W01000091,Gwynedd 001D,Criminal damage and arson,Further investigation is not in the public interest,
5f6dd3eb16e613d5753594896b4c9b39fc1a92230ac5ee4c1d17da2b59f3d3aa,2019-01,North Wales Police,North Wales Police,-4.113998,53.226321,On or near Lon Y Parc,W01000091,Gwynedd 001D,Criminal damage and arson,Offender given conditional discharge,
7d2de2f7ceca3d5353e932cf9bdb951a25e0c5883689f77890747209eb53d8ed,2019-01,North Wales Police,North Wales Police,-4.112750,53.227755,On or near Plas Y Gerddi,W01000091,Gwynedd 001D,Criminal damage and arson,Under investigation,
2703a1b8e95dfb978afa042190236285ba9eb489bd5b375e9359e7572cf8490c,2019-01,North Wales Police,North Wales Police,-4.112750,53.227755,On or near Plas Y Gerddi,W01000091,Gwynedd 001D,Other theft,Investigation complete; no suspect identified,
abda17c010f63d10c2080f67b9d0851ba51b7dc576105a2c050ed003f046b9f2,2019-01,North Wales Police,North Wales Police,-4.112750,53.227755,On or near Plas Y Gerddi,W01000091,Gwynedd 001D,Other theft,Under investigation,
d4573f1e4ece257cf69e0f06674be7738c700cabf30f405526878c6770268ee0,2019-01,North Wales Police,North Wales Police,-4.114116,53.227191,On or near Ffordd Tan Y Bryn,W01000091,Gwynedd 001D,Violence and sexual offences,Unable to prosecute suspect,
c129513fae0fbfe6e86c6f883dec2f834ca4a8ed615814fd45092709c61a8045,2019-01,North Wales Police,North Wales Police,-4.114116,53.227191,On or near Ffordd Tan Y Bryn,W01000091,Gwynedd 001D,Violence and sexual offences,Unable to prosecute suspect,
3f8a8fe988ecc95c26e72bd68f0d9a91fdb5e946cefb40bb1e0b77698e0880da,2019-01,North Wales Police,North Wales Police,-4.113998,53.226321,On or near Lon Y Parc,W01000091,Gwynedd 001D,Violence and sexual offences,Unable to prosecute suspect,
305bad7f4e8906a5012887db1c32254c8474f9a11dd14e9bee3f0694ebec4cb5,2019-01,North Wales Police,North Wales Police,-4.116351,53.225435,On or near Tan-Y-Mynydd,W01000091,Gwynedd 001D,Violence and sexual offences,Unable to prosecute suspect,
219539def570d898e8a38a77ff27c51498544de7dfbee1f03287df4a2ac17a50,2019-01,North Wales Police,North Wales Police,-4.112750,53.227755,On or near Plas Y Gerddi,W01000091,Gwynedd 001D,Violence and sexual offences,Under investigation,
246839a95be15cb77a25091a4ab19361868beda50d799945cc5bbe36fe68df34,2019-01,North Wales Police,North Wales Police,-4.113510,53.229495,On or near Coed Y Castell,W01000091,Gwynedd 001D,Violence and sexual offences,Under investigation,
c7644824f09bfe88ba5cd93cbb47303ffe2e9c1a1b2eb19bb783f54ca7002700,2019-01,North Wales Police,North Wales Police,-4.113998,53.226321,On or near Lon Y Parc,W01000091,Gwynedd 001D,Violence and sexual offences,Unable to prosecute suspect,
,2019-01,North Wales Police,North Wales Police,-4.134593,53.227438,On or near Sgwar Britania,W01000092,Gwynedd 001E,Anti-social behaviour,,
,2019-01,North Wales Police,North Wales Police,-4.134593,53.227438,On or near Sgwar Britania,W01000092,Gwynedd 001E,Anti-social behaviour,,
8e3a1dae2d7b98f2b487a3c4a7f8bed970e8a2a0591281025041154480648ed0,2019-01,North Wales Police,North Wales Police,-4.134250,53.228658,On or near Ffordd Craig Y Don,W01000092,Gwynedd 001E,Bicycle theft,Investigation complete; no suspect identified,
12e4041e9e2db4f6e01baab1f072707ee096486bebdc9ef19d7965fc0db21246,2019-01,North Wales Police,North Wales Police,-4.142472,53.225291,On or near Sports/Recreation Area,W01000092,Gwynedd 001E,Bicycle theft,Investigation complete; no suspect identified,
99d8137fd5728ee078c09dead2cdb12ce24c09ccdb4038970b712d072a0f7fdb,2019-01,North Wales Police,North Wales Police,-4.142472,53.225291,On or near Sports/Recreation Area,W01000092,Gwynedd 001E,Bicycle theft,Investigation complete; no suspect identified,
95768e6fc9d4fdf321f60ae2b9b0bd7522b1787bbf52a6885919c75577dc945f,2019-01,North Wales Police,North Wales Police,-4.142472,53.225291,On or near Sports/Recreation Area,W01000092,Gwynedd 001E,Bicycle theft,Investigation complete; no suspect identified,
27696f15ccc806ee8edcc41244dc79cfcc72cca7308cf0ddeee464cc682633ad,2019-01,North Wales Police,North Wales Police,-4.134250,53.228658,On or near Ffordd Craig Y Don,W01000092,Gwynedd 001E,Burglary,Under investigation,
ad1551ae97798f01224c8ea056551ee480682c126a8c0798f26db8d685e93c30,2019-01,North Wales Police,North Wales Police,-4.134250,53.228658,On or near Ffordd Craig Y Don,W01000092,Gwynedd 001E,Burglary,Under investigation,
c96346734021f2abb1da8ebdfac3ac3d4ad4fee5dd9d62182bdbc784497e7c37,2019-01,North Wales Police,North Wales Police,-4.136200,53.228101,On or near Stryd Cae,W01000092,Gwynedd 001E,Criminal damage and arson,Awaiting court outcome,
d18f52b7a5d71e1d07409102989f8327b06a344e9396c50dc92322c1fc1c564e,2019-01,North Wales Police,North Wales Police,-4.136182,53.229243,On or near Lon Efelyn,W01000092,Gwynedd 001E,Criminal damage and arson,Investigation complete; no suspect identified,
7ff8dddd283cbec57aa69b609d8aa4ea2f628ae3372679cfd202d7ddb4331111,2019-01,North Wales Police,North Wales Police,-4.134593,53.227438,On or near Sgwar Britania,W01000092,Gwynedd 001E,Criminal damage and arson,Under investigation,
4cb2d27832a6e1f299de8875db005c2224dcfd859e58245b8623704543375590,2019-01,North Wales Police,North Wales Police,-4.134946,53.226991,On or near Llys Tudur,W01000092,Gwynedd 001E,Drugs,Offender deprived of property,
e590eda4ae96d27f050f117c43478ed5be6d179192cd5dae30e6b82318acba53,2019-01,North Wales Police,North Wales Police,-4.136182,53.229243,On or near Lon Efelyn,W01000092,Gwynedd 001E,Drugs,Under investigation,
e7ab2f00b589302aa8456bb887b9fdc0a723a8f46e64715f55c4c997d2fd896d,2019-01,North Wales Police,North Wales Police,-4.134166,53.224568,On or near Lon Abaty,W01000092,Gwynedd 001E,Other theft,Further investigation is not in the public interest,
8b33cd4439b2839e624885c315a306b662a74d92ff6486c6de93f5320a3530ce,2019-01,North Wales Police,North Wales Police,-4.134593,53.227438,On or near Sgwar Britania,W01000092,Gwynedd 001E,Other theft,Under investigation,
3515c3a770d7efd8fe8b3430dba62dd8193daa5177ebf028aa807097c96b051c,2019-01,North Wales Police,North Wales Police,-4.137897,53.226677,On or near Victoria Drive,W01000092,Gwynedd 001E,Other theft,Unable to prosecute suspect,
aade7d67bc757be1ebf414a06ac32b596dc430c2ea3865f0686d3364d9b710e9,2019-01,North Wales Police,North Wales Police,-4.138836,53.227182,On or near Rhodfa Menai,W01000092,Gwynedd 001E,Other theft,Investigation complete; no suspect identified,
e3aa422e9c05aa6ae2caf4a8e539d56d9135450817901c6e4c74cf6ea66349eb,2019-01,North Wales Police,North Wales Police,-4.134593,53.227438,On or near Sgwar Britania,W01000092,Gwynedd 001E,Public order,Investigation complete; no suspect identified,
05a6a94bb12722fa738a643936a3824e6a6e365c761689014c79091a06654445,2019-01,North Wales Police,North Wales Police,-4.151096,53.225199,On or near Sports/Recreation Area,W01000092,Gwynedd 001E,Public order,Under investigation,
02b89a886e53dacedfb390500a94aa2f849f5325082517f45875de9e340bec32,2019-01,North Wales Police,North Wales Police,-4.136200,53.228101,On or near Stryd Cae,W01000092,Gwynedd 001E,Violence and sexual offences,Unable to prosecute suspect,
d856dd92330a7e33ba9a0dc02f055186edd12acd5dd24f1ba0342bbf6a575c2a,2019-01,North Wales Police,North Wales Police,-4.135454,53.223952,On or near Station Road,W01000092,Gwynedd 001E,Violence and sexual offences,Unable to prosecute suspect,
44810a276b92a2e652f4b4f31cd9972340e5c2a4c8ef2daf19bbe52907b46b09,2019-01,North Wales Police,North Wales Police,-4.131575,53.228202,On or near Stryd Y Parc,W01000092,Gwynedd 001E,Violence and sexual offences,Unable to prosecute suspect,
b7ea800f7e6e9173684b7e9b973b93ec9560fb45e699113b486d8591c7c950de,2019-01,North Wales Police,North Wales Police,-4.134946,53.226991,On or near Llys Tudur,W01000092,Gwynedd 001E,Violence and sexual offences,Offender fined,
24430ade810d87c7ca48e66b2ecc1f07c8302ad88bbc79f988a5a326e534b7a5,2019-01,North Wales Police,North Wales Police,-4.134946,53.226991,On or near Llys Tudur,W01000092,Gwynedd 001E,Violence and sexual offences,Under investigation,
28378032c30bfdd91cc351b0f70afbc3566cd113e51f79d49d1fcb7b0025a5ed,2019-01,North Wales Police,North Wales Police,-4.134593,53.227438,On or near Sgwar Britania,W01000092,Gwynedd 001E,Violence and sexual offences,Under investigation,
d371a9bac95375dad49af5973ec76b72a037a00654af791c7ef7f3470fdce8a0,2019-01,North Wales Police,North Wales Police,-4.134593,53.227438,On or near Sgwar Britania,W01000092,Gwynedd 001E,Violence and sexual offences,Further investigation is not in the public interest,
489e5fa91a10b05af87833f41d3c939596474fb5771b07c3cc39c5e5596a6265,2019-01,North Wales Police,North Wales Police,-4.141608,53.223886,On or near Ffriddoedd Road,W01000092,Gwynedd 001E,Violence and sexual offences,Under investigation,
a9c01914630b4d15cbff86bf305c91b69a4d7122c85a33ba32efa2ca87728e7f,2019-01,North Wales Police,North Wales Police,-4.134396,53.224366,On or near Ffordd Farrar,W01000092,Gwynedd 001E,Violence and sexual offences,Under investigation,
83637e801e5cd4959fad176b5d197c7721db0fcd1c273f87b4992bdbba71c7f6,2019-01,North Wales Police,North Wales Police,-4.134166,53.226384,On or near Supermarket,W01000092,Gwynedd 001E,Violence and sexual offences,Unable to prosecute suspect,
97208749e0c1e3eb9cdb4cc7bb5e8cf846adb2fca27b8abdcb171a41613f44b9,2019-01,North Wales Police,North Wales Police,-4.134900,53.227873,On or near Stryd Albert,W01000092,Gwynedd 001E,Violence and sexual offences,Unable to prosecute suspect,
,2019-01,North Wales Police,North Wales Police,-4.148115,53.212926,On or near Toronnen,W01000064,Gwynedd 002A,Anti-social behaviour,,
,2019-01,North Wales Police,North Wales Police,-4.145563,53.213710,On or near Sports/Recreation Area,W01000064,Gwynedd 002A,Anti-social behaviour,,
,2019-01,North Wales Police,North Wales Police,-4.145563,53.213710,On or near Sports/Recreation Area,W01000064,Gwynedd 002A,Anti-social behaviour,,
,2019-01,North Wales Police,North Wales Police,-4.145563,53.213710,On or near Sports/Recreation Area,W01000064,Gwynedd 002A,Anti-social behaviour,,
,2019-01,North Wales Police,North Wales Police,-4.152215,53.206289,On or near Lon Cytir,W01000064,Gwynedd 002A,Anti-social behaviour,,
8395e37eeeddbc693650d8376934b48e964092d83da437bedbcb2a9c75eba7bf,2019-01,North Wales Police,North Wales Police,-4.142913,53.217030,On or near Shopping Area,W01000064,Gwynedd 002A,Burglary,Awaiting court outcome,
1c7e7ef00153a30c58b09f65801951a2b0bc9739095f54042abc83c70fd94455,2019-01,North Wales Police,North Wales Police,-4.149019,53.214232,On or near Lon-Y-Bedw,W01000064,Gwynedd 002A,Burglary,Local resolution,
ac91e3c49aba54b7df6e84d547d14658c39cf06fd14cd92e6d0fa634ea17a9e3,2019-01,North Wales Police,North Wales Police,-4.149362,53.214801,On or near Bron-Y-De,W01000064,Gwynedd 002A,Burglary,Under investigation,
9cf4f124628c2bc468045aff69c8d095aa08fd9fa0916b683f7b4c877f071e65,2019-01,North Wales Police,North Wales Police,-4.152215,53.206289,On or near Lon Cytir,W01000064,Gwynedd 002A,Criminal damage and arson,Under investigation,
5c5bcca99c2fecc3f250a51263f529108a171f000a7564e98405b1525026fd69,2019-01,North Wales Police,North Wales Police,-4.142913,53.217030,On or near Shopping Area,W01000064,Gwynedd 002A,Criminal damage and arson,Investigation complete; no suspect identified,
9b0c666eb9dabaa263ee4fef22bf3d684811da25fdc14eb30bf073d77143e8ee,2019-01,North Wales Police,North Wales Police,-4.148115,53.212926,On or near Toronnen,W01000064,Gwynedd 002A,Criminal damage and arson,Investigation complete; no suspect identified,
d5f3652599b242c3043846af2f163052c793c1a1ddfa46289d0e3c614ae47cbc,2019-01,North Wales Police,North Wales Police,-4.152215,53.206289,On or near Lon Cytir,W01000064,Gwynedd 002A,Other theft,Investigation complete; no suspect identified,
8c549943ed219d1e4256e55384fb89ada0e0d7c4097cad89a2f243db905e9055,2019-01,North Wales Police,North Wales Police,-4.152215,53.206289,On or near Lon Cytir,W01000064,Gwynedd 002A,Other theft,Investigation complete; no suspect identified,
1e49d586cb75ff2404c18903adc314ae5361ad77d3543327bbcc857e6448e896,2019-01,North Wales Police,North Wales Police,-4.145563,53.213710,On or near Sports/Recreation Area,W01000064,Gwynedd 002A,Public order,Offender fined,
03f7fa4e767b268a42cb895609a6a7a2b8464cb1a0bbd488e06a45f1eb588c5b,2019-01,North Wales Police,North Wales Police,-4.142959,53.214647,On or near Ffordd Caernarfon,W01000064,Gwynedd 002A,Public order,Awaiting court outcome,
0ef76707f98b3c0e261bf05828ec506824ab4096be5b07d085cb3932ebde3c77,2019-01,North Wales Police,North Wales Police,-4.142959,53.214647,On or near Ffordd Caernarfon,W01000064,Gwynedd 002A,Public order,Awaiting court outcome,
dbe6f761c722b6fcbafed17bd186dfecaca120d3222a5d170f1c844f4a14ae6d,2019-01,North Wales Police,North Wales Police,-4.145563,53.213710,On or near Sports/Recreation Area,W01000064,Gwynedd 002A,Public order,Offender given penalty notice,
bf0ececeab0633ab9103c1c505874101e390842e2edabad3b4fa7107b1652aed,2019-01,North Wales Police,North Wales Police,-4.145563,53.213710,On or near Sports/Recreation Area,W01000064,Gwynedd 002A,Public order,Unable to prosecute suspect,
3d868da3d2934518661959bdebc7f1022e747e9eee88bb02cf03bc087dd2eb35,2019-01,North Wales Police,North Wales Police,-4.148757,53.211099,On or near Shopping Area,W01000064,Gwynedd 002A,Shoplifting,Investigation complete; no suspect identified,
051e3a9d84c5bd97109f35e1df64dbe2d232e231688da69150b91907a9427794,2019-01,North Wales Police,North Wales Police,-4.148757,53.211099,On or near Shopping Area,W01000064,Gwynedd 002A,Shoplifting,Under investigation,
9167bd7b870a3b487ae201a7938c2152682ff279a929a0430998df2eb84f26da,2019-01,North Wales Police,North Wales Police,-4.152215,53.206289,On or near Lon Cytir,W01000064,Gwynedd 002A,Shoplifting,Local resolution,
941ff2d42054c8ff6d5e1e8f905a1101341b575ff3ab560a0be66bc7b62440a8,2019-01,North Wales Police,North Wales Police,-4.152215,53.206289,On or near Lon Cytir,W01000064,Gwynedd 002A,Shoplifting,Offender fined,
ac4b25fef021052665f5c98b7360d41ba3464f331dae461433e058e1feb87102,2019-01,North Wales Police,North Wales Police,-4.148757,53.211099,On or near Shopping Area,W01000064,Gwynedd 002A,Shoplifting,Under investigation,
1b16e5e23f9d6aefc1689ff8ef900d3a683978de826eb72d5849f32f4bb12058,2019-01,North Wales Police,North Wales Police,-4.142913,53.217030,On or near Shopping Area,W01000064,Gwynedd 002A,Shoplifting,Under investigation,
88f84b2a5d3281c5de004181d82644b5935062e31fcc9d743bd4e278bebe8c7f,2019-01,North Wales Police,North Wales Police,-4.152215,53.206289,On or near Lon Cytir,W01000064,Gwynedd 002A,Vehicle crime,Investigation complete; no suspect identified,
35eb8fa2772f8d36a0e0166fafa704fd3a858153d7d94d07608f4c76c5fa4dc5,2019-01,North Wales Police,North Wales Police,-4.145563,53.213710,On or near Sports/Recreation Area,W01000064,Gwynedd 002A,Violence and sexual offences,Unable to prosecute suspect,
def302e81dcb79a91ba6cecd5766d59034a1ed409282e6f59a04c51911b0b262,2019-01,North Wales Police,North Wales Police,-4.142913,53.217030,On or near Shopping Area,W01000064,Gwynedd 002A,Violence and sexual offences,Unable to prosecute suspect,
3250e4485d9cbed72da01024b124ca8340b8ba87eca6ca7d8589d85c3e432ad0,2019-01,North Wales Police,North Wales Police,-4.152215,53.206289,On or near Lon Cytir,W01000064,Gwynedd 002A,Violence and sexual offences,Further investigation is not in the public interest,
5bb05921da88f8b297340ad61af790a10b574160677fbb783bf022e2adf3d066,2019-01,North Wales Police,North Wales Police,-4.152215,53.206289,On or near Lon Cytir,W01000064,Gwynedd 002A,Violence and sexual offences,Unable to prosecute suspect,
1c3137551885987f0600c5ce5da4022359054b1b1bf733522b853fa2b617ae0b,2019-01,North Wales Police,North Wales Police,-4.148115,53.212926,On or near Toronnen,W01000064,Gwynedd 002A,Violence and sexual offences,Under investigation,
,2019-01,North Wales Police,North Wales Police,-4.143814,53.221878,On or near Lon-Y-Glyder,W01000072,Gwynedd 002B,Anti-social behaviour,,
162edb5897d6fae32d9f717ecaddb387d36a5b34bb2c36a52f9a4f9ce445d9db,2019-01,North Wales Police,North Wales Police,-4.142124,53.221018,On or near Trem Elidir,W01000072,Gwynedd 002B,Public order,Under investigation,
0fa570d3b344cce5821b207dcfb553937f9b9b4ac25c1295d80213d4a7386045,2019-01,North Wales Police,North Wales Police,-4.143218,53.221331,On or near Lon Ogwen,W01000072,Gwynedd 002B,Vehicle crime,Under investigation,
6a03de347a4efb3a3034a054fe77e0731f12416d3be9f3a81951358307d61fff,2019-01,North Wales Police,North Wales Police,-4.148506,53.221038,On or near Ffordd Belmont,W01000072,Gwynedd 002B,Violence and sexual offences,Unable to prosecute suspect,
d6584dcbcb1e28dc3405484ab5a5d44e0eb97d078e8c7b7a35066e52ab2f94e2,2019-01,North Wales Police,North Wales Police,-4.145225,53.221025,On or near Lon Powys,W01000072,Gwynedd 002B,Violence and sexual offences,Under investigation,
23f648baf3059898fa20a86ad2b24c6c3d9c808f94bcaf06685306c17a483365,2019-01,North Wales Police,North Wales Police,-4.143218,53.221331,On or near Lon Ogwen,W01000072,Gwynedd 002B,Violence and sexual offences,Under investigation,
7d3435efecdc99851f10818334fb9eb127c606da8024944ed7323adb2d86a10b,2019-01,North Wales Police,North Wales Police,-4.160920,53.218871,On or near A5,W01000072,Gwynedd 002B,Violence and sexual offences,Under investigation,
913bcd1d9e815546207421bdf263383d0ea7c7f46deadcc01f7ed5a16685a620,2019-01,North Wales Police,North Wales Police,-4.145225,53.221025,On or near Lon Powys,W01000072,Gwynedd 002B,Violence and sexual offences,Unable to prosecute suspect,
6b639584f44567887fe393d92e65d8402e0bd7f97f4e79912538134a9e0bb78a,2019-01,North Wales Police,North Wales Police,-4.143064,53.218547,On or near Breeze Hill,W01000075,Gwynedd 002C,Burglary,Under investigation,
a6410bcedf508515a38df90f1b29b31e8cca1fcb9b36967d0aff0d0cfea2b5cf,2019-01,North Wales Police,North Wales Police,-4.143064,53.218547,On or near Breeze Hill,W01000075,Gwynedd 002C,Criminal damage and arson,Investigation complete; no suspect identified,
161b7abfc62e58180d39047f6257611ffb9aaf074b3457e918c269f111322458,2019-01,North Wales Police,North Wales Police,-4.143064,53.218547,On or near Breeze Hill,W01000075,Gwynedd 002C,Other theft,Investigation complete; no suspect identified,
d4f04949277ef23eb835d26bdff9b719776a76a24a938395c224e7192529b3af,2019-01,North Wales Police,North Wales Police,-4.139879,53.217768,On or near Stryd Yr Eglwys,W01000075,Gwynedd 002C,Other theft,Under investigation,
fcaf46cd3098400b08faf40b8f4c953f862d1c82a881b8a4a3d875debae41593,2019-01,North Wales Police,North Wales Police,-4.143064,53.218547,On or near Breeze Hill,W01000075,Gwynedd 002C,Other theft,Unable to prosecute suspect,
cbdb031b332cdbd3a8412ed675065b477d4cfd385d2d67ef99dd370ec3444d29,2019-01,North Wales Police,North Wales Police,-4.142577,53.218394,On or near Cae'R Deon,W01000075,Gwynedd 002C,Shoplifting,Investigation complete; no suspect identified,
92c49ac3cffcef7eb77f066e36d77f65f50cb466f127c85d866805dcd6550e77,2019-01,North Wales Police,North Wales Police,-4.141083,53.218474,On or near Llys Dewi Sant,W01000075,Gwynedd 002C,Violence and sexual offences,Under investigation,
1c748516329b8ac56738b0a4e8762cbb9c3572d4758620810704a9cf72059a97,2019-01,North Wales Police,North Wales Police,-4.140124,53.221477,On or near Ffordd Cynfal,W01000075,Gwynedd 002C,Violence and sexual offences,Under investigation,
d84cbd7a9d3d8f8da0003ab7350b2414d9e85218f8ef2fdac7988d249bcf7ccf,2019-01,North Wales Police,North Wales Police,-4.139879,53.217768,On or near Stryd Yr Eglwys,W01000075,Gwynedd 002C,Violence and sexual offences,Further investigation is not in the public interest,
cba57065a6a05a7e5577e9c369a2af7655eda254f86dba7297cc4ecab7672bae,2019-01,North Wales Police,North Wales Police,-4.143064,53.218547,On or near Breeze Hill,W01000075,Gwynedd 002C,Violence and sexual offences,Awaiting court outcome,
c78572075407b776d0c293d0aa3454cb346854e26aa2b9ac7f71fde2f6448aaa,2019-01,North Wales Police,North Wales Police,-4.136579,53.221270,On or near West End,W01000075,Gwynedd 002C,Violence and sexual offences,Under investigation,
,2019-01,North Wales Police,North Wales Police,-4.117073,53.221232,On or near Ffordd Elfed,W01000090,Gwynedd 002D,Anti-social behaviour,,
2eadbc94f62d8214a9657e3108046af3645d8749cf1351e0ec0bb64d289854ed,2019-01,North Wales Police,North Wales Police,-4.118073,53.224190,On or near Lon-Y-Felin,W01000090,Gwynedd 002D,Public order,Investigation complete; no suspect identified,
92514087d73cf3b2499ee0df8233057524d36d5d33df8baad0d563a6707db806,2019-01,North Wales Police,North Wales Police,-4.119988,53.219292,On or near Trem-Y-Garnedd,W01000090,Gwynedd 002D,Violence and sexual offences,Unable to prosecute suspect,
8fbf27cefed6bb9e1ef2622358d6d12f18681409ee9f7dad80f540035cfcf55d,2019-01,North Wales Police,North Wales Police,-4.117169,53.220143,On or near Gwern Las,W01000090,Gwynedd 002D,Violence and sexual offences,Under investigation,
c8e610048d63fd85eb4f176117233d890d3c8a9cf74f88f306f7c88fa87242ce,2019-01,North Wales Police,North Wales Police,-4.117169,53.220143,On or near Gwern Las,W01000090,Gwynedd 002D,Violence and sexual offences,Unable to prosecute suspect,
5956627d586e7cd7d7c673affaef30155e543937153d043033ab9d015fdf3376,2019-01,North Wales Police,North Wales Police,-4.114912,53.221459,On or near Rhodfa'R Frenhines,W01000090,Gwynedd 002D,Violence and sexual offences,Under investigation,
a3c40b332a56b6ead211f66773ea87d656b6702e511dfbc8503d0cf470aceeb0,2019-01,North Wales Police,North Wales Police,-4.118534,53.222006,On or near Tan Y Coed,W01000090,Gwynedd 002D,Violence and sexual offences,Under investigation,
,2019-01,North Wales Police,North Wales Police,-4.159825,53.209020,On or near Hospital,W01000102,Gwynedd 002E,Anti-social behaviour,,
,2019-01,North Wales Police,North Wales Police,-4.159825,53.209020,On or near Hospital,W01000102,Gwynedd 002E,Anti-social behaviour,,
,2019-01,North Wales Police,North Wales Police,-4.160990,53.211920,On or near Ffordd Gwyndy,W01000102,Gwynedd 002E,Anti-social behaviour,,
034871bf69122fddeb330050423ebedc06e804d9120b11c60be107fa86e009fc,2019-01,North Wales Police,North Wales Police,-4.159825,53.209020,On or near Hospital,W01000102,Gwynedd 002E,Burglary,Investigation complete; no suspect identified,
daabbcdb02c7fb6123f9e684750257333f5576167e5e1f6380e1c3b56c1826af,2019-01,North Wales Police,North Wales Police,-4.158900,53.207895,On or near Parking Area,W01000102,Gwynedd 002E,Criminal damage and arson,Under investigation,
e9d37d823c680844583c5ab4d6a6c13dbd560be223e4fb876fe5ea4bd2c0a554,2019-01,North Wales Police,North Wales Police,-4.158900,53.207895,On or near Parking Area,W01000102,Gwynedd 002E,Criminal damage and arson,Further investigation is not in the public interest,
2a8b11e2b5ddec7ab6f7001de0716c5f6e7454354bc1fcb0cfa817a39c9402a1,2019-01,North Wales Police,North Wales Police,-4.159825,53.209020,On or near Hospital,W01000102,Gwynedd 002E,Drugs,Further investigation is not in the public interest,
8a2b940fdbfc6d4d0b74959af5a6229ea4f0f6f4a19d6fe1dc851fb035428b17,2019-01,North Wales Police,North Wales Police,-4.159825,53.209020,On or near Hospital,W01000102,Gwynedd 002E,Drugs,Under investigation,
ab96ef6f28f4b9c0d85dcd9ec5edd355928a7002f316cd24fdc048dd0e4a2b88,2019-01,North Wales Police,North Wales Police,-4.160990,53.211920,On or near Ffordd Gwyndy,W01000102,Gwynedd 002E,Public order,Under investigation,
f2e6af56c1aadcbd77b49e3af49843f8cfc2b7afa6b3e0b01ff9ef0987dac8ec,2019-01,North Wales Police,North Wales Police,-4.159825,53.209020,On or near Hospital,W01000102,Gwynedd 002E,Public order,Awaiting court outcome,
2a86cb1d0d24adc4804696c47351ee3f37fb59a13ecac2aac6aabf904f1a2531,2019-01,North Wales Police,North Wales Police,-4.158900,53.207895,On or near Parking Area,W01000102,Gwynedd 002E,Violence and sexual offences,Under investigation,
22408f684f67a2e29a2a1f7ef52c8695e729d6d1212eda12a4d59e1f49e4ca3a,2019-01,North Wales Police,North Wales Police,-4.159825,53.209020,On or near Hospital,W01000102,Gwynedd 002E,Violence and sexual offences,Under investigation,
d83aa90d4f5423bdc3c5769c86d13b8cf31fc74ea0968b4755fce22b669d99e8,2019-01,North Wales Police,North Wales Police,-4.064611,53.219312,On or near Conference/Exhibition Centre,W01000050,Gwynedd 003A,Other theft,Unable to prosecute suspect,
6a6d0821c6f66d928ab374001d4f7f334f5417ff911b0260b9418a97dc5a28b8,2019-01,North Wales Police,North Wales Police,-4.105422,53.203296,On or near Petrol Station,W01000050,Gwynedd 003A,Other theft,Under investigation,
d25179636a4e92424b0c02c4b88317b1a0f3591819ae0e6f6b202b8c28fd9cbd,2019-01,North Wales Police,North Wales Police,-4.105422,53.203296,On or near Petrol Station,W01000050,Gwynedd 003A,Other theft,Investigation complete; no suspect identified,
1b84fd334b4d42e1f4f698750791d51198219d1b5a2c70e4f147a96200eb2e9a,2019-01,North Wales Police,North Wales Police,-4.105607,53.219583,On or near Llandegai Road,W01000050,Gwynedd 003A,Other theft,Investigation complete; no suspect identified,
b39ef590919ea258abdb3063750caf853a65475cc2b7d37ea5a62e497d91c248,2019-01,North Wales Police,North Wales Police,-4.105422,53.203296,On or near Petrol Station,W01000050,Gwynedd 003A,Public order,Unable to prosecute suspect,
,2019-01,North Wales Police,North Wales Police,-4.055215,53.173236,On or near Pen-Y-Graig,W01000071,Gwynedd 003B,Anti-social behaviour,,
,2019-01,North Wales Police,North Wales Police,-4.060650,53.192355,On or near Water Street,W01000071,Gwynedd 003B,Anti-social behaviour,,
,2019-01,North Wales Police,North Wales Police,-4.055330,53.181596,On or near Maesy Y Arthro,W01000071,Gwynedd 003B,Anti-social behaviour,,
f4ad4a2c902b839ec64e8683215e05a2e88651b26c20dda437580499125c55c6,2019-01,North Wales Police,North Wales Police,-4.063183,53.192419,On or near Llanllechid Road,W01000071,Gwynedd 003B,Criminal damage and arson,Under investigation,
8b52b1b6db57a297e5dad14e29047f9febafac219df7da3ef7ec35c9c207da4c,2019-01,North Wales Police,North Wales Police,-4.048038,53.178682,On or near Upper Hill Street,W01000071,Gwynedd 003B,Other theft,Investigation complete; no suspect identified,
17d5f515b75869c8ffa32a85875016e4bf65c5ddfeed4bda7dd413e4e8110d96,2019-01,North Wales Police,North Wales Police,-4.055215,53.173236,On or near Pen-Y-Graig,W01000071,Gwynedd 003B,Public order,Unable to prosecute suspect,
9331fc16060597e1971007276dd214204db4b92db058ef3ff047ba8566bd82ea,2019-01,North Wales Police,North Wales Police,-4.066794,53.190927,On or near Maes Bleddyn,W01000071,Gwynedd 003B,Violence and sexual offences,Under investigation,
09cc52c075df5ce52152ab09c36f9b9475200ad0339c218b01adb321da857d20,2019-01,North Wales Police,North Wales Police,-4.066794,53.190927,On or near Maes Bleddyn,W01000071,Gwynedd 003B,Violence and sexual offences,Unable to prosecute suspect,
f110627409a44f50703ce42d84eb1f132ac0c060acd7a65a552874676126450c,2019-01,North Wales Police,North Wales Police,-4.055215,53.173236,On or near Pen-Y-Graig,W01000071,Gwynedd 003B,Violence and sexual offences,Unable to prosecute suspect,
9b912239fb5c092de00b4f83457d0873563e47a4bfee342f268f6a520b3a57a4,2019-01,North Wales Police,North Wales Police,-4.058978,53.184958,On or near Tan-Y-Gaer,W01000071,Gwynedd 003B,Violence and sexual offences,Investigation complete; no suspect identified,
,2019-01,North Wales Police,North Wales Police,-4.055188,53.176752,On or near Glan Ogwen,W01000096,Gwynedd 003C,Anti-social behaviour,,
,2019-01,North Wales Police,North Wales Police,-4.055188,53.176752,On or near Glan Ogwen,W01000096,Gwynedd 003C,Anti-social behaviour,,
,2019-01,North Wales Police,North Wales Police,-4.057899,53.182738,On or near Ffordd Carneddi,W01000096,Gwynedd 003C,Anti-social behaviour,,
,2019-01,North Wales Police,North Wales Police,-4.052617,53.176805,On or near Abercaseg,W01000096,Gwynedd 003C,Anti-social behaviour,,
,2019-01,North Wales Police,North Wales Police,-4.059200,53.182095,On or near Brynteg Street,W01000096,Gwynedd 003C,Anti-social behaviour,,
d97fccff12e8ba8cfa14b6afc446254286677be67cdf70a6434da23496d52be4,2019-01,North Wales Police,North Wales Police,-4.057899,53.182738,On or near Ffordd Carneddi,W01000096,Gwynedd 003C,Burglary,Under investigation,
7e2f9293de5b4a8ff89c99b85b3e05649ee7a6e2864663e9f93dc0638ee148ff,2019-01,North Wales Police,North Wales Police,-4.056926,53.178358,On or near Adwy'R Nant,W01000096,Gwynedd 003C,Criminal damage and arson,Investigation complete; no suspect identified,
f0621348a1d942703bf7fa5ff13b104d75143fc5fc107bae1f5f77dceecdadf2,2019-01,North Wales Police,North Wales Police,-4.057899,53.182738,On or near Ffordd Carneddi,W01000096,Gwynedd 003C,Criminal damage and arson,Investigation complete; no suspect identified,
04c49ea0a7b8c24c09aeb9cdc448c104c6b9d5a5a369b7a7d123f30620d94fc7,2019-01,North Wales Police,North Wales Police,-4.052617,53.176805,On or near Abercaseg,W01000096,Gwynedd 003C,Criminal damage and arson,Investigation complete; no suspect identified,
516302ee2c9b95daecbac61b5ad95393bf067250a674da048281ccff221ba2e9,2019-01,North Wales Police,North Wales Police,-4.055188,53.176752,On or near Glan Ogwen,W01000096,Gwynedd 003C,Criminal damage and arson,Further investigation is not in the public interest,
d6533ace2ce492114d1f8c3e0eb3f7cd16cab49b6f68519e99900e230cb3e55e,2019-01,North Wales Police,North Wales Police,-4.052617,53.176805,On or near Abercaseg,W01000096,Gwynedd 003C,Other theft,Under investigation,
8a85a1b6ad87addddebcc089c9a39c02a7c985b0e25d28229b8e4149a99d2840,2019-01,North Wales Police,North Wales Police,-4.052617,53.176805,On or near Abercaseg,W01000096,Gwynedd 003C,Other theft,Under investigation,
3df858ca339d09c7e1ce239956f9044902760b0e36d68832771e27ce2be361f3,2019-01,North Wales Police,North Wales Police,-4.057539,53.177089,On or near Glan Ffrydlas,W01000096,Gwynedd 003C,Violence and sexual offences,Under investigation,
bee226731f1d134e69ad3d6e40115bd4caf78dca1136896c92d2b1dabc7a61ae,2019-01,North Wales Police,North Wales Police,-4.058753,53.179010,On or near Llain Deg,W01000096,Gwynedd 003C,Violence and sexual offences,Further investigation is not in the public interest,
0169f4edecac986524a736054b456081f187e0c628a4c2ed488546793fdfc18d,2019-01,North Wales Police,North Wales Police,-4.058357,53.181669,On or near Stryd Cefnfaes,W01000096,Gwynedd 003C,Violence and sexual offences,Under investigation,
25df62d47a7a849f6133504c8dc688634f64711b34e3333e07ad28d95744918d,2019-01,North Wales Police,North Wales Police,-4.056926,53.178358,On or near Adwy'R Nant,W01000096,Gwynedd 003C,Violence and sexual offences,Unable to prosecute suspect,
c081102bd6c64b8fcd8a761eb945e26ded67086da27b64b6b52000572ed0725b,2019-01,North Wales Police,North Wales Police,-4.058753,53.179010,On or near Llain Deg,W01000096,Gwynedd 003C,Violence and sexual offences,Under investigation,
11ab40b1b06827a9d95f0ec654f0a64e79c8ada6c5ffbb815ea77426ccc68504,2019-01,North Wales Police,North Wales Police,-4.058753,53.179010,On or near Llain Deg,W01000096,Gwynedd 003C,Violence and sexual offences,Under investigation,
adc0153ddd00d148eaec80105ad13f63d62f451732d915ff008e01b33a4b24f5,2019-01,North Wales Police,North Wales Police,-4.061128,53.180165,On or near John Street,W01000096,Gwynedd 003C,Violence and sexual offences,Unable to prosecute suspect,
ae00f9d8440969bb5e1cdc1f37fa6a5bfe80ce1a1287b33a1dc646e45e841e5d,2019-01,North Wales Police,North Wales Police,-4.053065,53.178362,On or near Bryn Caseg,W01000096,Gwynedd 003C,Violence and sexual offences,Under investigation,
f7f98f297bec00092b9aef79f8ffc5dc9d78b4591ae9ff350ca4b75a9d01d49f,2019-01,North Wales Police,North Wales Police,-4.055047,53.175981,On or near Llawr Y Nant,W01000096,Gwynedd 003C,Violence and sexual offences,Unable to prosecute suspect,
88a0687911ba66af78ccbbed92f735b335621aedf06e24bf26a10a8ca50d7dfc,2019-01,North Wales Police,North Wales Police,-4.055188,53.176752,On or near Glan Ogwen,W01000096,Gwynedd 003C,Other crime,Further investigation is not in the public interest,
368a6bc3821226b8350ef02792a8c817badc3383d34df7cf1f3bf10640402248,2019-01,North Wales Police,North Wales Police,-4.056116,53.179253,On or near Garneddwen,W01000096,Gwynedd 003C,Other crime,Under investigation,
,2019-01,North Wales Police,North Wales Police,-4.063151,53.181766,On or near Bryntirion,W01000097,Gwynedd 003D,Anti-social behaviour,,
,2019-01,North Wales Police,North Wales Police,-4.060265,53.179649,On or near Parking Area,W01000097,Gwynedd 003D,Anti-social behaviour,,
,2019-01,North Wales Police,North Wales Police,-4.073359,53.185221,On or near Fford Bangor,W01000097,Gwynedd 003D,Anti-social behaviour,,
,2019-01,North Wales Police,North Wales Police,-4.073359,53.185221,On or near Fford Bangor,W01000097,Gwynedd 003D,Anti-social behaviour,,
6ec8d8f95ffb847da60a9717892e3f7ec6033682e999d8ed0ac1bff86373c5c1,2019-01,North Wales Police,North Wales Police,-4.063151,53.181766,On or near Bryntirion,W01000097,Gwynedd 003D,Criminal damage and arson,Unable to prosecute suspect,
fa2bc9ff28309ba342f339f4103a8569726391205db7ad6979f0e86e3c9c1f7e,2019-01,North Wales Police,North Wales Police,-4.066345,53.185325,On or near Maes Coetmor,W01000097,Gwynedd 003D,Vehicle crime,Under investigation,
808d6515274c4fdc0096e7e0124991b5db11932f24be40bea484972a198294ba,2019-01,North Wales Police,North Wales Police,-4.068706,53.182137,On or near Llain Y Pebyll,W01000097,Gwynedd 003D,Violence and sexual offences,Unable to prosecute suspect,
ec8a99f763b8bd132f63cedaa818803443ccae9577f378589d695652b0b937df,2019-01,North Wales Police,North Wales Police,-4.063133,53.180148,On or near Ogwen Street,W01000097,Gwynedd 003D,Violence and sexual offences,Unable to prosecute suspect,
e2d37c600b194c45da293fe34e156943b8044cd956f145fda74efac9e2831be6,2019-01,North Wales Police,North Wales Police,-4.063151,53.181766,On or near Bryntirion,W01000097,Gwynedd 003D,Violence and sexual offences,Under investigation,
f50ec28d76821819ad613f1cbd56f13308a60755cdd2ea1cbc9bfb5490437aef,2019-01,North Wales Police,North Wales Police,-4.068706,53.182137,On or near Llain Y Pebyll,W01000097,Gwynedd 003D,Violence and sexual offences,Unable to prosecute suspect,
e1c0e3bdc58bef35f120f6c8e70c339bedd8b45fe8c6257d2ddc896dc3c05d18,2019-01,North Wales Police,North Wales Police,-4.063786,53.180343,On or near Glanafon Street,W01000097,Gwynedd 003D,Violence and sexual offences,Further investigation is not in the public interest,
c7868ff716daadf209527649bf9b4e63c666c778ff434f620f59e2dbd9e0707b,2019-01,North Wales Police,North Wales Police,-4.063133,53.180148,On or near Ogwen Street,W01000097,Gwynedd 003D,Violence and sexual offences,Unable to prosecute suspect,
d958fb9c01f4d7646aa1a1a9047e6a460fcaf56771b6d2170c82f53516bf70d8,2019-01,North Wales Police,North Wales Police,-4.060265,53.179649,On or near Parking Area,W01000097,Gwynedd 003D,Violence and sexual offences,Under investigation,
eccb2fd703e388463651c6361191ae2f3a6e028f20fca979f70403eb32a8ae86,2019-01,North Wales Police,North Wales Police,-4.063151,53.181766,On or near Bryntirion,W01000097,Gwynedd 003D,Other crime,Under investigation,
0b171010765d336314a6d37f83eac6a4ebcd441d05c214dfc28d38d5b10b4a12,2019-01,North Wales Police,North Wales Police,-4.063151,53.181766,On or near Bryntirion,W01000097,Gwynedd 003D,Other crime,Further investigation is not in the public interest,
1f220b2f1142611ea07ed080eb4f66d7e264ed52a9f34a110ff312cc32bf421f,2019-01,North Wales Police,North Wales Police,-4.063151,53.181766,On or near Bryntirion,W01000097,Gwynedd 003D,Other crime,Under investigation,
47c20f3b8b18396f10a5b3fb20536e08a904fd1c942146051fe193c7aeadc7bd,2019-01,North Wales Police,North Wales Police,-4.063151,53.181766,On or near Bryntirion,W01000097,Gwynedd 003D,Other crime,Further investigation is not in the public interest,
32ace0fda6c742098cac5b06fb786a83183ea478269124daa04a1fd51fab0677,2019-01,North Wales Police,North Wales Police,-4.063151,53.181766,On or near Bryntirion,W01000097,Gwynedd 003D,Other crime,Further investigation is not in the public interest,
cfee5c101ae98473072a4397c3fb642aa5152b371cc6fc4a7f799cf47220d067,2019-01,North Wales Police,North Wales Police,-4.063151,53.181766,On or near Bryntirion,W01000097,Gwynedd 003D,Other crime,Further investigation is not in the public interest,
feb5c3fae719b3925a11888c331a9f23f2326fe9945d116bee717371bfe2a4a4,2019-01,North Wales Police,North Wales Police,-4.063151,53.181766,On or near Bryntirion,W01000097,Gwynedd 003D,Other crime,Further investigation is not in the public interest,
334e6d6773b38aec1f699130230bba59c2f4339337af1a0729955cbc4ec98f0c,2019-01,North Wales Police,North Wales Police,-4.066369,53.181476,On or near Ffordd Bangor,W01000097,Gwynedd 003D,Other crime,Further investigation is not in the public interest,
a601bbd85d3843b9c70b0e2fc583a22b8696d0844948a14093d6b669f37d00e5,2019-01,North Wales Police,North Wales Police,-4.063151,53.181766,On or near Bryntirion,W01000097,Gwynedd 003D,Other crime,Further investigation is not in the public interest,
,2019-01,North Wales Police,North Wales Police,-4.091729,53.191166,On or near Sports/Recreation Area,W01000115,Gwynedd 003E,Anti-social behaviour,,
ecd1cfe7dd69616dcf81728eb034f359b99086706b478c123972e97e5189d8b5,2019-01,North Wales Police,North Wales Police,-4.089137,53.195122,On or near Tal Gae,W01000115,Gwynedd 003E,Burglary,Under investigation,
eb6ae0224c3161a73e918a7ba0ab774fb8229a47ba6598fade87108911055905,2019-01,North Wales Police,North Wales Police,-4.090420,53.192556,On or near Bro Syr Ifor,W01000115,Gwynedd 003E,Violence and sexual offences,Unable to prosecute suspect,
df6709286c696417d459bfdcc8fad75c1ddabaa9eff6a16b90520eb7e4b6fa85,2019-01,North Wales Police,North Wales Police,-4.090420,53.192556,On or near Bro Syr Ifor,W01000115,Gwynedd 003E,Violence and sexual offences,Unable to prosecute suspect,
a5f21ba1e5983a3fb127ecf08ff40a7db20eb90d7e892947076a699061c074a1,2019-01,North Wales Police,North Wales Police,-4.039873,53.118262,On or near Park/Open Space,W01000115,Gwynedd 003E,Violence and sexual offences,Under investigation,
1c27507ca4b18e1c4df0aab0524b724b59a4b1ea47fd61ec0a4a12d5cab81555,2019-01,North Wales Police,North Wales Police,-4.039873,53.118262,On or near Park/Open Space,W01000115,Gwynedd 003E,Violence and sexual offences,Under investigation,
f155a1dd95c887b1c6b7a07eb1de03679cd06494463e62d9f28e7820402d4b11,2019-01,North Wales Police,North Wales Police,-4.090420,53.192556,On or near Bro Syr Ifor,W01000115,Gwynedd 003E,Violence and sexual offences,Further investigation is not in the public interest,
d91bf5a4c78682cc82633f44ef0c431e59388c7561d57d381625a3a2c6b7c948,2019-01,North Wales Police,North Wales Police,-4.089137,53.195122,On or near Tal Gae,W01000115,Gwynedd 003E,Violence and sexual offences,Under investigation,
3662750e12f7e10761697de0a958a3c33f80689b05074537d0cef5fd0df181a6,2019-01,North Wales Police,North Wales Police,-4.203155,53.167075,On or near Rhos,W01000052,Gwynedd 004A,Other theft,Under investigation,
e1df2b060d2add88eff2fa5c4b9965eb83f57e83336984c27045bd731bd559e3,2019-01,North Wales Police,North Wales Police,-4.201479,53.166198,On or near Stryd Ganol,W01000052,Gwynedd 004A,Public order,Unable to prosecute suspect,
,2019-01,North Wales Police,North Wales Police,-4.166498,53.139139,On or near Allt Goch,W01000053,Gwynedd 004B,Anti-social behaviour,,
,2019-01,North Wales Police,North Wales Police,-4.168000,53.143131,On or near Petrol Station,W01000053,Gwynedd 004B,Anti-social behaviour,,
,2019-01,North Wales Police,North Wales Police,-4.233823,53.144287,On or near Llanberis Road,W01000053,Gwynedd 004B,Anti-social behaviour,,
904c9cec29c8f6bb96c890edec0a9b3afd6a5855d805274259b6f6550766d4c4,2019-01,North Wales Police,North Wales Police,-4.168000,53.143131,On or near Petrol Station,W01000053,Gwynedd 004B,Other theft,Investigation complete; no suspect identified,
fb20586055efc49aa469681395e44b709d46693541ebc2674c1203360ecc055f,2019-01,North Wales Police,North Wales Police,-4.168000,53.143131,On or near Petrol Station,W01000053,Gwynedd 004B,Other theft,Under investigation,
049138d7b27a5a0e8b96c7dbb9d2a68d2611e56e32a33b51e92dd3ca1c3d4ea3,2019-01,North Wales Police,North Wales Police,-4.172431,53.145586,On or near Dol Afon,W01000053,Gwynedd 004B,Violence and sexual offences,Unable to prosecute suspect,
,2019-01,North Wales Police,North Wales Police,-4.191776,53.148126,On or near Corlan Yr Rhos,W01000087,Gwynedd 004C,Anti-social behaviour,,
a26f86df8246d4c4298261e27c86c929dcbd06eabfab0624dccbbd0377ae8767,2019-01,North Wales Police,North Wales Police,-4.191726,53.148918,On or near Cefn Elan,W01000087,Gwynedd 004C,Other theft,Under investigation,
a9225f144541ac9d5494dc21d4d1c6aa3bbab2bf720ad6cc0a5506cd7bdc0959,2019-01,North Wales Police,North Wales Police,-4.191776,53.148126,On or near Corlan Yr Rhos,W01000087,Gwynedd 004C,Other theft,Under investigation,
f1d717d73fb3219deeb4849660fa204828288dbf56dfeb53f3e990bbc8e8347f,2019-01,North Wales Police,North Wales Police,-4.191776,53.148126,On or near Corlan Yr Rhos,W01000087,Gwynedd 004C,Other theft,Under investigation,
b6c343d8a2d5bc32d32ca082f79496fd488becb079a3eafc8aa9f8d6c438311a,2019-01,North Wales Police,North Wales Police,-4.191776,53.148126,On or near Corlan Yr Rhos,W01000087,Gwynedd 004C,Shoplifting,Under investigation,
5d47f3f58116c93e528783a225cf14a03a9b9fa6be67bd2e2033aac9dc12867b,2019-01,North Wales Police,North Wales Police,-4.179198,53.146936,On or near Sports/Recreation Area,W01000087,Gwynedd 004C,Violence and sexual offences,Unable to prosecute suspect,
518937736a20c9ac3ab9734f7fe3500471b1e25d04ed89a11fd671204a188289,2019-01,North Wales Police,North Wales Police,-4.179198,53.146936,On or near Sports/Recreation Area,W01000087,Gwynedd 004C,Violence and sexual offences,Under investigation,
53f2545b79d8ea1c4c809e1e7596aa62ae831855c11a7dea9a968d362e0dedad,2019-01,North Wales Police,North Wales Police,-4.179198,53.146936,On or near Sports/Recreation Area,W01000087,Gwynedd 004C,Violence and sexual offences,Unable to prosecute suspect,
9f28a746f4c025a0e4a46c60910a41efe1959edcdc8a50e3b6bd1e17a04d2ac8,2019-01,North Wales Police,North Wales Police,-4.193245,53.147317,On or near Gwel Fynydd,W01000087,Gwynedd 004C,Violence and sexual offences,Unable to prosecute suspect,
d439cd6c9bfb31096d4361131875e7890bdf93b6ded49cad34363328c215da68,2019-01,North Wales Police,North Wales Police,-4.193154,53.148766,On or near Hafan Elan,W01000087,Gwynedd 004C,Violence and sexual offences,Under investigation,
,2019-01,North Wales Police,North Wales Police,-4.210185,53.183920,On or near Snowdon Street,W01000119,Gwynedd 004D,Anti-social behaviour,,
,2019-01,North Wales Police,North Wales Police,-4.210185,53.183920,On or near Snowdon Street,W01000119,Gwynedd 004D,Anti-social behaviour,,
983120c5cc15cf03ce3ba57a993c929235edb3cf7124dd11654ef70da4231113,2019-01,North Wales Police,North Wales Police,-4.205822,53.188145,On or near Ffordd Siabod,W01000119,Gwynedd 004D,Criminal damage and arson,Under investigation,
be9f665d3f289f713098ba205790f39021920ebe310095cc4408bc71677131ec,2019-01,North Wales Police,North Wales Police,-4.210185,53.183920,On or near Snowdon Street,W01000119,Gwynedd 004D,Criminal damage and arson,Investigation complete; no suspect identified,
1269a029514e1e2ed59a95086fab6b4cd009a05320d88468082a5eaaa2fb08e7,2019-01,North Wales Police,North Wales Police,-4.214103,53.179801,On or near Brynffynnon Road,W01000119,Gwynedd 004D,Other theft,Investigation complete; no suspect identified,
5cc8409a8c254f49804c48f9e9175373ce20ef58034329bb8cce2d1776409429,2019-01,North Wales Police,North Wales Police,-4.208042,53.186495,On or near Parking Area,W01000119,Gwynedd 004D,Other crime,Under investigation,
21190dcdbfe8df1c3af915c9c190f26b6f5a951566a50a5694a763ddcb755d6b,2019-01,North Wales Police,North Wales Police,-4.214103,53.179801,On or near Brynffynnon Road,W01000119,Gwynedd 004D,Other crime,Investigation complete; no suspect identified,
,2019-01,North Wales Police,North Wales Police,-4.133684,53.145846,On or near Stad Hafod,W01000063,Gwynedd 005A,Anti-social behaviour,,
,2019-01,North Wales Police,North Wales Police,-4.125437,53.146920,On or near Stryd Fawr,W01000063,Gwynedd 005A,Anti-social behaviour,,
,2019-01,North Wales Police,North Wales Police,-4.124312,53.146238,On or near Lon Tai Castell,W01000063,Gwynedd 005A,Anti-social behaviour,,
,2019-01,North Wales Police,North Wales Police,-4.129153,53.145846,On or near Sports/Recreation Area,W01000063,Gwynedd 005A,Anti-social behaviour,,
,2019-01,North Wales Police,North Wales Police,-4.115941,53.121978,On or near Parking Area,W01000063,Gwynedd 005A,Anti-social behaviour,,
,2019-01,North Wales Police,North Wales Police,-4.129153,53.145846,On or near Sports/Recreation Area,W01000063,Gwynedd 005A,Anti-social behaviour,,
e8267a73c54816013cf9bf38a40a61d6a0eae18c4607eec8fded2388268faf07,2019-01,North Wales Police,North Wales Police,-4.133684,53.145846,On or near Stad Hafod,W01000063,Gwynedd 005A,Burglary,Investigation complete; no suspect identified,
c9bda25831193333cf11040d0b641ab9da5607fea0e8ea5141452aee00f91c1b,2019-01,North Wales Police,North Wales Police,-4.133684,53.145846,On or near Stad Hafod,W01000063,Gwynedd 005A,Burglary,Investigation complete; no suspect identified,
e2155f83e3d2cdd3667ee5e4ee10d6eab7de8f061de665df859fbe0fc11055e6,2019-01,North Wales Police,North Wales Police,-4.133684,53.145846,On or near Stad Hafod,W01000063,Gwynedd 005A,Burglary,Investigation complete; no suspect identified,
a218abad0304d1a3a6c6be5713d933860ef2aedbed9a17b769a523c3bea6bede,2019-01,North Wales Police,North Wales Police,-4.133684,53.145846,On or near Stad Hafod,W01000063,Gwynedd 005A,Burglary,Investigation complete; no suspect identified,
6748ae04d5af931e62606a1e9c6c749dc5e5a5b2081d1d0396e51f0c10eff748,2019-01,North Wales Police,North Wales Police,-4.129153,53.145846,On or near Sports/Recreation Area,W01000063,Gwynedd 005A,Criminal damage and arson,Offender given conditional discharge,
529163a3a0ea9495c4248eb64f2bf69009efad466e2788da6a36c9a6061a248f,2019-01,North Wales Police,North Wales Police,-4.115616,53.133312,On or near Sports/Recreation Area,W01000063,Gwynedd 005A,Criminal damage and arson,Unable to prosecute suspect,
4eea19513e1aada93f6669e4930c5090503139ab58442c55daf4673845391267,2019-01,North Wales Police,North Wales Police,-4.124312,53.146238,On or near Lon Tai Castell,W01000063,Gwynedd 005A,Violence and sexual offences,Under investigation,
ab8811a8e78c6018d8611011aa3bea1b5f8c93d3fbf346bf178446af135bdb95,2019-01,North Wales Police,North Wales Police,-4.129153,53.145846,On or near Sports/Recreation Area,W01000063,Gwynedd 005A,Violence and sexual offences,Unable to prosecute suspect,
ad274638c878188963404e3bd769b3d91efd411ff11d7b47e2a86d7af2ca9bec,2019-01,North Wales Police,North Wales Police,-4.115941,53.121978,On or near Parking Area,W01000063,Gwynedd 005A,Violence and sexual offences,Under investigation,
36d69073272fbecdd85602721b35f571d49708bce0b6a3ae63324aa150f25577,2019-01,North Wales Police,North Wales Police,-4.124312,53.146238,On or near Lon Tai Castell,W01000063,Gwynedd 005A,Violence and sexual offences,Under investigation,
eca6fcf34ced3b2dc8a81249498b07c1ff812cc19d8536fecae249d7585f613a,2019-01,North Wales Police,North Wales Police,-4.129153,53.145846,On or near Sports/Recreation Area,W01000063,Gwynedd 005A,Violence and sexual offences,Unable to prosecute suspect,
9f079d108737a33e42bd8e4790436ba3342ee52251593342cf45a68bfa701c3a,2019-01,North Wales Police,North Wales Police,-4.133684,53.145846,On or near Stad Hafod,W01000063,Gwynedd 005A,Violence and sexual offences,Under investigation,
,2019-01,North Wales Police,North Wales Police,-4.121585,53.115485,On or near Dol Eilian,W01000081,Gwynedd 005B,Anti-social behaviour,,
bc96d391412cc0986bed358d67f0620248828197b2d6b181cde854c0a42ca981,2019-01,North Wales Police,North Wales Police,-4.137192,53.099957,On or near Park/Open Space,W01000081,Gwynedd 005B,Burglary,Under investigation,
1cd07fc939075a0854630f85533df097d11663e1716530f3ce721628989aa442,2019-01,North Wales Police,North Wales Police,-4.128360,53.121954,On or near Stryd Tyrner,W01000081,Gwynedd 005B,Violence and sexual offences,Awaiting court outcome,
2ccc076c33342e59a404600e0325f775fc99b79892f2fe01056596518c3a7173,2019-01,North Wales Police,North Wales Police,-4.125340,53.119221,On or near Padarn Road,W01000081,Gwynedd 005B,Violence and sexual offences,Awaiting court outcome,
f9cb1af38403419e20938d7f6fa21004536846ce443ef478b308384670c60c30,2019-01,North Wales Police,North Wales Police,-4.125340,53.119221,On or near Padarn Road,W01000081,Gwynedd 005B,Violence and sexual offences,Awaiting court outcome,
,2019-01,North Wales Police,North Wales Police,-4.127015,53.169143,On or near Bakehouse Street,W01000099,Gwynedd 005C,Anti-social behaviour,,
,2019-01,North Wales Police,North Wales Police,-4.139348,53.159006,On or near Petrol Station,W01000099,Gwynedd 005C,Anti-social behaviour,,
f1e449173e160d5594e44643bf1d2d173313393e1ad5d022bf0870b7b2cccec4,2019-01,North Wales Police,North Wales Police,-4.155104,53.143581,On or near Sports/Recreation Area,W01000099,Gwynedd 005C,Burglary,Investigation complete; no suspect identified,
9d68646b016588b53eadd37df9229e8328258346b1e7e74346ec982fad114ddd,2019-01,North Wales Police,North Wales Police,-4.155104,53.143581,On or near Sports/Recreation Area,W01000099,Gwynedd 005C,Burglary,Investigation complete; no suspect identified,
ab9f14e9b372731cccfce8f7fa50c0e7f7333a6e62fdccccaac972366ef3718c,2019-01,North Wales Police,North Wales Police,-4.171087,53.149782,On or near Craig Y Dinas,W01000099,Gwynedd 005C,Criminal damage and arson,Investigation complete; no suspect identified,
ee70f2c6512c5e3c4bf1d64f892c04f08da8ff296b132c8030f6af71cc6561c3,2019-01,North Wales Police,North Wales Police,-4.155104,53.143581,On or near Sports/Recreation Area,W01000099,Gwynedd 005C,Public order,Unable to prosecute suspect,
38cda1d6a899cd9c821f95b782c9fd29e4db68d0061ca72a6294bc81ccef5b85,2019-01,North Wales Police,North Wales Police,-4.162802,53.153349,On or near Bryn Tirion,W01000099,Gwynedd 005C,Violence and sexual offences,Under investigation,
9343c338f03664a97cef54823034cd210c90cae00db3645f8c33a48e90b173ae,2019-01,North Wales Police,North Wales Police,-4.128933,53.169819,On or near Creau Gleision,W01000099,Gwynedd 005C,Violence and sexual offences,Unable to prosecute suspect,
,2019-01,North Wales Police,North Wales Police,-4.172790,53.208649,On or near Glan Menai,W01000103,Gwynedd 005D,Anti-social behaviour,,
f7f162dbce70785ca50013b4811d26c17f8af80c8bc400d5e8c7c04fc4d33804,2019-01,North Wales Police,North Wales Police,-4.133843,53.180709,On or near A4244,W01000103,Gwynedd 005D,Other theft,Investigation complete; no suspect identified,
3903be3b3319a48d256d42d112a28946007d3c7d0ed3c5687fe583d1121ceea3,2019-01,North Wales Police,North Wales Police,-4.172790,53.208649,On or near Glan Menai,W01000103,Gwynedd 005D,Public order,Under investigation,
ca8cd5c66a1425f98721155d5753756b38f5b910b43f5c1890195d6eaa9684ab,2019-01,North Wales Police,North Wales Police,-4.180212,53.206463,On or near Ffordd Y Llyn,W01000103,Gwynedd 005D,Violence and sexual offences,Investigation complete; no suspect identified,
,2019-01,North Wales Police,North Wales Police,-4.259218,53.143224,On or near Maes Heulog,W01000059,Gwynedd 006A,Anti-social behaviour,,
,2019-01,North Wales Police,North Wales Police,-4.261367,53.142284,On or near Cefn Cadnant,W01000059,Gwynedd 006A,Anti-social behaviour,,
,2019-01,North Wales Police,North Wales Police,-4.261367,53.142284,On or near Cefn Cadnant,W01000059,Gwynedd 006A,Anti-social behaviour,,
,2019-01,North Wales Police,North Wales Police,-4.261367,53.142284,On or near Cefn Cadnant,W01000059,Gwynedd 006A,Anti-social behaviour,,
,2019-01,North Wales Police,North Wales Police,-4.273329,53.140006,On or near Supermarket,W01000059,Gwynedd 006A,Anti-social behaviour,,
,2019-01,North Wales Police,North Wales Police,-4.273954,53.140246,On or near Bridge Street,W01000059,Gwynedd 006A,Anti-social behaviour,,
,2019-01,North Wales Police,North Wales Police,-4.257745,53.145634,On or near Ffordd Glasgoed,W01000059,Gwynedd 006A,Anti-social behaviour,,
,2019-01,North Wales Police,North Wales Police,-4.272352,53.139917,On or near Parking Area,W01000059,Gwynedd 006A,Anti-social behaviour,,
,2019-01,North Wales Police,North Wales Police,-4.263603,53.144983,On or near Cae Berllan,W01000059,Gwynedd 006A,Anti-social behaviour,,
,2019-01,North Wales Police,North Wales Police,-4.263603,53.144983,On or near Cae Berllan,W01000059,Gwynedd 006A,Anti-social behaviour,,
80b406aa984b6a710746660f21b63a9ba1fb3c9fca52f864a8ec787463cd6f08,2019-01,North Wales Police,North Wales Police,-4.272706,53.139820,On or near Pool Hill,W01000059,Gwynedd 006A,Burglary,Unable to prosecute suspect,
ca0d61c4f7ac84662d959494a2ec197ffa6c45cf00d993ba3cea1e0d78d68840,2019-01,North Wales Police,North Wales Police,-4.259304,53.146558,On or near Ffordd Cwellyn,W01000059,Gwynedd 006A,Criminal damage and arson,Defendant found not guilty,
c10e5a1e6e64a57913db9c6d1e0baf6f3f2e753fa4d526d995966b21054aae80,2019-01,North Wales Police,North Wales Police,-4.273954,53.140246,On or near Bridge Street,W01000059,Gwynedd 006A,Criminal damage and arson,Awaiting court outcome,
be6c965058f718ac781412889c52dcb2e0c1aa44910930c9094f6568322b57f2,2019-01,North Wales Police,North Wales Police,-4.262836,53.142355,On or near Glan Cadnant,W01000059,Gwynedd 006A,Criminal damage and arson,Offender given conditional discharge,
3f868b3347a91906ed015753cb594a37183441b7b0b251d771a24e1f0a0edfc9,2019-01,North Wales Police,North Wales Police,-4.272706,53.139820,On or near Pool Hill,W01000059,Gwynedd 006A,Criminal damage and arson,Investigation complete; no suspect identified,
4227537856582968efd4f6bc6f885bc459e480a409c571524099212624f1596d,2019-01,North Wales Police,North Wales Police,-4.272686,53.140567,On or near South Penrallt,W01000059,Gwynedd 006A,Criminal damage and arson,Investigation complete; no suspect identified,
a7b0b8ec531cba8db5c925f6c855bd3e1491e97d64d585080f5aaf3d41dcf6ac,2019-01,North Wales Police,North Wales Police,-4.262836,53.142355,On or near Glan Cadnant,W01000059,Gwynedd 006A,Drugs,Awaiting court outcome,
caba8d5d656f60792455951db74b453880f30ff094b9e039f182a945a48c56a9,2019-01,North Wales Police,North Wales Police,-4.272686,53.140567,On or near South Penrallt,W01000059,Gwynedd 006A,Other theft,Unable to prosecute suspect,
3f697449c4884249a0ed9f363a840e4b992fba7554ab614b935480d688c43f90,2019-01,North Wales Police,North Wales Police,-4.270353,53.139991,On or near Pedestrian Subway,W01000059,Gwynedd 006A,Public order,Unable to prosecute suspect,
60edfb13e15a208f9fa30498073d7771324f49180601c497c21aaf11991fc9b5,2019-01,North Wales Police,North Wales Police,-4.273954,53.140246,On or near Bridge Street,W01000059,Gwynedd 006A,Public order,Investigation complete; no suspect identified,
696cb8203767f671ac7b1e478537f0e3978771c7ff059ed0565e53f26677fe88,2019-01,North Wales Police,North Wales Police,-4.270353,53.139991,On or near Pedestrian Subway,W01000059,Gwynedd 006A,Public order,Under investigation,
ed471f411c649cee0a9254f61d4a325d37fc00ee123b6397301079bef412c721,2019-01,North Wales Police,North Wales Police,-4.272706,53.139820,On or near Pool Hill,W01000059,Gwynedd 006A,Public order,Unable to prosecute suspect,
ac2fb142a4abb411e432e32a95d4d20f151100ac29ae7d2863eb179af73c0fa3,2019-01,North Wales Police,North Wales Police,-4.272706,53.139820,On or near Pool Hill,W01000059,Gwynedd 006A,Shoplifting,Offender fined,
73034d6ad10085aeaa7d6e401ab42133033f44469a11bc172bb8b2d59b5ff209,2019-01,North Wales Police,North Wales Police,-4.272706,53.139820,On or near Pool Hill,W01000059,Gwynedd 006A,Violence and sexual offences,Under investigation,
07e8d20663aea973c73e9c2892e8a0b7d6684e9b99d692e1097fb536a38e90df,2019-01,North Wales Police,North Wales Police,-4.261367,53.142284,On or near Cefn Cadnant,W01000059,Gwynedd 006A,Violence and sexual offences,Unable to prosecute suspect,
cab4bab4f6a7b133ac9f68f5d721426a5efcee20954e20c53e7d52de97450495,2019-01,North Wales Police,North Wales Police,-4.259218,53.143224,On or near Maes Heulog,W01000059,Gwynedd 006A,Violence and sexual offences,Under investigation,
1b9b587b153db4ce64da716fe12bfe3f4c54214df4383bebb395abcd5c43f890,2019-01,North Wales Police,North Wales Police,-4.259218,53.143224,On or near Maes Heulog,W01000059,Gwynedd 006A,Violence and sexual offences,Under investigation,
6b7349db990fecf0b9ec1151c09c841c1017ccbee9adc889f8b304cd0de9fb2b,2019-01,North Wales Police,North Wales Police,-4.265951,53.140740,On or near Lon Ysgol Rad,W01000059,Gwynedd 006A,Violence and sexual offences,Under investigation,
96f9d259bc5451ac064c0e7556711e81ddcc846220c5a6a251b351b237362607,2019-01,North Wales Police,North Wales Police,-4.273954,53.140246,On or near Bridge Street,W01000059,Gwynedd 006A,Violence and sexual offences,Unable to prosecute suspect,
7bcd42e807e885cccc1a39e589e040b5e69a46611449c7ccd28968f2db0c419c,2019-01,North Wales Police,North Wales Police,-4.273954,53.140246,On or near Bridge Street,W01000059,Gwynedd 006A,Violence and sexual offences,Unable to prosecute suspect,
1c8df938737d71715c46bfa3c202efa6ebf6031807bd1aae867cc51304dc93e2,2019-01,North Wales Police,North Wales Police,-4.273329,53.140006,On or near Supermarket,W01000059,Gwynedd 006A,Violence and sexual offences,Unable to prosecute suspect,
6b8ba9697ae4d94cf6cfec0e270e3421a77df55d8d83a31a330f7fc4a155589f,2019-01,North Wales Police,North Wales Police,-4.273329,53.140006,On or near Supermarket,W01000059,Gwynedd 006A,Violence and sexual offences,Unable to prosecute suspect,
1c44137257a3b94241ebab746b6249d93c80acd3c62de25913ac2ddf9ae422e4,2019-01,North Wales Police,North Wales Police,-4.259218,53.143224,On or near Maes Heulog,W01000059,Gwynedd 006A,Violence and sexual offences,Unable to prosecute suspect,
53ec1e02358e2961788f85d6d85678bab6c2f979a10519957203ac2ec9dd27df,2019-01,North Wales Police,North Wales Police,-4.269171,53.140553,On or near Pedestrian Subway,W01000059,Gwynedd 006A,Violence and sexual offences,Under investigation,
5d2e71a8834b38da022a0bfd22e477bb901fd270eafe363c63f699123df4c50b,2019-01,North Wales Police,North Wales Police,-4.273954,53.140246,On or near Bridge Street,W01000059,Gwynedd 006A,Violence and sexual offences,Under investigation,
c525473c13b8e535b330ac659a3a29430fcee9bcf835706fcd099f3683243bb4,2019-01,North Wales Police,North Wales Police,-4.259218,53.143224,On or near Maes Heulog,W01000059,Gwynedd 006A,Violence and sexual offences,Under investigation,
a4fc8cdededce9eb6ce6bee1ab577170264fce6f5b13b2a7d1d23dd34c9bf18d,2019-01,North Wales Police,North Wales Police,-4.269171,53.140553,On or near Pedestrian Subway,W01000059,Gwynedd 006A,Violence and sexual offences,Under investigation,
7fcbb047d2662d62e5f9e10b9735991267621f9388ae6c7f3bdd9823adf02fd2,2019-01,North Wales Police,North Wales Police,-4.259304,53.146558,On or near Ffordd Cwellyn,W01000059,Gwynedd 006A,Violence and sexual offences,Unable to prosecute suspect,
299b50d156a5dc888fa52276c2246439d0f0f23a6d845b2fa1cd9fb81276a9df,2019-01,North Wales Police,North Wales Police,-4.261367,53.142284,On or near Cefn Cadnant,W01000059,Gwynedd 006A,Violence and sexual offences,Further investigation is not in the public interest,
5bf0d2c3682edd54b8e06268a43bfca6f115d153179cabfb73404f19853a217a,2019-01,North Wales Police,North Wales Police,-4.273954,53.140246,On or near Bridge Street,W01000059,Gwynedd 006A,Violence and sexual offences,Under investigation,
9f7a91419b51e5ab282ddd43cdb98385674232d0bde861157eb3c3b68ab103e2,2019-01,North Wales Police,North Wales Police,-4.273954,53.140246,On or near Bridge Street,W01000059,Gwynedd 006A,Violence and sexual offences,Awaiting court outcome,
49bbf5347bb6bccd0af823a1878ba56c84b90e9fef12bedcbecd911c4c300fdf,2019-01,North Wales Police,North Wales Police,-4.272686,53.140567,On or near South Penrallt,W01000059,Gwynedd 006A,Violence and sexual offences,Offender given community sentence,
2451f4edd5314772766b7e5b0ab739ec9080661f3b5bd235b94301562996a2a0,2019-01,North Wales Police,North Wales Police,-4.262836,53.142355,On or near Glan Cadnant,W01000059,Gwynedd 006A,Violence and sexual offences,Unable to prosecute suspect,
a1e2e85019c1248a2b2d3ac3c557b9668c9e6d61d764eba4436bc898ebd43e82,2019-01,North Wales Police,North Wales Police,-4.273954,53.140246,On or near Bridge Street,W01000059,Gwynedd 006A,Violence and sexual offences,Under investigation,
bd1a40eddde6f480a8e01a611c05251f63a401ca7bb6d8836ba8a0d61b6b6ce0,2019-01,North Wales Police,North Wales Police,-4.273954,53.140246,On or near Bridge Street,W01000059,Gwynedd 006A,Violence and sexual offences,Under investigation,
26d389435720d1507aa0588eaa2b9f8b4827fa654a7afd670290ec555b364347,2019-01,North Wales Police,North Wales Police,-4.273954,53.140246,On or near Bridge Street,W01000059,Gwynedd 006A,Violence and sexual offences,Under investigation,
,2019-01,North Wales Police,North Wales Police,-4.267340,53.147798,On or near North Road,W01000093,Gwynedd 006B,Anti-social behaviour,,
,2019-01,North Wales Police,North Wales Police,-4.268704,53.142180,On or near Heol Elinor,W01000093,Gwynedd 006B,Anti-social behaviour,,
,2019-01,North Wales Police,North Wales Police,-4.277512,53.141347,On or near Stryd Yr Eglwys,W01000093,Gwynedd 006B,Anti-social behaviour,,
,2019-01,North Wales Police,North Wales Police,-4.275072,53.143290,On or near Parking Area,W01000093,Gwynedd 006B,Anti-social behaviour,,
,2019-01,North Wales Police,North Wales Police,-4.272279,53.144485,On or near Supermarket,W01000093,Gwynedd 006B,Anti-social behaviour,,
,2019-01,North Wales Police,North Wales Police,-4.273629,53.141160,On or near Allt Pafiliwn,W01000093,Gwynedd 006B,Anti-social behaviour,,
,2019-01,North Wales Police,North Wales Police,-4.274800,53.142387,On or near Rhes Priordy,W01000093,Gwynedd 006B,Anti-social behaviour,,
,2019-01,North Wales Police,North Wales Police,-4.265663,53.148900,On or near Lly'S Meirion,W01000093,Gwynedd 006B,Anti-social behaviour,,
,2019-01,North Wales Police,North Wales Police,-4.273629,53.141160,On or near Allt Pafiliwn,W01000093,Gwynedd 006B,Anti-social behaviour,,
,2019-01,North Wales Police,North Wales Police,-4.275314,53.143331,On or near Theatre/Concert Hall,W01000093,Gwynedd 006B,Anti-social behaviour,,
,2019-01,North Wales Police,North Wales Police,-4.274800,53.142387,On or near Rhes Priordy,W01000093,Gwynedd 006B,Anti-social behaviour,,
f4e6e345f0cd8e3b0fd929855f103da9451986d9d7d2ebb846fcc50fb1ce9ac6,2019-01,North Wales Police,North Wales Police,-4.266681,53.144098,On or near Pen-Y-Garth,W01000093,Gwynedd 006B,Burglary,Investigation complete; no suspect identified,
89affc2c9dbd7399cf82c78b79922d9cccb672c2806e14c7914bd975eb24ac86,2019-01,North Wales Police,North Wales Police,-4.269244,53.141936,On or near Heol Edward,W01000093,Gwynedd 006B,Criminal damage and arson,Under investigation,
6cbec73d1c4a554d5c8820e6cfb89beeab2520d6fbe3bc47e67ed1327f8e759f,2019-01,North Wales Police,North Wales Police,-4.275904,53.141197,On or near Stryd Pedwara Chwech,W01000093,Gwynedd 006B,Criminal damage and arson,Offender given conditional discharge,
e3d29e43a7705eb36b6652ca0efa6af95c24dadd175442429020c5088d244fe8,2019-01,North Wales Police,North Wales Police,-4.275072,53.143290,On or near Parking Area,W01000093,Gwynedd 006B,Other theft,Offender given community sentence,
a3c816dd4c1cedb848d4238e17a1fbf2d56428c6bb9082f3c06b56a70dd1e4ba,2019-01,North Wales Police,North Wales Police,-4.275072,53.143290,On or near Parking Area,W01000093,Gwynedd 006B,Other theft,Investigation complete; no suspect identified,
30e4afca7c4261e99622acc93a0a731986de817e1281e8a67a33bbc7ce551c65,2019-01,North Wales Police,North Wales Police,-4.272279,53.144485,On or near Supermarket,W01000093,Gwynedd 006B,Other theft,Investigation complete; no suspect identified,
639b99c4ee09c5270e7cb4a3997dbeab7cbfce24e2947102e06a0b2aa96b5ce5,2019-01,North Wales Police,North Wales Police,-4.274800,53.142387,On or near Rhes Priordy,W01000093,Gwynedd 006B,Public order,Under investigation,
14405ef1f41d291de04fceb86fad5f57da1df9e389985015698d9f96913e7057,2019-01,North Wales Police,North Wales Police,-4.274800,53.142387,On or near Rhes Priordy,W01000093,Gwynedd 006B,Public order,Investigation complete; no suspect identified,
3d1f9fb1a7f8fff451f06b0ae4325d17d37102d8549fd9f848440775556985ea,2019-01,North Wales Police,North Wales Police,-4.273629,53.141160,On or near Allt Pafiliwn,W01000093,Gwynedd 006B,Public order,Under investigation,
8925baaa153dab61cec4cd9a171249ca8c603ba0dc82ec9aa50846c212342465,2019-01,North Wales Police,North Wales Police,-4.274800,53.142387,On or near Rhes Priordy,W01000093,Gwynedd 006B,Shoplifting,Investigation complete; no suspect identified,
3c0da9c9e1bb26fa31ed7d59437996283870761b12415fda69d275ab07bada83,2019-01,North Wales Police,North Wales Police,-4.275072,53.143290,On or near Parking Area,W01000093,Gwynedd 006B,Vehicle crime,Investigation complete; no suspect identified,
24c219ba87d6a78fab34f10f0d8c005f1465f6a82d10a1c55f71818e4688b9e4,2019-01,North Wales Police,North Wales Police,-4.270244,53.142178,On or near Twthill East,W01000093,Gwynedd 006B,Violence and sexual offences,Unable to prosecute suspect,
db56b5a06b68a26eaec58675c0e424905b0edcaaaaf25fdbb05b2bc83caf2648,2019-01,North Wales Police,North Wales Police,-4.275904,53.141197,On or near Stryd Pedwara Chwech,W01000093,Gwynedd 006B,Violence and sexual offences,Unable to prosecute suspect,
4c612514447bb64f65f36dcbdfb6396979fcb04ef4e77101386bda6121fa6c85,2019-01,North Wales Police,North Wales Police,-4.275072,53.143290,On or near Parking Area,W01000093,Gwynedd 006B,Violence and sexual offences,Further investigation is not in the public interest,
7ccd7961a5a127540d6696539d135c5ba98fc02f5fefb6bc05a286e002c8dec4,2019-01,North Wales Police,North Wales Police,-4.274332,53.140886,On or near Glan Mor Ucha,W01000093,Gwynedd 006B,Violence and sexual offences,Under investigation,
98341228b1db9f741af8e5df43e52e3605e917b34dba4b9bab8fd88aa54d23da,2019-01,North Wales Police,North Wales Police,-4.270244,53.142178,On or near Twthill East,W01000093,Gwynedd 006B,Violence and sexual offences,Unable to prosecute suspect,
de400102756fa5e5e6e6f929f6493d8352536eb68bcf80ea39c824b69540536a,2019-01,North Wales Police,North Wales Police,-4.267159,53.146642,On or near Lon Cambell,W01000093,Gwynedd 006B,Violence and sexual offences,Formal action is not in the public interest,
,2019-01,North Wales Police,North Wales Police,-4.250613,53.140510,On or near Lon Cae Ffynnon,W01000098,Gwynedd 006C,Anti-social behaviour,,
,2019-01,North Wales Police,North Wales Police,-4.260562,53.138064,On or near Lon Eilian,W01000098,Gwynedd 006C,Anti-social behaviour,,
77651a64c0eb49b2a419a3e6f01429b8fdd2e06436aad81671579b1c695dd282,2019-01,North Wales Police,North Wales Police,-4.262949,53.137956,On or near Cil Peblig,W01000098,Gwynedd 006C,Criminal damage and arson,Investigation complete; no suspect identified,
ea8a88885ddcc8fcf3dc0e4d0f0f8e1d8774ee5d363a7d771218dbc8f7aa0928,2019-01,North Wales Police,North Wales Police,-4.263824,53.139252,On or near Cil Isaf,W01000098,Gwynedd 006C,Criminal damage and arson,Unable to prosecute suspect,
e3dd15fbf8eed96294d1154f8c420f0f05f0c8efd5b0d844eb3fcdef33363efe,2019-01,North Wales Police,North Wales Police,-4.267926,53.138500,On or near Vaynol Street,W01000098,Gwynedd 006C,Criminal damage and arson,Unable to prosecute suspect,
1457c446e3e50b39b3b7546290615f15124a1ce87a0e647c9a9b9d26cc8ff51e,2019-01,North Wales Police,North Wales Police,-4.265396,53.139843,On or near Ffordd Ysgubor Goch,W01000098,Gwynedd 006C,Other theft,Action to be taken by another organisation,
ee916a3de593f7978c50f19742e8bb958e4cd7a62a7b3d0391a38e794f255c8a,2019-01,North Wales Police,North Wales Police,-4.261511,53.139053,On or near Ffordd Maes Barcer,W01000098,Gwynedd 006C,Shoplifting,Awaiting court outcome,
22adfb7fee415d317a7c5c7b2d2eee39dd7e2e006beaf96b44d36bd46c501caa,2019-01,North Wales Police,North Wales Police,-4.266267,53.139062,On or near Pendalar,W01000098,Gwynedd 006C,Violence and sexual offences,Unable to prosecute suspect,
ea02a91189837ba2888382307526b05e910c4902dafa716bd41144d6ef669611,2019-01,North Wales Police,North Wales Police,-4.266267,53.139062,On or near Pendalar,W01000098,Gwynedd 006C,Violence and sexual offences,Unable to prosecute suspect,
1a9f89f44aaccf9b13963e7d61d1bc28b14e041ece1b6ff8801c261b35355d47,2019-01,North Wales Police,North Wales Police,-4.255665,53.138760,On or near Ffordd Wern,W01000098,Gwynedd 006C,Violence and sexual offences,Unable to prosecute suspect,
4dd532fc47f534d90c8afb292226cd77771ecf5619050ccfca930731ed2a3d87,2019-01,North Wales Police,North Wales Police,-4.261193,53.137252,On or near Lon Helen,W01000098,Gwynedd 006C,Violence and sexual offences,Formal action is not in the public interest,
7d7c3bbacf903dd415d5c27e681954f666788ee17757ba0ea3ec779692188e59,2019-01,North Wales Police,North Wales Police,-4.257213,53.138353,On or near Ffordd Coed Marion,W01000098,Gwynedd 006C,Violence and sexual offences,Investigation complete; no suspect identified,
fbf6e3823daf3ab1e46d142c2699e4639759e16189171b9595b52810a7d39e65,2019-01,North Wales Police,North Wales Police,-4.261193,53.137252,On or near Lon Helen,W01000098,Gwynedd 006C,Violence and sexual offences,Formal action is not in the public interest,
3008668c4f6f84c5666e5c5cbbf838a6711d08cf319bd261522ad14750ea2d07,2019-01,North Wales Police,North Wales Police,-4.263824,53.139252,On or near Cil Isaf,W01000098,Gwynedd 006C,Violence and sexual offences,Unable to prosecute suspect,
d4677b66417be18ea77b029fd87a3e7b0894fd35bfb8456855016f24356491c8,2019-01,North Wales Police,North Wales Police,-4.263160,53.138276,On or near Cae'R Saint,W01000098,Gwynedd 006C,Violence and sexual offences,Unable to prosecute suspect,
629e2373d57749032789ff3717ba584b19e2e964d994004581762eda7af7cbc2,2019-01,North Wales Police,North Wales Police,-4.266267,53.139062,On or near Pendalar,W01000098,Gwynedd 006C,Violence and sexual offences,Awaiting court outcome,
feec4e84d0cb2474da29a8c268529165d67aa6e13b651dabff3bd60caa78eeea,2019-01,North Wales Police,North Wales Police,-4.261511,53.139053,On or near Ffordd Maes Barcer,W01000098,Gwynedd 006C,Violence and sexual offences,Under investigation,
,2019-01,North Wales Police,North Wales Police,-4.262179,53.132405,On or near Cwm Silyn,W01000110,Gwynedd 006D,Anti-social behaviour,,
fe8691e7afb3bea8a9eaf26a09053b1df7463a8904c9be3f134cdbe5974282be,2019-01,North Wales Police,North Wales Police,-4.266819,53.132227,On or near Sports/Recreation Area,W01000110,Gwynedd 006D,Other theft,Under investigation,
323329cc96a7dbea80ac8a78ae5fddd992c338038a2c2edee679a639393342fe,2019-01,North Wales Police,North Wales Police,-4.262762,53.130128,On or near Hospital,W01000110,Gwynedd 006D,Violence and sexual offences,Under investigation,
c077e5a12cf21fdc7caa7cc7e7ee35602547386b0b0f64cc338332daac442366,2019-01,North Wales Police,North Wales Police,-4.262762,53.130128,On or near Hospital,W01000110,Gwynedd 006D,Violence and sexual offences,Under investigation,
48ae26ef320eb5743b1760af24316b0daac5ec8d93b931801f812ada1f9f46f7,2019-01,North Wales Police,North Wales Police,-4.265510,53.135758,On or near Cefn Hendre,W01000110,Gwynedd 006D,Violence and sexual offences,Under investigation,
9c108cd6e93a6aa2bd5975138a3528e7e5662c7f638a0a30cf6625aebc08f4d1,2019-01,North Wales Police,North Wales Police,-4.259743,53.134421,On or near Gallt Y Sil,W01000110,Gwynedd 006D,Violence and sexual offences,Under investigation,
fca7036374aa24df61bc2eb27ab060f557bb537326585f0bc1eb496367f566ac,2019-01,North Wales Police,North Wales Police,-4.259743,53.134421,On or near Gallt Y Sil,W01000110,Gwynedd 006D,Violence and sexual offences,Unable to prosecute suspect,
,2019-01,North Wales Police,North Wales Police,-4.271634,53.117246,On or near Erw Deg,W01000054,Gwynedd 007A,Anti-social behaviour,,
,2019-01,North Wales Police,North Wales Police,-4.271634,53.117246,On or near Erw Deg,W01000054,Gwynedd 007A,Anti-social behaviour,,
,2019-01,North Wales Police,North Wales Police,-4.271634,53.117246,On or near Erw Deg,W01000054,Gwynedd 007A,Anti-social behaviour,,
d85b3b54d0561d7ca6dc9658e0bf94afadaf2b7b7cff29f5f3a09a38dc28585e,2019-01,North Wales Police,North Wales Police,-4.268856,53.112174,On or near A487,W01000054,Gwynedd 007A,Criminal damage and arson,Investigation complete; no suspect identified,
ccec06aa67f9856f249de5d88534676234d4c4edca86ef1db537e82f75c1edaa,2019-01,North Wales Police,North Wales Police,-4.232310,53.091755,On or near Gewlfor,W01000088,Gwynedd 007B,Criminal damage and arson,Investigation complete; no suspect identified,
7618ec80273d93a8ab33657caed7fd8a81ce7e9e07ed712af38a8dd5cf9d7c60,2019-01,North Wales Police,North Wales Police,-4.233379,53.089892,On or near Tai'R Ffridd,W01000088,Gwynedd 007B,Violence and sexual offences,Unable to prosecute suspect,
,2019-01,North Wales Police,North Wales Police,-4.272864,53.138558,On or near Tre'R Gof,W01000111,Gwynedd 007C,Anti-social behaviour,,
,2019-01,North Wales Police,North Wales Police,-4.269294,53.134652,On or near Bro Helen,W01000111,Gwynedd 007C,Anti-social behaviour,,
,2019-01,North Wales Police,North Wales Police,-4.272864,53.138558,On or near Tre'R Gof,W01000111,Gwynedd 007C,Anti-social behaviour,,
,2019-01,North Wales Police,North Wales Police,-4.271378,53.138182,On or near Parking Area,W01000111,Gwynedd 007C,Anti-social behaviour,,
,2019-01,North Wales Police,North Wales Police,-4.274623,53.139028,On or near Further/Higher Educational Building,W01000111,Gwynedd 007C,Anti-social behaviour,,
,2019-01,North Wales Police,North Wales Police,-4.274623,53.139028,On or near Further/Higher Educational Building,W01000111,Gwynedd 007C,Anti-social behaviour,,
e2af0b0ebe6019167170a8ca6bf3ac507964361e37fd450ce6dc17e7cda8b9fd,2019-01,North Wales Police,North Wales Police,-4.274623,53.139028,On or near Further/Higher Educational Building,W01000111,Gwynedd 007C,Criminal damage and arson,Under investigation,
dc45a205326378a13c118ee03798722458a79942e8f51fb8dccb7452019cc9f7,2019-01,North Wales Police,North Wales Police,-4.274629,53.140835,On or near Stryd Y Porth Mawr,W01000111,Gwynedd 007C,Criminal damage and arson,Under investigation,
a8319339c2395c873cf2633e5db4b260e269be9da386d7cc919bb2fdc7c279fb,2019-01,North Wales Police,North Wales Police,-4.268418,53.136485,On or near Stryd Yr Hendre,W01000111,Gwynedd 007C,Criminal damage and arson,Investigation complete; no suspect identified,
993b71e677102c664cf3633b76af6ee9bf6b7cbb1757b1f8d118eaacb2113a0a,2019-01,North Wales Police,North Wales Police,-4.274629,53.140835,On or near Stryd Y Porth Mawr,W01000111,Gwynedd 007C,Other theft,Under investigation,
a7e8da25fa6d2950bc2bde87e096a99af59c8ec8b59acb1e461031a36e9efd1c,2019-01,North Wales Police,North Wales Police,-4.274623,53.139028,On or near Further/Higher Educational Building,W01000111,Gwynedd 007C,Public order,Investigation complete; no suspect identified,
0f09c297ba257d2470f41847dcf9c60c52dfbd56e5ec1624020bd73c278c567d,2019-01,North Wales Police,North Wales Police,-4.274826,53.140040,On or near Lon Crwyn,W01000111,Gwynedd 007C,Public order,Offender given community sentence,
e98d0b61a11c8a7aab7a1d42c9fb0cae89a7aaa887a77d9f2485a4e0a38ad1fa,2019-01,North Wales Police,North Wales Police,-4.274623,53.139028,On or near Further/Higher Educational Building,W01000111,Gwynedd 007C,Public order,Unable to prosecute suspect,
364922a52a8689072523b5e87d0586addee4dc19cd0b60737821f55592b11337,2019-01,North Wales Police,North Wales Police,-4.274623,53.139028,On or near Further/Higher Educational Building,W01000111,Gwynedd 007C,Public order,Unable to prosecute suspect,
26008ca6d1d2dc69d87b69a920dd50e409fd822273919fff7e601bfbe85f89ba,2019-01,North Wales Police,North Wales Police,-4.266532,53.133590,On or near Llys Yr Eifl,W01000111,Gwynedd 007C,Public order,Unable to prosecute suspect,
0001b919cb092591b69aab6c2bc30af3e54692ec0ceb9eabb8d05537b92bade5,2019-01,North Wales Police,North Wales Police,-4.274826,53.140040,On or near Lon Crwyn,W01000111,Gwynedd 007C,Shoplifting,Investigation complete; no suspect identified,
a10f3706ca9690228e6fe3c7632c7b58b53715d743d33fc8a2c7fe4df4b633fd,2019-01,North Wales Police,North Wales Police,-4.274826,53.140040,On or near Lon Crwyn,W01000111,Gwynedd 007C,Shoplifting,Offender sent to prison,
a5e8b51d5dabae16f5d6228e82aa6bed7694924f399b4376ee4d86ea8aaec773,2019-01,North Wales Police,North Wales Police,-4.269104,53.133325,On or near Cae Corn Hir,W01000111,Gwynedd 007C,Shoplifting,Investigation complete; no suspect identified,
5d6704f03412e2a7f814592862b0fb325f12fba43f66d39900573923725db5db,2019-01,North Wales Police,North Wales Police,-4.274623,53.139028,On or near Further/Higher Educational Building,W01000111,Gwynedd 007C,Shoplifting,Awaiting court outcome,
4fba59122691a997138dc0845401bbecfd72c8c09a5d975632f1d502b8cae2ef,2019-01,North Wales Police,North Wales Police,-4.274623,53.139028,On or near Further/Higher Educational Building,W01000111,Gwynedd 007C,Shoplifting,Under investigation,
795136cbe85869db5bf0567cc60e789edf833bf25650c297e956de918f08ab5a,2019-01,North Wales Police,North Wales Police,-4.272864,53.138558,On or near Tre'R Gof,W01000111,Gwynedd 007C,Violence and sexual offences,Under investigation,
661f90730e2c008e8cf8501a400a87b0e8284a4994ef24fd9c0747fa8c8862a7,2019-01,North Wales Police,North Wales Police,-4.274623,53.139028,On or near Further/Higher Educational Building,W01000111,Gwynedd 007C,Violence and sexual offences,Unable to prosecute suspect,
cde1abc3fc1cf469bac26a1895302b43c9fe2131bdda3a8a45673c44d24a1716,2019-01,North Wales Police,North Wales Police,-4.269713,53.137791,On or near Rhes Cwstenin,W01000111,Gwynedd 007C,Violence and sexual offences,Under investigation,
e70d223046124f8c9f09ea4049580dea713601c7c07a04d68382cd032db841e7,2019-01,North Wales Police,North Wales Police,-4.275461,53.140181,On or near Twllyn Y Wal,W01000111,Gwynedd 007C,Violence and sexual offences,Unable to prosecute suspect,
86b911a66d40f9d11e01c81bcc99ffc92575a9d23262b292d3884302666d84b3,2019-01,North Wales Police,North Wales Police,-4.274623,53.139028,On or near Further/Higher Educational Building,W01000111,Gwynedd 007C,Violence and sexual offences,Under investigation,
1dd9aecf62252c89b59f5c4c8ec3716875ba42ed227c3066f7772945d7000cc2,2019-01,North Wales Police,North Wales Police,-4.269354,53.138077,On or near Rhes Cwstenin,W01000111,Gwynedd 007C,Violence and sexual offences,Unable to prosecute suspect,
cad39d16df255b281c3886b95e46f7e6c942488976cb77507193d607741b619c,2019-01,North Wales Police,North Wales Police,-4.275461,53.140181,On or near Twllyn Y Wal,W01000111,Gwynedd 007C,Violence and sexual offences,Under investigation,
6fa939609a4c140aba403b69459011710ecd4feb700d8e16762816ae9954d41a,2019-01,North Wales Police,North Wales Police,-4.274623,53.139028,On or near Further/Higher Educational Building,W01000111,Gwynedd 007C,Violence and sexual offences,Under investigation,
90fc331ec0f79c9a7af79d791de1dca66b924acc2a07278e97b26eb430bc0769,2019-01,North Wales Police,North Wales Police,-4.269104,53.133325,On or near Cae Corn Hir,W01000111,Gwynedd 007C,Violence and sexual offences,Unable to prosecute suspect,
368be613a7c634575e55a907d4078167154f879c9ff79ded2c19c866e36cfb34,2019-01,North Wales Police,North Wales Police,-4.274623,53.139028,On or near Further/Higher Educational Building,W01000111,Gwynedd 007C,Violence and sexual offences,Under investigation,
46df2cf62156d28b93472e6fc4381af40dc8813dfdd78971dc11556098248fca,2019-01,North Wales Police,North Wales Police,-4.275461,53.140181,On or near Twllyn Y Wal,W01000111,Gwynedd 007C,Violence and sexual offences,Unable to prosecute suspect,
196d630ab4bfc31c06271b1ed621d38a9c09c854afcea9103ce9059b177df305,2019-01,North Wales Police,North Wales Police,-4.274623,53.139028,On or near Further/Higher Educational Building,W01000111,Gwynedd 007C,Violence and sexual offences,Unable to prosecute suspect,
,2019-01,North Wales Police,North Wales Police,-4.208258,53.112334,On or near Parking Area,W01000118,Gwynedd 007D,Anti-social behaviour,,
,2019-01,North Wales Police,North Wales Police,-4.201738,53.109587,On or near Tref Eilian,W01000118,Gwynedd 007D,Anti-social behaviour,,
,2019-01,North Wales Police,North Wales Police,-4.201738,53.109587,On or near Tref Eilian,W01000118,Gwynedd 007D,Anti-social behaviour,,
,2019-01,North Wales Police,North Wales Police,-4.201738,53.109587,On or near Tref Eilian,W01000118,Gwynedd 007D,Anti-social behaviour,,
,2019-01,North Wales Police,North Wales Police,-4.165902,53.117483,On or near Park/Open Space,W01000118,Gwynedd 007D,Anti-social behaviour,,
163d4fc2b64997e8efcde201507b985ad0d126222a4784089008826a5041916d,2019-01,North Wales Police,North Wales Police,-4.201738,53.109587,On or near Tref Eilian,W01000118,Gwynedd 007D,Burglary,Investigation complete; no suspect identified,
982737786e7d5020836df2d248eb3e83a9f264aea11c27ea1a864cee2b5e6948,2019-01,North Wales Police,North Wales Police,-4.158229,53.077667,On or near A4085,W01000118,Gwynedd 007D,Criminal damage and arson,Investigation complete; no suspect identified,
ce65582610809d527202edaa0a96c02d28f6ab3b02fa61d341597a267d296c0b,2019-01,North Wales Police,North Wales Police,-4.201738,53.109587,On or near Tref Eilian,W01000118,Gwynedd 007D,Criminal damage and arson,Investigation complete; no suspect identified,
849316531bdd7776c96a091fc31b37602a91658df9542b11e6046fbd8f108e50,2019-01,North Wales Police,North Wales Police,-4.133267,53.051118,On or near Parking Area,W01000118,Gwynedd 007D,Public order,Investigation complete; no suspect identified,
0058e0d3762ff0a00bb2924c6cf9d2b22046bd22b5be54ac7fb6f4768da25e5c,2019-01,North Wales Police,North Wales Police,-4.201738,53.109587,On or near Tref Eilian,W01000118,Gwynedd 007D,Violence and sexual offences,Unable to prosecute suspect,
5521373463fd3d45b9f1a6e9081751429a0bad925b8c4eeb0aef489ab3deb6d9,2019-01,North Wales Police,North Wales Police,-4.201738,53.109587,On or near Tref Eilian,W01000118,Gwynedd 007D,Violence and sexual offences,Investigation complete; no suspect identified,
aaef89f51c108c44be236114857ea7f0d607cbf7e7161db968f40590eebaa6fd,2019-01,North Wales Police,North Wales Police,-4.201738,53.109587,On or near Tref Eilian,W01000118,Gwynedd 007D,Violence and sexual offences,Unable to prosecute suspect,
6bd81017e20f7ac4bc0a647bad8eb70a5631b6682da3665c6d28e5bc7f476422,2019-01,North Wales Police,North Wales Police,-4.201738,53.109587,On or near Tref Eilian,W01000118,Gwynedd 007D,Violence and sexual offences,Unable to prosecute suspect,
c45e532fd37af6517f07dfa9f2bc6ed02312b940d5b6c23d764c417565873eaa,2019-01,North Wales Police,North Wales Police,-4.184310,53.094732,On or near Sports/Recreation Area,W01000118,Gwynedd 007D,Violence and sexual offences,Unable to prosecute suspect,
8e6216a83ffcaeb257b042ee7804c9f6296b27fbb8eea793225d82510343b999,2019-01,North Wales Police,North Wales Police,-4.201738,53.109587,On or near Tref Eilian,W01000118,Gwynedd 007D,Violence and sexual offences,Under investigation,
7039bd4508091577470d5684916a53f068c9b589aba0a346d57d87e4d5008deb,2019-01,North Wales Police,North Wales Police,-4.193190,53.098399,On or near Rhesdai Gwyrfai,W01000118,Gwynedd 007D,Violence and sexual offences,Under investigation,
c4650ad3e708277285309827fd56a081c55fdd5248f4758e7b0042279f20e286,2019-01,North Wales Police,North Wales Police,-4.201738,53.109587,On or near Tref Eilian,W01000118,Gwynedd 007D,Violence and sexual offences,Unable to prosecute suspect,
,2019-01,North Wales Police,North Wales Police,-4.277333,53.076633,On or near Cefn Dyffryn,W01000073,Gwynedd 008A,Anti-social behaviour,,
167b64e3da34716bfd5ec32ac5ee81426ba28736f5f984218b0a079f7a9a1d25,2019-01,North Wales Police,North Wales Police,-4.313589,53.080357,On or near Maes Y Llan,W01000073,Gwynedd 008A,Other theft,Investigation complete; no suspect identified,
81948f93115bfde73b76d7bcc5e98b60a5aa257ca21f0bcd598ae4d5c217a760,2019-01,North Wales Police,North Wales Police,-4.335913,53.083966,On or near Parking Area,W01000073,Gwynedd 008A,Violence and sexual offences,Unable to prosecute suspect,
,2019-01,North Wales Police,North Wales Police,-4.282018,53.044958,On or near Ger Y Llan,W01000086,Gwynedd 008B,Anti-social behaviour,,
,2019-01,North Wales Police,North Wales Police,-4.285268,53.041541,On or near Bryn Rhedyw,W01000086,Gwynedd 008B,Anti-social behaviour,,
c26cf477e4040eb0940c7ffc69536fded237add406c977e1f7dbfe0af3b6e2b9,2019-01,North Wales Police,North Wales Police,-4.283538,53.041548,On or near Rhedyw Road,W01000086,Gwynedd 008B,Burglary,Under investigation,
8f9fe526f93283394118350479a3f895ca9f3355d05ea5fae6a1983162b60296,2019-01,North Wales Police,North Wales Police,-4.328237,53.057126,On or near Parking Area,W01000086,Gwynedd 008B,Criminal damage and arson,Under investigation,
135afda87fc04de50380e2bd638bb4beed0574be992a630dbc0e4fd40296d69c,2019-01,North Wales Police,North Wales Police,-4.258439,53.043403,On or near Park/Open Space,W01000086,Gwynedd 008B,Other theft,Investigation complete; no suspect identified,
4c3f16df2f33051f6d7cb00b06e5b0d1a536fcedb2b027e5ddc028ddf7339066,2019-01,North Wales Police,North Wales Police,-4.285268,53.041541,On or near Bryn Rhedyw,W01000086,Gwynedd 008B,Violence and sexual offences,Under investigation,
d6350b58fe7ee1d3af3f2a6fd29481ddf2a61ec0e134c90b9bd478273c0c32a3,2019-01,North Wales Police,North Wales Police,-4.360415,53.021695,On or near Bro Celyn,W01000086,Gwynedd 008B,Violence and sexual offences,Unable to prosecute suspect,
bc8f5826c5c66d2d35e0905f5e3f9b62b3b7d7034412c0ffa45548a75c760cd4,2019-01,North Wales Police,North Wales Police,-4.283538,53.041548,On or near Rhedyw Road,W01000086,Gwynedd 008B,Violence and sexual offences,Unable to prosecute suspect,
ffba2ff09acd02b3e9ff06e72f66e51aededa4feb4c00492a32d12b00c8de163,2019-01,North Wales Police,North Wales Police,-4.252498,53.046204,On or near Park/Open Space,W01000086,Gwynedd 008B,Violence and sexual offences,Further investigation is not in the public interest,
879ff173d4f542b1114727670f8cb33a427129d2f98cc080f55f2afa75914080,2019-01,North Wales Police,North Wales Police,-4.252498,53.046204,On or near Park/Open Space,W01000086,Gwynedd 008B,Violence and sexual offences,Under investigation,
cd21ddcd8f09d2c1fa37ddbebf7e8319913f9fd6728db778ebd639f881b79ec5,2019-01,North Wales Police,North Wales Police,-4.252498,53.046204,On or near Park/Open Space,W01000086,Gwynedd 008B,Violence and sexual offences,Further investigation is not in the public interest,
9c64ece1da608a4fd7addc596cbed861df2a2f4455ba552d4cca29417ea61f2b,2019-01,North Wales Police,North Wales Police,-4.252498,53.046204,On or near Park/Open Space,W01000086,Gwynedd 008B,Violence and sexual offences,Further investigation is not in the public interest,
dbfa541023f81f9887b96084995f0a16eabdd81a8e13934a32b9b996a735b8b7,2019-01,North Wales Police,North Wales Police,-4.252498,53.046204,On or near Park/Open Space,W01000086,Gwynedd 008B,Violence and sexual offences,Further investigation is not in the public interest,
00db2c610dd1debb2c3e21a7c8a42514bef9c5f4968c6832a0db9489886b6d1b,2019-01,North Wales Police,North Wales Police,-4.282018,53.044958,On or near Ger Y Llan,W01000086,Gwynedd 008B,Violence and sexual offences,Unable to prosecute suspect,
1c374578500638f6077b5a8cf1eaa79f8e3ecb2c9315b540a46a26d4b24c3590,2019-01,North Wales Police,North Wales Police,-4.281093,53.043555,On or near Sports/Recreation Area,W01000086,Gwynedd 008B,Violence and sexual offences,Under investigation,
f011e730594ee9d7e110f5b114b1aac1d2991a484ebf467d374e9be11c433d61,2019-01,North Wales Police,North Wales Police,-4.365161,53.019866,On or near Petrol Station,W01000086,Gwynedd 008B,Violence and sexual offences,Unable to prosecute suspect,
d8113e44bf0e7d5158c76fd865477a92f7313bf0914c8b441fa0a67bd727b87d,2019-01,North Wales Police,North Wales Police,-4.282018,53.044958,On or near Ger Y Llan,W01000086,Gwynedd 008B,Violence and sexual offences,Unable to prosecute suspect,
f01442c688294481ec4661329f545d0d0e744885c3cf0c8f7787db9216ec3dc3,2019-01,North Wales Police,North Wales Police,-4.252498,53.046204,On or near Park/Open Space,W01000086,Gwynedd 008B,Violence and sexual offences,Further investigation is not in the public interest,
,2019-01,North Wales Police,North Wales Police,-4.283198,53.055427,On or near Stryd Fawr,W01000104,Gwynedd 008C,Anti-social behaviour,,
,2019-01,North Wales Police,North Wales Police,-4.283718,53.052280,On or near Cae Catrin,W01000104,Gwynedd 008C,Anti-social behaviour,,
,2019-01,North Wales Police,North Wales Police,-4.283198,53.055427,On or near Stryd Fawr,W01000104,Gwynedd 008C,Anti-social behaviour,,
,2019-01,North Wales Police,North Wales Police,-4.281207,53.057848,On or near Bro Llwyndu,W01000104,Gwynedd 008C,Anti-social behaviour,,
,2019-01,North Wales Police,North Wales Police,-4.283163,53.052515,On or near Water Street,W01000104,Gwynedd 008C,Anti-social behaviour,,
,2019-01,North Wales Police,North Wales Police,-4.283198,53.055427,On or near Stryd Fawr,W01000104,Gwynedd 008C,Anti-social behaviour,,
,2019-01,North Wales Police,North Wales Police,-4.286180,53.051998,On or near Bryn Llwyd,W01000104,Gwynedd 008C,Anti-social behaviour,,
,2019-01,North Wales Police,North Wales Police,-4.286180,53.051998,On or near Bryn Llwyd,W01000104,Gwynedd 008C,Anti-social behaviour,,
7a65ac24c4407157c950d6a07cc2dc2218a7618c352f44baf0ba651301c30fc9,2019-01,North Wales Police,North Wales Police,-4.281759,53.053054,On or near Victoria Road,W01000104,Gwynedd 008C,Criminal damage and arson,Unable to prosecute suspect,
c1b3dc791b991a74b26106943edb4c9329b1424d8e4a89602fcf87a1057c5476,2019-01,North Wales Police,North Wales Police,-4.286190,53.052754,On or near Market Place,W01000104,Gwynedd 008C,Criminal damage and arson,Unable to prosecute suspect,
c095a2cf40823353028c0e276b23a63765a7ff17f5a5827bd90b4cd3a17b0a2f,2019-01,North Wales Police,North Wales Police,-4.286180,53.051998,On or near Bryn Llwyd,W01000104,Gwynedd 008C,Other theft,Unable to prosecute suspect,
cd5a8cd63dc158fbbd7853701087a77ab9ecf4533f604877b29286f5d6f8eb9c,2019-01,North Wales Police,North Wales Police,-4.287460,53.052495,On or near Station Road,W01000104,Gwynedd 008C,Other theft,Under investigation,
f540dca5024d3da78d1b296d9328b854552c8f60adfe056827ec381fdf99df73,2019-01,North Wales Police,North Wales Police,-4.284509,53.052858,On or near Stryd-Yr-Wyddfa,W01000104,Gwynedd 008C,Other theft,Further investigation is not in the public interest,
d5438cb24f633473d7721468d29027785714a964e6436a807f7ebe41be7891f7,2019-01,North Wales Police,North Wales Police,-4.281207,53.057848,On or near Bro Llwyndu,W01000104,Gwynedd 008C,Public order,Further investigation is not in the public interest,
551040d3b21ad5ddb418c91233012099ab0af2090dcdc95bef5e2153335ce914,2019-01,North Wales Police,North Wales Police,-4.283718,53.052280,On or near Cae Catrin,W01000104,Gwynedd 008C,Public order,Unable to prosecute suspect,
9b78a5bfd28cec15562d3b6b91ad1ace3752f6808923553afc7827fa2e6ab39e,2019-01,North Wales Police,North Wales Police,-4.286180,53.051998,On or near Bryn Llwyd,W01000104,Gwynedd 008C,Public order,Under investigation,
85d30c29ee3d075ffada1ec20f9b09d820b4e97fd18768b8aaa7a861175bd436,2019-01,North Wales Police,North Wales Police,-4.283198,53.055427,On or near Stryd Fawr,W01000104,Gwynedd 008C,Violence and sexual offences,Unable to prosecute suspect,
cda86479da9496faea084db781c277a9ee6c4a24681cad21a981a90c996ce459,2019-01,North Wales Police,North Wales Police,-4.287460,53.052495,On or near Station Road,W01000104,Gwynedd 008C,Violence and sexual offences,Unable to prosecute suspect,
f1cac6e4f91c8980677a039c08cb10685852396c9b2f6ed3fdacc2c71985338a,2019-01,North Wales Police,North Wales Police,-4.283198,53.055427,On or near Stryd Fawr,W01000104,Gwynedd 008C,Violence and sexual offences,Under investigation,
ba03dd8b6bc78580d35d753bf58434b89cfc16d2ac2822e7c83a5ec4e0f320cd,2019-01,North Wales Police,North Wales Police,-4.283198,53.055427,On or near Stryd Fawr,W01000104,Gwynedd 008C,Violence and sexual offences,Under investigation,
af497555bc7f225e4449eaabd0909425d739dc01c687fd6d6417423d6056c900,2019-01,North Wales Police,North Wales Police,-4.280265,53.053011,On or near Penygroes Police Station,W01000104,Gwynedd 008C,Violence and sexual offences,Under investigation,
86f85938fb5ed7d3021f0bf7b16aec23156afb962aa76a5bdececd124bb52713,2019-01,North Wales Police,North Wales Police,-4.283198,53.055427,On or near Stryd Fawr,W01000104,Gwynedd 008C,Violence and sexual offences,Unable to prosecute suspect,
aa13753f344704a8a7766a722d0e7669da4de2e30374d11f1bca8194f7146ad4,2019-01,North Wales Police,North Wales Police,-4.286180,53.051998,On or near Bryn Llwyd,W01000104,Gwynedd 008C,Other crime,Investigation complete; no suspect identified,
,2019-01,North Wales Police,North Wales Police,-4.252472,53.054566,On or near Cavour Street,W01000112,Gwynedd 008D,Anti-social behaviour,,
,2019-01,North Wales Police,North Wales Police,-4.254311,53.053785,On or near Bryncelyn Road,W01000112,Gwynedd 008D,Anti-social behaviour,,
,2019-01,North Wales Police,North Wales Police,-4.258604,53.051977,On or near Station Road,W01000112,Gwynedd 008D,Anti-social behaviour,,
0ba5a685090d9e940a57b9864b95385580461c9e54622b766a75c245e6f660ab,2019-01,North Wales Police,North Wales Police,-4.236337,53.079263,On or near Glan Dwr,W01000112,Gwynedd 008D,Burglary,Investigation complete; no suspect identified,
e88b9ba9acb789f3f21f9ee5f999ecbc0ecb7f8ca5995398c030cc1d85441931,2019-01,North Wales Police,North Wales Police,-4.252472,53.054566,On or near Cavour Street,W01000112,Gwynedd 008D,Burglary,Under investigation,
8eab2896e2d9fc401cd7c324f88e45cb741c8677f936abf25825093f596ae3ff,2019-01,North Wales Police,North Wales Police,-4.253700,53.054363,On or near Maes Y Llenor,W01000112,Gwynedd 008D,Criminal damage and arson,Local resolution,
d71898efb3d9750c288275dd5311dbe0f7592f3ea3a61d582bf1a3b6aeb0f421,2019-01,North Wales Police,North Wales Police,-4.255000,53.054401,On or near Coedmadog Road,W01000112,Gwynedd 008D,Public order,Further investigation is not in the public interest,
e3e1dc2df5b4e153d08a0a044a114645362b70911035739c64a430111b27a7fa,2019-01,North Wales Police,North Wales Police,-4.252472,53.054566,On or near Cavour Street,W01000112,Gwynedd 008D,Public order,Further investigation is not in the public interest,
a5491c10b95cd11271fd604da7b8a9a4d30bb2e895db3b87c134757311963fcc,2019-01,North Wales Police,North Wales Police,-4.231809,53.073126,On or near Tai Dolawen,W01000112,Gwynedd 008D,Violence and sexual offences,Unable to prosecute suspect,
68af2e2753e41e1b14a260c11ce79d7d3d001e7ec3fed6f534f6dd6b18f11a27,2019-01,North Wales Police,North Wales Police,-4.252472,53.054566,On or near Cavour Street,W01000112,Gwynedd 008D,Violence and sexual offences,Under investigation,
ea138851fa34228ab4f8d5b47a7f8abfde7bc24d236e9f10292f851b267dec8c,2019-01,North Wales Police,North Wales Police,-4.248940,53.074413,On or near Lon Batus,W01000112,Gwynedd 008D,Violence and sexual offences,Under investigation,
f3b24b42a02a6ceb57ae0766ba177953d36e82755f276c9d2d10845d48af4f37,2019-01,North Wales Police,North Wales Police,-4.236337,53.079263,On or near Glan Dwr,W01000112,Gwynedd 008D,Violence and sexual offences,Under investigation,
3294dd375b3108b6aa15fa2f454e9c9ae4112e6503bb648848285e8e947f4be9,2019-01,North Wales Police,North Wales Police,-4.236337,53.079263,On or near Glan Dwr,W01000112,Gwynedd 008D,Violence and sexual offences,Investigation complete; no suspect identified,
a09d2dfb151aadd34833683159f7ee1299b787d94df5751aa0d4d03bbcfdc207,2019-01,North Wales Police,North Wales Police,-4.255000,53.054401,On or near Coedmadog Road,W01000112,Gwynedd 008D,Violence and sexual offences,Further investigation is not in the public interest,
e1132e4a24d59ec14dbc24fffd7c94b8046d7c83f043405e634d4a059bb91729,2019-01,North Wales Police,North Wales Police,-4.252472,53.054566,On or near Cavour Street,W01000112,Gwynedd 008D,Violence and sexual offences,Under investigation,
ca6fefbd7fd71386247135527267c877a43a0a9ee09959586cbcd59af0e08d99,2019-01,North Wales Police,North Wales Police,-4.252472,53.054566,On or near Cavour Street,W01000112,Gwynedd 008D,Violence and sexual offences,Under investigation,
,2019-01,North Wales Police,North Wales Police,-3.948734,52.992367,On or near Oakeley Square,W01000056,Gwynedd 009A,Anti-social behaviour,,
,2019-01,North Wales Police,North Wales Police,-3.936501,52.994716,On or near Parking Area,W01000056,Gwynedd 009A,Anti-social behaviour,,
,2019-01,North Wales Police,North Wales Police,-3.943727,52.993033,On or near Fron Fawr,W01000056,Gwynedd 009A,Anti-social behaviour,,
,2019-01,North Wales Police,North Wales Police,-3.941325,52.995608,On or near Petrol Station,W01000056,Gwynedd 009A,Anti-social behaviour,,
,2019-01,North Wales Police,North Wales Police,-3.939101,52.993217,On or near Bus/Coach Station,W01000056,Gwynedd 009A,Anti-social behaviour,,
2d5a40b99fb42e21b3b94c3398f711b580116277475ca1984c47f200e6a72e8f,2019-01,North Wales Police,North Wales Police,-3.942590,52.992593,On or near Jones Street,W01000056,Gwynedd 009A,Public order,Under investigation,
24b8d349a2a8dda10d65dec09f800b6c68734a0118c0f0ef27a5160e0ed2bef4,2019-01,North Wales Police,North Wales Police,-3.953621,52.988736,On or near Hafan Deg,W01000056,Gwynedd 009A,Shoplifting,Further investigation is not in the public interest,
f170f18b146ce72784c3ee94f1b245d135cccc3bdea4a3ae0525b18dbbe80ef2,2019-01,North Wales Police,North Wales Police,-3.938335,52.995063,On or near Cromwell Street,W01000056,Gwynedd 009A,Shoplifting,Investigation complete; no suspect identified,
3289a4154c28ba8d3a0167fe82c7b9252f716bc79b45b32a9e39ce5f856ac482,2019-01,North Wales Police,North Wales Police,-3.934401,52.994723,On or near Supermarket,W01000056,Gwynedd 009A,Shoplifting,Local resolution,
7952e3e4b6f278ea407deb8da58b2788b649dc8a6588978f4f6a26e1f44b72e3,2019-01,North Wales Police,North Wales Police,-3.938335,52.995063,On or near Cromwell Street,W01000056,Gwynedd 009A,Shoplifting,Local resolution,
d79496a740bb26174d3e943ac0c114d8fe32961eeb9fc6a86f414ccffced60ae,2019-01,North Wales Police,North Wales Police,-3.943727,52.993033,On or near Fron Fawr,W01000056,Gwynedd 009A,Violence and sexual offences,Action to be taken by another organisation,
ea7a79998059aea392f9511a7d0fc13f4c25f8413426507a2fbbef7d4bfca589,2019-01,North Wales Police,North Wales Police,-3.943727,52.993033,On or near Fron Fawr,W01000056,Gwynedd 009A,Violence and sexual offences,Action to be taken by another organisation,
e9da1f9c28a4ee9a6cc12ee4ecfa814dea0c99a152aed17c3744ba230728e995,2019-01,North Wales Police,North Wales Police,-3.941325,52.995608,On or near Petrol Station,W01000056,Gwynedd 009A,Violence and sexual offences,Unable to prosecute suspect,
cf4679577939166d509d04ee603a9f03a81908a78a9d989e52137227744647a1,2019-01,North Wales Police,North Wales Police,-3.961659,52.987929,On or near South Street,W01000056,Gwynedd 009A,Violence and sexual offences,Under investigation,
65e9e6e62c944f4c08bff3e8d4fc6668e16303c6437a8d424953faca8a278cca,2019-01,North Wales Police,North Wales Police,-3.961659,52.987929,On or near South Street,W01000056,Gwynedd 009A,Violence and sexual offences,Under investigation,
fc510464bc1abd51664f9df1ba9d97d58b3a9dc4dbbefb31ea6f681be5b7d360,2019-01,North Wales Police,North Wales Police,-3.943727,52.993033,On or near Fron Fawr,W01000056,Gwynedd 009A,Violence and sexual offences,Action to be taken by another organisation,
e3138d959370308ab10733e00fa3f416e6e6316d0d351d2bab5f5f1e72dd1f8e,2019-01,North Wales Police,North Wales Police,-3.942590,52.992593,On or near Jones Street,W01000056,Gwynedd 009A,Violence and sexual offences,Under investigation,
,2019-01,North Wales Police,North Wales Police,-3.934497,52.993885,On or near Newborough Street,W01000065,Gwynedd 009B,Anti-social behaviour,,
,2019-01,North Wales Police,North Wales Police,-3.932287,52.994775,On or near Lord Street,W01000065,Gwynedd 009B,Anti-social behaviour,,
,2019-01,North Wales Police,North Wales Police,-3.929030,52.991232,On or near High Street,W01000065,Gwynedd 009B,Anti-social behaviour,,
,2019-01,North Wales Police,North Wales Police,-3.936560,52.992359,On or near Wynne Road,W01000065,Gwynedd 009B,Anti-social behaviour,,
,2019-01,North Wales Police,North Wales Police,-3.932687,52.992710,On or near Bowydd Road,W01000065,Gwynedd 009B,Anti-social behaviour,,
,2019-01,North Wales Police,North Wales Police,-3.929030,52.991232,On or near High Street,W01000065,Gwynedd 009B,Anti-social behaviour,,
,2019-01,North Wales Police,North Wales Police,-3.932687,52.992710,On or near Bowydd Road,W01000065,Gwynedd 009B,Anti-social behaviour,,
f563b785e2517065672dbf16a396d017589695a848e4dbd35fd5ba30b51358db,2019-01,North Wales Police,North Wales Police,-3.932687,52.992710,On or near Bowydd Road,W01000065,Gwynedd 009B,Criminal damage and arson,Unable to prosecute suspect,
58ec8af5da4d93ae7a6055e0e165527de33c6ded2d8d3c52ec2cae3a86693fe3,2019-01,North Wales Police,North Wales Police,-3.933513,52.994540,On or near Park Square,W01000065,Gwynedd 009B,Criminal damage and arson,Under investigation,
ba7f352c8dc17d1ec23f819ab288610927a2531d56ba3bdf3fb041ad0519b535,2019-01,North Wales Police,North Wales Police,-3.936560,52.992359,On or near Wynne Road,W01000065,Gwynedd 009B,Drugs,Under investigation,
d60dd3b0c26944a5e0901a6faf1136711fae9c70a5b0805787c6d82c29c6b141,2019-01,North Wales Police,North Wales Police,-3.934658,52.992480,On or near Wynne Avenue,W01000065,Gwynedd 009B,Drugs,Under investigation,
046199b4b03a58d643a0789acf0f6717e02300c3d82611fae23d0fad7978dd6d,2019-01,North Wales Police,North Wales Police,-3.932287,52.994775,On or near Lord Street,W01000065,Gwynedd 009B,Public order,Further investigation is not in the public interest,
028daefd3481ea1dadd498ee0856def94f12ee48f228bc682a586fb9718f833f,2019-01,North Wales Police,North Wales Police,-3.929030,52.991232,On or near High Street,W01000065,Gwynedd 009B,Public order,Under investigation,
9c9a83a57ffe9052570d8d48ebd49f63ce5320c032658207e14faa5a15694425,2019-01,North Wales Police,North Wales Police,-3.929030,52.991232,On or near High Street,W01000065,Gwynedd 009B,Public order,Under investigation,
d58a5269e4a537e295f563db5429b452d63d64d75245f79f6560bc36985306cf,2019-01,North Wales Police,North Wales Police,-3.933513,52.994540,On or near Park Square,W01000065,Gwynedd 009B,Shoplifting,Under investigation,
f5d4e964c53575f343e10c97db78e6a2e96678852341ae0a8f63a55885294376,2019-01,North Wales Police,North Wales Police,-3.933819,52.993366,On or near Glynllifon Street,W01000065,Gwynedd 009B,Vehicle crime,Under investigation,
a60fa9cb3e4ac5bb2ca5b7971f7da8afae59c0dbc3d21be7b55eb2db7055dced,2019-01,North Wales Police,North Wales Police,-3.934497,52.993885,On or near Newborough Street,W01000065,Gwynedd 009B,Violence and sexual offences,Under investigation,
,2019-01,North Wales Police,North Wales Police,-3.926816,52.989029,On or near Manod Road,W01000113,Gwynedd 009C,Anti-social behaviour,,
,2019-01,North Wales Police,North Wales Police,-3.929852,52.984287,On or near Bus/Coach Station,W01000113,Gwynedd 009C,Anti-social behaviour,,
,2019-01,North Wales Police,North Wales Police,-3.932286,52.959712,On or near Lle'R Farchnad,W01000113,Gwynedd 009C,Anti-social behaviour,,
c426311f2a01e81337205cd9118c3433f4d081953f005b538b4119f28631103f,2019-01,North Wales Police,North Wales Police,-3.935948,52.959365,On or near Parking Area,W01000113,Gwynedd 009C,Criminal damage and arson,Under investigation,
bd43c1ad5ae34f5738e66a2b811c986607c3c38969d8a57af674c00feba4c287,2019-01,North Wales Police,North Wales Police,-3.935948,52.959365,On or near Parking Area,W01000113,Gwynedd 009C,Criminal damage and arson,Investigation complete; no suspect identified,
4f5006a19dab8ef7e993fcda45f5de9c95392456d93253ee02faf0955aeefec8,2019-01,North Wales Police,North Wales Police,-3.935948,52.959365,On or near Parking Area,W01000113,Gwynedd 009C,Other theft,Under investigation,
4af56b42ab34ab15e30e35913dc7ec70dca4bec78b3fccfeb2faeb226d686404,2019-01,North Wales Police,North Wales Police,-3.935948,52.959365,On or near Parking Area,W01000113,Gwynedd 009C,Other theft,Under investigation,
366a6fc2a2fad9baef9252d11a4e4136c5ee299decedd6fea6de29dfabfc51bc,2019-01,North Wales Police,North Wales Police,-3.932286,52.959712,On or near Lle'R Farchnad,W01000113,Gwynedd 009C,Vehicle crime,Investigation complete; no suspect identified,
96f780fa309814b6de3190253e22e69ada36a02ff2f67a13ad29fd0e5afef424,2019-01,North Wales Police,North Wales Police,-3.931278,52.959477,On or near Station Road,W01000113,Gwynedd 009C,Vehicle crime,Investigation complete; no suspect identified,
3dc39dbe7c71b783d64404fb786eb3d33aedecaeaa57b5fa724927af5990bd93,2019-01,North Wales Police,North Wales Police,-3.926816,52.989029,On or near Manod Road,W01000113,Gwynedd 009C,Violence and sexual offences,Unable to prosecute suspect,
2bc22a31f0e00281557e9dba4cdd0dd0e9c82fb1d9e355365482590a47b2b4fd,2019-01,North Wales Police,North Wales Police,-3.929928,52.960577,On or near Maes Y Coed,W01000113,Gwynedd 009C,Violence and sexual offences,Unable to prosecute suspect,
4450ba483b1b9aeee51b966edc71855f4ffe161ba6ef2b984be2dca02e003bb7,2019-01,North Wales Police,North Wales Police,-3.926816,52.989029,On or near Manod Road,W01000113,Gwynedd 009C,Violence and sexual offences,Offender given community sentence,
61ec3bb9a62bf86ce21103ae299c5271a245f55e12aef5a8a8e596ef816eae88,2019-01,North Wales Police,North Wales Police,-3.926816,52.989029,On or near Manod Road,W01000113,Gwynedd 009C,Violence and sexual offences,Unable to prosecute suspect,
8c22cece7e8349fa28c1b61a3cfe0a7230d27796f2f883816471b11d654a97ce,2019-01,North Wales Police,North Wales Police,-3.929852,52.984287,On or near Bus/Coach Station,W01000113,Gwynedd 009C,Violence and sexual offences,Unable to prosecute suspect,
fd54d5fc64081ab9e4a526f10e65a391ccf44263ecfb0b9a694d7700d75264ef,2019-01,North Wales Police,North Wales Police,-3.934220,52.959330,On or near Penybryn,W01000113,Gwynedd 009C,Violence and sexual offences,Further investigation is not in the public interest,
62d21bfd0de829603963cf56a732aaf9bc6fc6cda86817f9b38bb9e157cc6ffe,2019-01,North Wales Police,North Wales Police,-3.929928,52.960577,On or near Maes Y Coed,W01000113,Gwynedd 009C,Violence and sexual offences,Unable to prosecute suspect,
636af23903702c4a22197089b4270a0d714ae41cb3a51f6e0a993fdd5280849e,2019-01,North Wales Police,North Wales Police,-3.958399,52.938255,On or near Y Glynnor,W01000114,Gwynedd 009D,Violence and sexual offences,Unable to prosecute suspect,
6fb33fd099a14db8db4a0eb677a90a82862cf62258225facab12d21e1a7c871e,2019-01,North Wales Police,North Wales Police,-3.958399,52.938255,On or near Y Glynnor,W01000114,Gwynedd 009D,Violence and sexual offences,Unable to prosecute suspect,
,2019-01,North Wales Police,North Wales Police,-4.190464,52.957939,On or near Parking Area,W01000066,Gwynedd 010A,Anti-social behaviour,,
,2019-01,North Wales Police,North Wales Police,-4.240358,52.972922,On or near Bro Gwgan,W01000066,Gwynedd 010A,Anti-social behaviour,,
cb75679a7f6e6d19fa24dafdf516ea74fd1b875c2b073a4c64d739e9248e61ec,2019-01,North Wales Police,North Wales Police,-4.240358,52.972922,On or near Bro Gwgan,W01000066,Gwynedd 010A,Violence and sexual offences,Under investigation,
,2019-01,North Wales Police,North Wales Police,-4.064604,52.954070,On or near Morfa Gaseg,W01000100,Gwynedd 010B,Anti-social behaviour,,
43d1deab6d1295f82e61c08ab6da5bdda015f230daf48fe26203d8772a814bc5,2019-01,North Wales Police,North Wales Police,-4.062861,52.931848,On or near Petrol Station,W01000100,Gwynedd 010B,Burglary,Offender sent to prison,
14e4562f4ef360905e5df93ac6f9260e3e336fc7d58058744df13128186950fd,2019-01,North Wales Police,North Wales Police,-4.064604,52.954070,On or near Morfa Gaseg,W01000100,Gwynedd 010B,Public order,Unable to prosecute suspect,
,2019-01,North Wales Police,North Wales Police,-4.127973,52.925143,On or near Petrol Station,W01000105,Gwynedd 010C,Anti-social behaviour,,
,2019-01,North Wales Police,North Wales Police,-4.128559,52.926472,On or near Supermarket,W01000105,Gwynedd 010C,Anti-social behaviour,,
,2019-01,North Wales Police,North Wales Police,-4.132586,52.929690,On or near Stryd Glaslyn,W01000105,Gwynedd 010C,Anti-social behaviour,,
,2019-01,North Wales Police,North Wales Police,-4.128559,52.926472,On or near Supermarket,W01000105,Gwynedd 010C,Anti-social behaviour,,
,2019-01,North Wales Police,North Wales Police,-4.136417,52.931051,On or near Parking Area,W01000105,Gwynedd 010C,Anti-social behaviour,,
8648b79cfffde4d6cc3e0f8d4624f5c57ae2c13cb9caf2aa0516b62b20362108,2019-01,North Wales Police,North Wales Police,-4.137349,52.932158,On or near Pensyflog,W01000105,Gwynedd 010C,Other theft,Investigation complete; no suspect identified,
c6761e93d14b9e2e0826fd79ab89001c1ab012631f6ca882f9644c57148d5266,2019-01,North Wales Police,North Wales Police,-4.133479,52.930609,On or near Rhes Cambrian,W01000105,Gwynedd 010C,Violence and sexual offences,Under investigation,
33823854940fa18411f2adecbf5a843c6341cf36756ba32f7130ba66a27a8ef1,2019-01,North Wales Police,North Wales Police,-4.131083,52.928171,On or near Stryd Wesla,W01000105,Gwynedd 010C,Violence and sexual offences,Unable to prosecute suspect,
e2a72d8e91864505ab1ff78829b4907fa4eb5b0459546e8efbe33ad1f2bf2f81,2019-01,North Wales Police,North Wales Police,-4.128559,52.926472,On or near Supermarket,W01000105,Gwynedd 010C,Violence and sexual offences,Unable to prosecute suspect,
4748eb3af481da15d6477ea545d0c02ffd2ffeea59e483f6aad06ec73259594f,2019-01,North Wales Police,North Wales Police,-4.131557,52.928432,On or near Chandlers Place,W01000105,Gwynedd 010C,Violence and sexual offences,Investigation complete; no suspect identified,
61fd27a9264510918c36d45b48bbeeee8119734de3f70199f39bace9f3f3e6ca,2019-01,North Wales Police,North Wales Police,-4.133479,52.930609,On or near Rhes Cambrian,W01000105,Gwynedd 010C,Violence and sexual offences,Under investigation,
,2019-01,North Wales Police,North Wales Police,-4.133976,52.928622,On or near Porthmadog Police Station,W01000106,Gwynedd 010D,Anti-social behaviour,,
,2019-01,North Wales Police,North Wales Police,-4.133976,52.928622,On or near Porthmadog Police Station,W01000106,Gwynedd 010D,Anti-social behaviour,,
,2019-01,North Wales Police,North Wales Police,-4.133976,52.928622,On or near Porthmadog Police Station,W01000106,Gwynedd 010D,Anti-social behaviour,,
,2019-01,North Wales Police,North Wales Police,-4.133976,52.928622,On or near Porthmadog Police Station,W01000106,Gwynedd 010D,Anti-social behaviour,,
,2019-01,North Wales Police,North Wales Police,-4.133976,52.928622,On or near Porthmadog Police Station,W01000106,Gwynedd 010D,Anti-social behaviour,,
,2019-01,North Wales Police,North Wales Police,-4.133976,52.928622,On or near Porthmadog Police Station,W01000106,Gwynedd 010D,Anti-social behaviour,,
,2019-01,North Wales Police,North Wales Police,-4.133976,52.928622,On or near Porthmadog Police Station,W01000106,Gwynedd 010D,Anti-social behaviour,,
,2019-01,North Wales Police,North Wales Police,-4.133976,52.928622,On or near Porthmadog Police Station,W01000106,Gwynedd 010D,Anti-social behaviour,,
3a0617c32d6c0549280efc4d814e62fc3abe240b153ca1e0fe753103ceee0666,2019-01,North Wales Police,North Wales Police,-4.133976,52.928622,On or near Porthmadog Police Station,W01000106,Gwynedd 010D,Criminal damage and arson,Investigation complete; no suspect identified,
9277125691e47be03595331db03018fad16bbfb7418be16a20a74e9bd9b23313,2019-01,North Wales Police,North Wales Police,-4.163499,52.912884,On or near Y Ffridd,W01000106,Gwynedd 010D,Criminal damage and arson,Investigation complete; no suspect identified,
8bf950a91834d2ad57bd0b62bbef4a4a4df241dc6ee31f60258790c3cd5c3bb3,2019-01,North Wales Police,North Wales Police,-4.133976,52.928622,On or near Porthmadog Police Station,W01000106,Gwynedd 010D,Public order,Unable to prosecute suspect,
3c8ab7da57fe4dd365f0ad0d0bc1de103d1bfdc3db56cca4cfc2237ba888e27f,2019-01,North Wales Police,North Wales Police,-4.133976,52.928622,On or near Porthmadog Police Station,W01000106,Gwynedd 010D,Shoplifting,Local resolution,
f837e06b84eb9451b96f9f0ccaba9d24c2155f1c53615e392d3c00afcdab1002,2019-01,North Wales Police,North Wales Police,-4.133976,52.928622,On or near Porthmadog Police Station,W01000106,Gwynedd 010D,Shoplifting,Investigation complete; no suspect identified,
99164a5cf5817938ddb8e89328bd8bc403cd7fbd64560749fcdc001ada38b26f,2019-01,North Wales Police,North Wales Police,-4.163484,52.933762,On or near Parking Area,W01000106,Gwynedd 010D,Violence and sexual offences,Under investigation,
ac7b68a31db1353aa23ad1e955bed4550a055a6da688b01806388b45cfd6fb27,2019-01,North Wales Police,North Wales Police,-4.144471,52.930231,On or near Penamser Road,W01000106,Gwynedd 010D,Violence and sexual offences,Under investigation,
612c438be701390309603bbe2826c860c49b3a2ea9a9f60b8b4d9db2ee7a2f29,2019-01,North Wales Police,North Wales Police,-4.133775,52.927862,On or near Shopping Area,W01000106,Gwynedd 010D,Violence and sexual offences,Under investigation,
,2019-01,North Wales Police,North Wales Police,-4.143993,52.938620,On or near Craig Madog,W01000107,Gwynedd 010E,Anti-social behaviour,,
,2019-01,North Wales Police,North Wales Police,-4.142093,52.939328,On or near Dublin Lane,W01000107,Gwynedd 010E,Anti-social behaviour,,
,2019-01,North Wales Police,North Wales Police,-4.143993,52.938620,On or near Craig Madog,W01000107,Gwynedd 010E,Anti-social behaviour,,
,2019-01,North Wales Police,North Wales Police,-4.143993,52.938620,On or near Craig Madog,W01000107,Gwynedd 010E,Anti-social behaviour,,
85f539acd8c93470ef2941aef604c4bcd1a939eac7b22f24477351833cdbcf25,2019-01,North Wales Police,North Wales Police,-4.142093,52.939328,On or near Dublin Lane,W01000107,Gwynedd 010E,Criminal damage and arson,Investigation complete; no suspect identified,
f31a84007406f6ff78071bda47ec1ebc240b90b3987d417648d7e33deeace974,2019-01,North Wales Police,North Wales Police,-4.142093,52.939328,On or near Dublin Lane,W01000107,Gwynedd 010E,Criminal damage and arson,Investigation complete; no suspect identified,
48ddc0af31510e6934e7947c6602a4b3067ec947fedef22f797cd94f18aa0c54,2019-01,North Wales Police,North Wales Police,-4.142093,52.939328,On or near Dublin Lane,W01000107,Gwynedd 010E,Criminal damage and arson,Under investigation,
ff47d4799c870dd8d5257a15ab685aa725a2b331e22d83ffe9069171dc72071e,2019-01,North Wales Police,North Wales Police,-4.142093,52.939328,On or near Dublin Lane,W01000107,Gwynedd 010E,Drugs,Under investigation,
a7347bc6496b3524aa5ddb6f4397609097ff87c164c1106a158f91998eaa01cf,2019-01,North Wales Police,North Wales Police,-4.143993,52.938620,On or near Craig Madog,W01000107,Gwynedd 010E,Drugs,Under investigation,
e8657737478636f7eb90858d2c47f859fc254d32da501378b9f6fdc4d71d4e40,2019-01,North Wales Police,North Wales Police,-4.143993,52.938620,On or near Craig Madog,W01000107,Gwynedd 010E,Drugs,Under investigation,
4cf2f1cea8d94ef3e5d3635f6186826ad10ea7105e3ce148beba9ced94d69ec7,2019-01,North Wales Police,North Wales Police,-4.143993,52.938620,On or near Craig Madog,W01000107,Gwynedd 010E,Drugs,Under investigation,
a9d071204fff3ea8b9b2c22c6335249a48b486463773bcadd85afe9a3604183b,2019-01,North Wales Police,North Wales Police,-4.143993,52.938620,On or near Craig Madog,W01000107,Gwynedd 010E,Drugs,Under investigation,
28de62352d12365d328c6c65f7849d773b3a6fc9ad96bbee1c9b1b32dc2d3665,2019-01,North Wales Police,North Wales Police,-4.142093,52.939328,On or near Dublin Lane,W01000107,Gwynedd 010E,Other theft,Under investigation,
f33c65e379a3ed3fad856b03fa3e66458466b00071022743512ce810d3bd6a89,2019-01,North Wales Police,North Wales Police,-4.143993,52.938620,On or near Craig Madog,W01000107,Gwynedd 010E,Possession of weapons,Under investigation,
873ef0574081ea531443620ced791e361eb55d2bdac454111ffe0306f16c67e3,2019-01,North Wales Police,North Wales Police,-4.143993,52.938620,On or near Craig Madog,W01000107,Gwynedd 010E,Possession of weapons,Under investigation,
f9f0e3e7855aed052df209854615abdf4d4237a1b9384b546a44a578eec8f788,2019-01,North Wales Police,North Wales Police,-4.143993,52.938620,On or near Craig Madog,W01000107,Gwynedd 010E,Possession of weapons,Under investigation,
a5f014e075098a2b92280a9a00c45d9fd6364974ca4c8e05f8df8e3a6137aab3,2019-01,North Wales Police,North Wales Police,-4.149360,52.940609,On or near Hospital,W01000107,Gwynedd 010E,Public order,Under investigation,
a0d33181db602d553873523dc026f2dcbe6a1a2afd5b92c7887e8beeafdde7a7,2019-01,North Wales Police,North Wales Police,-4.144266,52.939918,On or near Sunnyside,W01000107,Gwynedd 010E,Violence and sexual offences,Unable to prosecute suspect,
1b830d3b8ecd3bf7280f0ade66c70baae8e9db7ab6eef5395e76021b72c3a24b,2019-01,North Wales Police,North Wales Police,-4.149360,52.940609,On or near Hospital,W01000107,Gwynedd 010E,Violence and sexual offences,Under investigation,
4cbba48ed9a554331d4184690e00100bd506659dcbc34dd8c48f388a0e0cf5b4,2019-01,North Wales Police,North Wales Police,-4.142093,52.939328,On or near Dublin Lane,W01000107,Gwynedd 010E,Violence and sexual offences,Under investigation,
0672d91b3b927a45c5e89a415162aa02a3193c3c8e8ed005b4c1cc31c5d347f6,2019-01,North Wales Police,North Wales Police,-4.330526,52.903960,On or near Park/Open Space,W01000047,Gwynedd 011A,Public order,Investigation complete; no suspect identified,
c7e8094d3c742fa796d481221d0a64af50ee29dcfa55ca246db5050e88114a4e,2019-01,North Wales Police,North Wales Police,-4.381441,52.905260,On or near Lon Glen Elen,W01000047,Gwynedd 011A,Violence and sexual offences,Unable to prosecute suspect,
3fccbcd4d9828f35b6dd5d9779a94f73bc156ac4c2c5eb9eef591868077c2bd2,2019-01,North Wales Police,North Wales Police,-4.380956,52.904011,On or near Ger-Y-Bont,W01000047,Gwynedd 011A,Violence and sexual offences,Under investigation,
5fc3635d978bc6fc6560690b9bb48bd5abb0c2dd9cee756d8f421ba73282650b,2019-01,North Wales Police,North Wales Police,-4.397832,52.908545,On or near A499,W01000047,Gwynedd 011A,Violence and sexual offences,Unable to prosecute suspect,
,2019-01,North Wales Police,North Wales Police,-4.238634,52.925167,On or near Ty'N Rhos,W01000061,Gwynedd 011B,Anti-social behaviour,,
7b989a28ce60cd3b4093d5d3c496cbc9433a036e347e12c9071c876d3a87ffd0,2019-01,North Wales Police,North Wales Police,-4.238807,52.916128,On or near Gerddi Abereistedd,W01000061,Gwynedd 011B,Criminal damage and arson,Unable to prosecute suspect,
7f142b5c8385033562d336191311d438c8c0d23a8ea6cc69972f6f83f258ba79,2019-01,North Wales Police,North Wales Police,-4.220871,52.921994,On or near Morannedd,W01000061,Gwynedd 011B,Public order,Under investigation,
4f002390547cc9dd75253baa6b08e4bd986783e492d5bfe216b67a24e830236a,2019-01,North Wales Police,North Wales Police,-4.238634,52.925167,On or near Ty'N Rhos,W01000061,Gwynedd 011B,Public order,Unable to prosecute suspect,
05e19c16f1fe98795a03b4bafa551cf0cdda0a1d474a4e63795fb21d3aec7f68,2019-01,North Wales Police,North Wales Police,-4.238569,52.918722,On or near Petrol Station,W01000061,Gwynedd 011B,Shoplifting,Investigation complete; no suspect identified,
f68e90d960ae6c8a61e34524d807134a5d857d7dd0c648d4bacb0747c8f71fe2,2019-01,North Wales Police,North Wales Police,-4.232788,52.919694,On or near Stryd Fawr,W01000061,Gwynedd 011B,Violence and sexual offences,Under investigation,
e82b04cf31b73f898e08b32f2ae0068460d4365c0ff57769c5c5dd0c8e365898,2019-01,North Wales Police,North Wales Police,-4.220871,52.921994,On or near Morannedd,W01000061,Gwynedd 011B,Violence and sexual offences,Under investigation,
,2019-01,North Wales Police,North Wales Police,-4.404223,52.975806,On or near Maes Glas,W01000078,Gwynedd 011C,Anti-social behaviour,,
,2019-01,North Wales Police,North Wales Police,-4.429359,52.992388,On or near Sychnant Terrace,W01000078,Gwynedd 011C,Anti-social behaviour,,
8c1e564e0959c543374eebe5d4a9a453d8fcccf785cf69dcf069c9cf3ecb84ae,2019-01,North Wales Police,North Wales Police,-4.403914,52.975885,On or near Maes Hyfryd,W01000078,Gwynedd 011C,Other theft,Investigation complete; no suspect identified,
e7c648ed066811044d7215ef0a34ee757c7c52a0afe1c3acb961af7607bdf8b9,2019-01,North Wales Police,North Wales Police,-4.429359,52.992388,On or near Sychnant Terrace,W01000078,Gwynedd 011C,Violence and sexual offences,Further investigation is not in the public interest,
70f6fe053b751bebf97056335756bb2a84621ccfd6530c2555ea50f4f874c1e2,2019-01,North Wales Police,North Wales Police,-4.429359,52.992388,On or near Sychnant Terrace,W01000078,Gwynedd 011C,Violence and sexual offences,Formal action is not in the public interest,
87f454a10fb03231304231bd932d0058a427cd93383702e14ad2740414f7ac67,2019-01,North Wales Police,North Wales Police,-4.429359,52.992388,On or near Sychnant Terrace,W01000078,Gwynedd 011C,Violence and sexual offences,Formal action is not in the public interest,
493991b3c121f2a30866950168243c2e853f63470c58b43a1f5b39bceabe768d,2019-01,North Wales Police,North Wales Police,-4.429359,52.992388,On or near Sychnant Terrace,W01000078,Gwynedd 011C,Violence and sexual offences,Further investigation is not in the public interest,
,2019-01,North Wales Police,North Wales Police,-4.378578,52.943378,On or near Park/Open Space,W01000089,Gwynedd 011D,Anti-social behaviour,,
99540fc6385b0d06f0ed9a5b8f1f988ad3066e500b123bc958df776405ce7ced,2019-01,North Wales Police,North Wales Police,-4.241795,52.918382,On or near Lon Fel,W01000089,Gwynedd 011D,Criminal damage and arson,Unable to prosecute suspect,
0595a3721b8201257a33b4eaf7236048514cc396abc44683616dccfc89cfe02a,2019-01,North Wales Police,North Wales Police,-4.266611,52.920743,On or near Cae'R Ffynnon,W01000089,Gwynedd 011D,Violence and sexual offences,Unable to prosecute suspect,
fcb2ead35c51ae625de4df216915b022af556da3566bcd602e82f84b854bd557,2019-01,North Wales Police,North Wales Police,-4.378578,52.943378,On or near Park/Open Space,W01000089,Gwynedd 011D,Violence and sexual offences,Unable to prosecute suspect,
22135497dbdb8955ea12d4466102e7ac504a92500857bfa4f8ff050b26320609,2019-01,North Wales Police,North Wales Police,-4.335328,52.919690,On or near Groesfford,W01000089,Gwynedd 011D,Violence and sexual offences,Unable to prosecute suspect,
d07edcc5683bcdb3c9328a4e91487731c4a5c1f7b8ad7c891818b4c687bca296,2019-01,North Wales Police,North Wales Police,-4.378578,52.943378,On or near Park/Open Space,W01000089,Gwynedd 011D,Violence and sexual offences,Under investigation,
12fcb287d77b0ed12567c92ebcce9453c5e4ac3e75d98e535b9aef759a20c324,2019-01,North Wales Police,North Wales Police,-4.469109,52.892976,On or near B4415,W01000070,Gwynedd 012A,Burglary,Under investigation,
15bd6eb86143d82fc5f53386ec4aa1336e61a201b2baa82f391efe8f72cc3bfd,2019-01,North Wales Police,North Wales Police,-4.469109,52.892976,On or near B4415,W01000070,Gwynedd 012A,Burglary,Under investigation,
aea979fea70bdc0b144a2f29da09d747f2581ad62d29c5cdcab490d36484f0b2,2019-01,North Wales Police,North Wales Police,-4.452019,52.928919,On or near Sports/Recreation Area,W01000070,Gwynedd 012A,Burglary,Investigation complete; no suspect identified,
fd5abd3843811df09b584493a30f72234cdaf610ce3275f170aeaf9db176ece2,2019-01,North Wales Police,North Wales Police,-4.469109,52.892976,On or near B4415,W01000070,Gwynedd 012A,Burglary,Under investigation,
80f2cb64dfd6cb7f028555d7ca87a51e9a51d60dc40042a9892132b27787ba55,2019-01,North Wales Police,North Wales Police,-4.469109,52.892976,On or near B4415,W01000070,Gwynedd 012A,Burglary,Under investigation,
895e09d69c33cdeae46d118d8fc7a80b8c3dedf63fc81f1051527383123d916b,2019-01,North Wales Police,North Wales Police,-4.469109,52.892976,On or near B4415,W01000070,Gwynedd 012A,Burglary,Under investigation,
c753bb10642cbffbdea58117ea3a053b4df2bbebbdae572b053152e5ac57f917,2019-01,North Wales Police,North Wales Police,-4.452019,52.928919,On or near Sports/Recreation Area,W01000070,Gwynedd 012A,Burglary,Investigation complete; no suspect identified,
2fb7563318bd5ba465b8d91b097d827039093dbb1853919c74f2f4d2221a24fe,2019-01,North Wales Police,North Wales Police,-4.469109,52.892976,On or near B4415,W01000070,Gwynedd 012A,Burglary,Under investigation,
d31bd5a7c0d0e3d2e62532fc2104030d286293edec28c7fcfee83f10cb01f5fa,2019-01,North Wales Police,North Wales Police,-4.469109,52.892976,On or near B4415,W01000070,Gwynedd 012A,Burglary,Under investigation,
2c0c82015eb922c67a6e6fc30a851d9472a9ff50be3fd08131f040783fe5fa67,2019-01,North Wales Police,North Wales Police,-4.452019,52.928919,On or near Sports/Recreation Area,W01000070,Gwynedd 012A,Burglary,Investigation complete; no suspect identified,
f9a73dac57f9bf9d4dfec9e1d7eab26f55ac6206fd4fff2762f73a967e04dc05,2019-01,North Wales Police,North Wales Police,-4.469109,52.892976,On or near B4415,W01000070,Gwynedd 012A,Other theft,Under investigation,
b42a03fe3b2529847046ee579486ae7b50e02bb72642e58f3286c626a9142b80,2019-01,North Wales Police,North Wales Police,-4.453084,52.896177,On or near Lon Boduan,W01000070,Gwynedd 012A,Violence and sexual offences,Unable to prosecute suspect,
1bb70576b2793f8e2c5fb0ff97a029c7f36b3c78ee044d49b4c42ca2e4f42371,2019-01,North Wales Police,North Wales Police,-4.449861,52.894139,On or near Sports/Recreation Area,W01000070,Gwynedd 012A,Violence and sexual offences,Unable to prosecute suspect,
32fa84bfeb59b2259c4aa3985677f7ac42eac5df8c60cb898343d848294936f0,2019-01,North Wales Police,North Wales Police,-4.453084,52.896177,On or near Lon Boduan,W01000070,Gwynedd 012A,Violence and sexual offences,Offender given a caution,
746542251a873f72701fced822d780c040986625ca86397eb46e41ba67ea55a4,2019-01,North Wales Police,North Wales Police,-4.470593,52.923760,On or near Park/Open Space,W01000070,Gwynedd 012A,Violence and sexual offences,Unable to prosecute suspect,
63baa71252d7a4b5eaa8d40c63a7fb155ca73ff1616bf6512671072a825fe977,2019-01,North Wales Police,North Wales Police,-4.560209,52.922086,On or near Lon Fawr,W01000094,Gwynedd 012B,Violence and sexual offences,Unable to prosecute suspect,
981e109c420db84f2c734cfe68d59da150feab81ec461026c58d3852d374af3f,2019-01,North Wales Police,North Wales Police,-4.560209,52.922086,On or near Lon Fawr,W01000094,Gwynedd 012B,Violence and sexual offences,Unable to prosecute suspect,
1feb08935cc3600b64b96079146f725c8c43a595b6f3a83aaa03bf85274918e1,2019-01,North Wales Police,North Wales Police,-4.515705,52.938916,On or near Tai Lon,W01000095,Gwynedd 012C,Criminal damage and arson,Investigation complete; no suspect identified,
b1036d82e1fc9aef90ff1d1539d67137329439de59656b11a0df711a95c966f8,2019-01,North Wales Police,North Wales Police,-4.521721,52.934877,On or near Ffordd Cae Rhyg,W01000095,Gwynedd 012C,Public order,Investigation complete; no suspect identified,
1ed0c89cb815150da5a4bdd7ff7bcf4131a6262ad5f3a6d0f7aaa306a78a51e2,2019-01,North Wales Police,North Wales Police,-4.521721,52.934877,On or near Ffordd Cae Rhyg,W01000095,Gwynedd 012C,Public order,Investigation complete; no suspect identified,
c1460014f4b174475b85f71a898cfdbc632eca3582bf52b264f06313e7015a8a,2019-01,North Wales Police,North Wales Police,-4.520159,52.935657,On or near Y Groes,W01000095,Gwynedd 012C,Violence and sexual offences,Unable to prosecute suspect,
0344833d5e20ed78cb240853dfb92492bd51d1ff2e0b8b463e59da53bf4c2f39,2019-01,North Wales Police,North Wales Police,-4.520159,52.935657,On or near Y Groes,W01000095,Gwynedd 012C,Violence and sexual offences,Unable to prosecute suspect,
679306227d4e3bbed8f583afe596a152df9a674bd485189a2ea35cb77d44208b,2019-01,North Wales Police,North Wales Police,-4.520159,52.935657,On or near Y Groes,W01000095,Gwynedd 012C,Violence and sexual offences,Under investigation,
,2019-01,North Wales Police,North Wales Police,-4.419677,52.886612,On or near Penrhydlyniog,W01000108,Gwynedd 012D,Anti-social behaviour,,
,2019-01,North Wales Police,North Wales Police,-4.416727,52.890242,On or near Stryd Kingshead,W01000108,Gwynedd 012D,Anti-social behaviour,,
,2019-01,North Wales Police,North Wales Police,-4.418670,52.887226,On or near Parking Area,W01000108,Gwynedd 012D,Anti-social behaviour,,
,2019-01,North Wales Police,North Wales Police,-4.413797,52.891021,On or near Y Traeth,W01000108,Gwynedd 012D,Anti-social behaviour,,
cf9d9ddd3b48ac81ff88d996b1d4f154d8736d2465a6838375854d476e924a7f,2019-01,North Wales Police,North Wales Police,-4.419610,52.886218,On or near Glan Rhyd,W01000108,Gwynedd 012D,Burglary,Under investigation,
350672b5ec62ec6bae40abf31b06043f23f132faf6cea431d2add20090cf7f13,2019-01,North Wales Police,North Wales Police,-4.417061,52.889030,On or near Stryd Penlan,W01000108,Gwynedd 012D,Burglary,Awaiting court outcome,
9cd6ce66c86cb6c0423ab38bfa042af452a6f3b26f5d57b647332780b6810bba,2019-01,North Wales Police,North Wales Police,-4.406328,52.891982,On or near Lon Abererch,W01000108,Gwynedd 012D,Drugs,Under investigation,
2536911f6212561fbf90167ecf7ee7ecefc6746930f8a68e5bd48307d5405544,2019-01,North Wales Police,North Wales Police,-4.413797,52.891021,On or near Y Traeth,W01000108,Gwynedd 012D,Drugs,Offender given a drugs possession warning,
baefbdf7c26fa44e03c73b59fc1cc2d27bc12dfa83df141329c213f58a4c0e84,2019-01,North Wales Police,North Wales Police,-4.419677,52.886612,On or near Penrhydlyniog,W01000108,Gwynedd 012D,Other theft,Investigation complete; no suspect identified,
21d6451f7327c2b895638273f360705a6886a4f51da9aa555c87b28e09d5bca9,2019-01,North Wales Police,North Wales Police,-4.411743,52.892303,On or near Petrol Station,W01000108,Gwynedd 012D,Other theft,Investigation complete; no suspect identified,
9ee412c718512635376e764e7fcca919e90af80adaaa9b98a3f0198603835b69,2019-01,North Wales Police,North Wales Police,-4.416314,52.888416,On or near New Street,W01000108,Gwynedd 012D,Other theft,Investigation complete; no suspect identified,
d68c1bfb3ad52145806afdcbb64f75e7e40eccd413087e722d91d31564f52040,2019-01,North Wales Police,North Wales Police,-4.418086,52.889810,On or near Stryd-Y-Llan,W01000108,Gwynedd 012D,Public order,Investigation complete; no suspect identified,
10d1710614dd433c2727f5e00d79cc70a969caf4a04cbc8f59585e7ae2c7b8c8,2019-01,North Wales Police,North Wales Police,-4.418086,52.889810,On or near Stryd-Y-Llan,W01000108,Gwynedd 012D,Public order,Awaiting court outcome,
44384339108a7b4486a9ac8fbdace6ff5cdec76022e2ad3500ceae2c6fbdf25f,2019-01,North Wales Police,North Wales Police,-4.419752,52.888499,On or near Ala Uchaf,W01000108,Gwynedd 012D,Robbery,Awaiting court outcome,
c3dce823e0f15084fac15d261dde5bf7cd35f3c76b11b912fd92fab08bafcfb6,2019-01,North Wales Police,North Wales Police,-4.416466,52.890625,On or near Llawrgors,W01000108,Gwynedd 012D,Shoplifting,Offender given penalty notice,
25bfdab80b14d1ea709ffcfca0bab6e88425eda7da71aa9e9bddcce54e1c6525,2019-01,North Wales Police,North Wales Police,-4.418670,52.887226,On or near Parking Area,W01000108,Gwynedd 012D,Shoplifting,Awaiting court outcome,
45926f13de0237dacc83cc3924c5746f315f1b0f905ea19360237b0b8abf74b9,2019-01,North Wales Police,North Wales Police,-4.416466,52.890625,On or near Llawrgors,W01000108,Gwynedd 012D,Shoplifting,Offender given community sentence,
64c75a78e9b8d843209571dd33a4d30b0da125d4e641af1304c8559750bf47a0,2019-01,North Wales Police,North Wales Police,-4.418670,52.887226,On or near Parking Area,W01000108,Gwynedd 012D,Shoplifting,Investigation complete; no suspect identified,
48721bb72216e530745adff56bb27f9a4861744b22937f631de20c817f824967,2019-01,North Wales Police,North Wales Police,-4.418607,52.888756,On or near Stryd Moch,W01000108,Gwynedd 012D,Violence and sexual offences,Under investigation,
d631a69020f5f0cd71bbb803926c64c26e2c55ec2ce6e7ef3b9f7eb220301373,2019-01,North Wales Police,North Wales Police,-4.419677,52.886612,On or near Penrhydlyniog,W01000108,Gwynedd 012D,Violence and sexual offences,Under investigation,
663bf71788562ee08dc93cbdec89b6cdce93cb3ffe0b4074cb5befe66626b3c8,2019-01,North Wales Police,North Wales Police,-4.418086,52.889810,On or near Stryd-Y-Llan,W01000108,Gwynedd 012D,Violence and sexual offences,Awaiting court outcome,
6e572367e70370e7c37f71c81cc9458102331e6e748ff802f2b464c9b745bee9,2019-01,North Wales Police,North Wales Police,-4.418086,52.889810,On or near Stryd-Y-Llan,W01000108,Gwynedd 012D,Violence and sexual offences,Awaiting court outcome,
6b9e09257a78d321fbce4a3e2474946adf4876cb1569649d7b2c08fc7b50ca52,2019-01,North Wales Police,North Wales Police,-4.416939,52.889500,On or near Market Square,W01000108,Gwynedd 012D,Violence and sexual offences,Unable to prosecute suspect,
04199c5b88afe95489cd8ffde7d2f21a2f01e490e6ed2b400c22c497758eb366,2019-01,North Wales Police,North Wales Police,-4.413797,52.891021,On or near Y Traeth,W01000108,Gwynedd 012D,Violence and sexual offences,Investigation complete; no suspect identified,
12927c4b04385d6459d39680747d7b7b9a0a6c172a579b505fd29b4a22690a01,2019-01,North Wales Police,North Wales Police,-4.416466,52.890625,On or near Llawrgors,W01000108,Gwynedd 012D,Violence and sexual offences,Investigation complete; no suspect identified,
8028e046fd2362533682740ec6ccfa74154729f3dedb590fac7f6f13ec3dcf29,2019-01,North Wales Police,North Wales Police,-4.418086,52.889810,On or near Stryd-Y-Llan,W01000108,Gwynedd 012D,Violence and sexual offences,Awaiting court outcome,
38b1ee19fa9da389346379947997e14e31addc4d0a3231d4c8dcb2a7b89895f8,2019-01,North Wales Police,North Wales Police,-4.418086,52.889810,On or near Stryd-Y-Llan,W01000108,Gwynedd 012D,Violence and sexual offences,Awaiting court outcome,
97fd42fda08a45ee3dd36afde3f086186047eff3e964415167fae11073055f1b,2019-01,North Wales Police,North Wales Police,-4.418086,52.889810,On or near Stryd-Y-Llan,W01000108,Gwynedd 012D,Violence and sexual offences,Unable to prosecute suspect,
1379f9be535446c75a4cbc03d242a9992249f6129bc708cb082733d8a7565b18,2019-01,North Wales Police,North Wales Police,-4.418086,52.889810,On or near Stryd-Y-Llan,W01000108,Gwynedd 012D,Violence and sexual offences,Awaiting court outcome,
bcc67ec36ad3eb9d1b7229361c55b3536f6a4559d12b51037420a167f9b3046e,2019-01,North Wales Police,North Wales Police,-4.416466,52.890625,On or near Llawrgors,W01000108,Gwynedd 012D,Violence and sexual offences,Under investigation,
3b25f793af77e822743ed35b1a9c18646445887c645264ba9cf79802c40b4b44,2019-01,North Wales Police,North Wales Police,-4.418086,52.889810,On or near Stryd-Y-Llan,W01000108,Gwynedd 012D,Violence and sexual offences,Unable to prosecute suspect,
1d4991a2fff8800ec130f1b12268356fd94714eba7390be5699e3f81a346ae9b,2019-01,North Wales Police,North Wales Police,-4.417336,52.887829,On or near Station Square,W01000108,Gwynedd 012D,Violence and sexual offences,Under investigation,
78481d443ba9194111b0978bfdc33023d451853bdbdbdf33b8e793d926f8141b,2019-01,North Wales Police,North Wales Police,-4.417336,52.887829,On or near Station Square,W01000108,Gwynedd 012D,Violence and sexual offences,Under investigation,
9f0140535fa231d6e5e83916ec462813bad21005bc89034bc2e061d9c7efa525,2019-01,North Wales Police,North Wales Police,-4.419752,52.888499,On or near Ala Uchaf,W01000108,Gwynedd 012D,Other crime,Unable to prosecute suspect,
183cdda6a23a0c32a0483ccf8e00443a3203a4f495eca758115346c390fd380a,2019-01,North Wales Police,North Wales Police,-4.408166,52.882764,On or near Morfa'R Garreg,W01000109,Gwynedd 012E,Bicycle theft,Unable to prosecute suspect,
b738f5deff0fc5143648831dae4e77478987c7dadec3d8738b7f36cbbf765ca9,2019-01,North Wales Police,North Wales Police,-4.431178,52.879103,On or near Innes Estate,W01000109,Gwynedd 012E,Criminal damage and arson,Investigation complete; no suspect identified,
fd2b1e68b7a365f6ba35e56e2bd772b960b481cbd36e5be34244b74ca907364c,2019-01,North Wales Police,North Wales Police,-4.414469,52.881701,On or near Stryd Potts,W01000109,Gwynedd 012E,Criminal damage and arson,Defendant found not guilty,
021358c5f07b55a62d69d9c26160fa99b648ce4bd528dde9607bacf6e478c2ff,2019-01,North Wales Police,North Wales Police,-4.414183,52.882174,On or near Stryd Churton,W01000109,Gwynedd 012E,Other theft,Unable to prosecute suspect,
523cab4011946d0444e77184cb64510c6028965039f1c0ad762adba6481400aa,2019-01,North Wales Police,North Wales Police,-4.417852,52.880805,On or near Y Prom,W01000109,Gwynedd 012E,Public order,Awaiting court outcome,
3f9d22fe4b21f2177dbeee8c14aa1bab086560b0ba236e9bb259ba58c2336b2c,2019-01,North Wales Police,North Wales Police,-4.414183,52.882174,On or near Stryd Churton,W01000109,Gwynedd 012E,Public order,Awaiting court outcome,
1e004e4def5eaa5cc5e5dd9e7e7084053f9bf29728d376d3579855afeb76f389,2019-01,North Wales Police,North Wales Police,-4.417852,52.880805,On or near Y Prom,W01000109,Gwynedd 012E,Public order,Under investigation,
73395a9b61b1302fefb63bec06a86ddde0a102d1a2f7a0bea13c1836f36d5d53,2019-01,North Wales Police,North Wales Police,-4.414183,52.882174,On or near Stryd Churton,W01000109,Gwynedd 012E,Public order,Unable to prosecute suspect,
7f6dfe14604fe9dd7057b8c9f406b545e73be6188ba7dc1a2241515893073144,2019-01,North Wales Police,North Wales Police,-4.430647,52.879438,On or near Lon Golff,W01000109,Gwynedd 012E,Violence and sexual offences,Under investigation,
8df525036bdb82ea3e418caa01a2a41e1ce1603ef6bb54db1a7bffdad69fecff,2019-01,North Wales Police,North Wales Police,-4.414183,52.882174,On or near Stryd Churton,W01000109,Gwynedd 012E,Violence and sexual offences,Awaiting court outcome,
47a3b7e8326535f88133835e94f847af62cea7ce7309641f7d41d3d1e6806b4d,2019-01,North Wales Police,North Wales Police,-4.414183,52.882174,On or near Stryd Churton,W01000109,Gwynedd 012E,Violence and sexual offences,Under investigation,
adf8fb5b5104530804163d37639c01f054f47bfe00ed752a4d8eaa116bd14ac9,2019-01,North Wales Police,North Wales Police,-4.414469,52.881701,On or near Stryd Potts,W01000109,Gwynedd 012E,Violence and sexual offences,Unable to prosecute suspect,
da70f2e3cd2c8ba27766d41d4a881f38465be7f8fb66d37b1ad386d77f531287,2019-01,North Wales Police,North Wales Police,-4.417852,52.880805,On or near Y Prom,W01000109,Gwynedd 012E,Violence and sexual offences,Investigation complete; no suspect identified,
3be89b326842a81bcf9e39689eeb5a01b9e0cc600388d6c20b0e3d6ce565dc1f,2019-01,North Wales Police,North Wales Police,-4.414183,52.882174,On or near Stryd Churton,W01000109,Gwynedd 012E,Violence and sexual offences,Under investigation,
6ece8eceab33c4b9369e96fbd09e000c2d49e9606fbc880d6000ba15fae0e051,2019-01,North Wales Police,North Wales Police,-4.417852,52.880805,On or near Y Prom,W01000109,Gwynedd 012E,Violence and sexual offences,Under investigation,
1d4b81c1f15019c661a9cfb42bba88f1b038b26b0af185210fa1ba810be1bd17,2019-01,North Wales Police,North Wales Police,-4.414183,52.882174,On or near Stryd Churton,W01000109,Gwynedd 012E,Violence and sexual offences,Under investigation,
171e9d4915fb23b37c8c5c26f8683128276244f9cb84aabfb6d05b420f2b6277,2019-01,North Wales Police,North Wales Police,-4.417852,52.880805,On or near Y Prom,W01000109,Gwynedd 012E,Violence and sexual offences,Awaiting court outcome,
,2019-01,North Wales Police,North Wales Police,-4.097817,52.788440,On or near Parking Area,W01000069,Gwynedd 013A,Anti-social behaviour,,
d4862e85ebc0726ae8b463c51ac04bfca2cca1b538765b4c4ff5f987d448c50a,2019-01,North Wales Police,North Wales Police,-4.097817,52.788440,On or near Parking Area,W01000069,Gwynedd 013A,Criminal damage and arson,Under investigation,
e7c93fbcc6ff7138b5d79e32d90f59e8bef36780c766a2bcd9ef68a8d976e028,2019-01,North Wales Police,North Wales Police,-4.095886,52.784986,On or near Bro Arthur,W01000069,Gwynedd 013A,Public order,Under investigation,
38da8961787b3deeddf7d8b0f24568b8effa2fd8f838227b64163d6894760afc,2019-01,North Wales Police,North Wales Police,-4.097817,52.788440,On or near Parking Area,W01000069,Gwynedd 013A,Violence and sexual offences,Unable to prosecute suspect,
dcb9a7d765072311bd4c6cfb60a0d89a15d7c321195a10210f33a5b9d89da98b,2019-01,North Wales Police,North Wales Police,-4.095800,52.789069,On or near Ffordd Y Neuadd,W01000069,Gwynedd 013A,Other crime,Unable to prosecute suspect,
1793a6885faeb67a6d4f96d306a2c43fa296c69d09de85b78a39aad141b6bf76,2019-01,North Wales Police,North Wales Police,-4.064446,52.903247,On or near Bryn Street,W01000074,Gwynedd 013B,Drugs,Offender fined,
b355c9ddb80043f80ea5d1e6c56a925a4099c32ccd9e44ccd770d0d083689e8e,2019-01,North Wales Police,North Wales Police,-4.050091,52.917288,On or near Bryn Eithin,W01000074,Gwynedd 013B,Other theft,Investigation complete; no suspect identified,
7eeb59dcd7d3057be972e78d688df705536ecb56a53d0513971685dd2eefd327,2019-01,North Wales Police,North Wales Police,-4.107336,52.860470,On or near Ffordd Pen Llech,W01000074,Gwynedd 013B,Violence and sexual offences,Unable to prosecute suspect,
2e85450873117f0dce71bb48479e23a18dc4d00df8d31fe8f9dc73911f200807,2019-01,North Wales Police,North Wales Police,-4.107523,52.865537,On or near Penyrhwlfa,W01000074,Gwynedd 013B,Violence and sexual offences,Action to be taken by another organisation,
1b9d81bf7eff5c485b675cd968db0dab419762e1a339dcbecdc0fbc200761715,2019-01,North Wales Police,North Wales Police,-4.107523,52.865537,On or near Penyrhwlfa,W01000074,Gwynedd 013B,Violence and sexual offences,Action to be taken by another organisation,
629f888a5d33db2ec28138609fbee26021108d65f3aee2f88765e8820dcc1746,2019-01,North Wales Police,North Wales Police,-4.099678,52.819373,On or near Bryn Deiliog,W01000079,Gwynedd 013C,Other theft,Local resolution,
,2019-01,North Wales Police,North Wales Police,-4.067930,52.931427,On or near Parking Area,W01000101,Gwynedd 013D,Anti-social behaviour,,
6462f05aabdbf88843a729fe56b1eafa8fcdd732d059037180f846edc86dbb96,2019-01,North Wales Police,North Wales Police,-4.087438,52.924648,On or near Maes-Y-Garth,W01000101,Gwynedd 013D,Criminal damage and arson,Investigation complete; no suspect identified,
fa851efb7a2986147241e87bcc101d3d084217e52d22e7d422b727c1f3196232,2019-01,North Wales Police,North Wales Police,-4.067542,52.930463,On or near Stryd Fawr,W01000101,Gwynedd 013D,Criminal damage and arson,Offender given community sentence,
e3fdcb569825325804adb8dc0414f38454cff5e301981d6d6a7ae1f51cc5ab85,2019-01,North Wales Police,North Wales Police,-4.067542,52.930463,On or near Stryd Fawr,W01000101,Gwynedd 013D,Criminal damage and arson,Offender given community sentence,
b75552a8b8e0429e1691fcf3096de26ecc0a67ba0a3a78055f1915d3429eaae3,2019-01,North Wales Police,North Wales Police,-4.064739,52.934090,On or near Pant Heulog,W01000101,Gwynedd 013D,Criminal damage and arson,Offender given community sentence,
f5dc1945ae10bad37f7610b497cda53850b2042133c79f16ed6b100ece4c96c5,2019-01,North Wales Police,North Wales Police,-4.092478,52.924263,On or near Stryd Fawr,W01000101,Gwynedd 013D,Drugs,Under investigation,
e7ae99529cc9cfca686a90d414598e3e52f83ae2fed9e5f4ba4f1ba642b2b5fe,2019-01,North Wales Police,North Wales Police,-4.068069,52.929662,On or near Stryd Yr Ysgol,W01000101,Gwynedd 013D,Violence and sexual offences,Unable to prosecute suspect,
53163dfc33132ef8a2045b38f72801d90f43b2d2c8363d04daee4384e4bcefd4,2019-01,North Wales Police,North Wales Police,-4.074466,52.927456,On or near Maes Hendre,W01000101,Gwynedd 013D,Violence and sexual offences,Offender given a caution,
a2d1ea526638cde9d7be991f9f3b180d2ce4d947783e2dae617df84a5b6e1252,2019-01,North Wales Police,North Wales Police,-4.087438,52.924648,On or near Maes-Y-Garth,W01000101,Gwynedd 013D,Violence and sexual offences,Under investigation,
1c1714c22c97201b101001ffb9563d240a8aedc2642277082cb801f35a156be2,2019-01,North Wales Police,North Wales Police,-4.064739,52.934090,On or near Pant Heulog,W01000101,Gwynedd 013D,Violence and sexual offences,Unable to prosecute suspect,
f56c4693c14192ba0d06f8c805b3dbe94bcb54bf924e1f5579545abdcaed8338,2019-01,North Wales Police,North Wales Police,-4.524005,52.846261,On or near Parciau,W01000084,Gwynedd 014D,Criminal damage and arson,Under investigation,
c1082c4c034b486b021594d269acd9e83e546a71bb87eab9467c50e16e7535a5,2019-01,North Wales Police,North Wales Police,-4.523335,52.847003,On or near Ystad Mur Poeth,W01000084,Gwynedd 014D,Violence and sexual offences,Under investigation,
,2019-01,North Wales Police,North Wales Police,-4.685059,52.823653,On or near B4413,W01001932,Gwynedd 014E,Anti-social behaviour,,
,2019-01,North Wales Police,North Wales Police,-4.606925,52.855474,On or near B4413,W01001932,Gwynedd 014E,Anti-social behaviour,,
2fbd588fd61d3233fec1cabf38db9f1e5c2c7952ee61b9962f37c0b07a601f31,2019-01,North Wales Police,North Wales Police,-4.685059,52.823653,On or near B4413,W01001932,Gwynedd 014E,Other theft,Investigation complete; no suspect identified,
ab1be1135e1621961b04731053c6815f0eb5c196ebbd87fcac9844ae2bcf3f74,2019-01,North Wales Police,North Wales Police,-4.736154,52.803350,On or near Lon Uwchmynydd,W01001932,Gwynedd 014E,Violence and sexual offences,Under investigation,
1d5bc7f674cffe77ac86403fa4e211f89837a52c1793f26e6e2731a62f317c4e,2019-01,North Wales Police,North Wales Police,-4.685059,52.823653,On or near B4413,W01001932,Gwynedd 014E,Violence and sexual offences,Under investigation,
,2019-01,North Wales Police,North Wales Police,-3.601804,52.908870,On or near Bala Police Station,W01000051,Gwynedd 015A,Anti-social behaviour,,
,2019-01,North Wales Police,North Wales Police,-3.601804,52.908870,On or near Bala Police Station,W01000051,Gwynedd 015A,Anti-social behaviour,,
,2019-01,North Wales Police,North Wales Police,-3.597758,52.911279,On or near Stryd Yr Eglwys,W01000051,Gwynedd 015A,Anti-social behaviour,,
aff8ad54ad07dbc23ca18d61153c3b06795049edef5561f8890c48a1aa24af52,2019-01,North Wales Police,North Wales Police,-3.592427,52.907845,On or near B4391,W01000051,Gwynedd 015A,Burglary,Under investigation,
9a33b2dee808fc454aaa736423e1ac80cd58d2cb5f00a35d19a1f86d5fb7f39e,2019-01,North Wales Police,North Wales Police,-3.596584,52.910882,On or near Mount Street,W01000051,Gwynedd 015A,Criminal damage and arson,Under investigation,
a19cd582213a7db89777ed86a56a03abcb3d1101f347e920c5cb710410ab7b46,2019-01,North Wales Police,North Wales Police,-3.596084,52.912264,On or near Heol Ffrydan,W01000051,Gwynedd 015A,Drugs,Unable to prosecute suspect,
f8475ee62e03aca45352e34faf402f38a2d790a9dc4ccc97580a05e3451ad763,2019-01,North Wales Police,North Wales Police,-3.597758,52.911279,On or near Stryd Yr Eglwys,W01000051,Gwynedd 015A,Other theft,Unable to prosecute suspect,
266477d73f747b15c20719344940f6379c38d8185c91030e7025c57af028c4de,2019-01,North Wales Police,North Wales Police,-3.599346,52.909559,On or near Supermarket,W01000051,Gwynedd 015A,Shoplifting,Awaiting court outcome,
392e0b71bda9e7f351a302fe90984fa15d4f72b2d1ea904a715493aa10377ef4,2019-01,North Wales Police,North Wales Police,-3.599346,52.909559,On or near Supermarket,W01000051,Gwynedd 015A,Shoplifting,Awaiting court outcome,
826a68d06bb3dc4a43bf4fa1849e549ed38f562e4b0a3c53f4a38578bf5a587c,2019-01,North Wales Police,North Wales Police,-3.599346,52.909559,On or near Supermarket,W01000051,Gwynedd 015A,Shoplifting,Awaiting court outcome,
7c758e0e220147eb67cf1ca6f8a7c2a419566e980b44d177efb6b039054ac8d8,2019-01,North Wales Police,North Wales Police,-3.598240,52.910635,On or near Y Stryd Fawr,W01000051,Gwynedd 015A,Violence and sexual offences,Under investigation,
3ef37f8d8e2fe0a3636d39363a1f2ef08565b2ddf032582c736de7c01c881267,2019-01,North Wales Police,North Wales Police,-3.598793,52.910717,On or near Cambrian Terrace,W01000051,Gwynedd 015A,Violence and sexual offences,Under investigation,
1776fe49f7c46c27af91b910b7234cf55207e19d4f9165c025c964defcf7765b,2019-01,North Wales Police,North Wales Police,-3.598793,52.910717,On or near Cambrian Terrace,W01000051,Gwynedd 015A,Violence and sexual offences,Unable to prosecute suspect,
5698abdc4dd4bcce28271dd0458d829cb730076477cf800dd724a9e179e06620,2019-01,North Wales Police,North Wales Police,-3.594696,52.912525,On or near Station Road,W01000051,Gwynedd 015A,Violence and sexual offences,Offender given a caution,
7298c8cc48b0b6caa7046199f842e5ccf01d6608364c0e548eba41feaf8e41b5,2019-01,North Wales Police,North Wales Police,-3.598240,52.910635,On or near Y Stryd Fawr,W01000051,Gwynedd 015A,Violence and sexual offences,Under investigation,
,2019-01,North Wales Police,North Wales Police,-3.820147,52.672181,On or near Pensarn,W01000060,Gwynedd 015B,Anti-social behaviour,,
,2019-01,North Wales Police,North Wales Police,-3.850186,52.655361,On or near Parking Area,W01000060,Gwynedd 015B,Anti-social behaviour,,
def4b747c23505dd6d63ec29e6ee3f8af803ab4bf99f613187f02e024883fe30,2019-01,North Wales Police,North Wales Police,-3.691100,52.714264,On or near Parking Area,W01000060,Gwynedd 015B,Violence and sexual offences,Unable to prosecute suspect,
a5bf1e621b52cc85493b27f38c7f82006c881c93021813751a14760ecb2ed6f0,2019-01,North Wales Police,North Wales Police,-3.634655,52.939726,On or near Glan Tryweryn,W01000082,Gwynedd 015C,Violence and sexual offences,Under investigation,
2cd2706ade5c1f87e6e87df3fde10ced85932b17b1d63a932fd29ea52f9b7c1d,2019-01,North Wales Police,North Wales Police,-3.634655,52.939726,On or near Glan Tryweryn,W01000082,Gwynedd 015C,Violence and sexual offences,Under investigation,
,2019-01,North Wales Police,North Wales Police,-3.668905,52.854444,On or near Maes-Y-Pandy,W01000083,Gwynedd 015D,Anti-social behaviour,,
e83a3f34142f9d012e73053b317e0c27f3438f8b28ac8e9e08eb98b8c82472d4,2019-01,North Wales Police,North Wales Police,-3.617821,52.897756,On or near Parking Area,W01000083,Gwynedd 015D,Drugs,Under investigation,
6ea2c3ad4404318320e789aabc11a3746129c20f910ffb3a8bab6eb3210229fc,2019-01,North Wales Police,North Wales Police,-3.617821,52.897756,On or near Parking Area,W01000083,Gwynedd 015D,Violence and sexual offences,Under investigation,
16600951886a9019b651e62fd0e9c24fc6e405f657f34eb45ed2aec25478f156,2019-01,North Wales Police,North Wales Police,-3.644612,52.878913,On or near Pedestrian Subway,W01000083,Gwynedd 015D,Violence and sexual offences,Unable to prosecute suspect,
8bb729e3307f6c16172bb3b6ecac76ced4221a823e200705d68f9ecbfb466fb5,2019-01,North Wales Police,North Wales Police,-3.632025,52.874969,On or near Parking Area,W01000083,Gwynedd 015D,Violence and sexual offences,Unable to prosecute suspect,
,2019-01,North Wales Police,North Wales Police,-4.058093,52.725434,On or near Bryn Mynach Road,W01000048,Gwynedd 016A,Anti-social behaviour,,
9ae83d806b105338ea52e88f505052e3fb4ff932d811875ccf82e111080c7396,2019-01,North Wales Police,North Wales Police,-4.058417,52.724152,On or near Petrol Station,W01000048,Gwynedd 016A,Violence and sexual offences,Further investigation is not in the public interest,
,2019-01,North Wales Police,North Wales Police,-4.055320,52.722219,On or near Beach Road,W01000049,Gwynedd 016B,Anti-social behaviour,,
,2019-01,North Wales Police,North Wales Police,-4.054467,52.721074,On or near Jubilee Road,W01000049,Gwynedd 016B,Anti-social behaviour,,
ca89cbbdf379594c459a34d75c3b36b24be85ade67ea7f925d80ba95b09bd7b3,2019-01,North Wales Police,North Wales Police,-4.051951,52.720155,On or near Stryd Yr Eglwys,W01000049,Gwynedd 016B,Drugs,Offender given a drugs possession warning,
e8ddb6a4f1b01c876cb6960c7175243e8b56f499dbde0ce2cb677a90493da6aa,2019-01,North Wales Police,North Wales Police,-4.055320,52.722219,On or near Beach Road,W01000049,Gwynedd 016B,Public order,Under investigation,
440c4a4e468090c0c4fb2a5f5986d1ae71a5ee444dfa7ab15b79b2330b51c090,2019-01,North Wales Police,North Wales Police,-4.055320,52.722219,On or near Beach Road,W01000049,Gwynedd 016B,Violence and sexual offences,Unable to prosecute suspect,
4ce0bc4bdad36e31d334781b1e92644545a8353ebf5d316ebeed3821c33ed009,2019-01,North Wales Police,North Wales Police,-4.051951,52.720155,On or near Stryd Yr Eglwys,W01000049,Gwynedd 016B,Violence and sexual offences,Unable to prosecute suspect,
0a36c9e1974100becd32868c9cf6a8febac82cc818fc7acf1cf3c79dfd1dc2e1,2019-01,North Wales Police,North Wales Police,-4.055320,52.722219,On or near Beach Road,W01000049,Gwynedd 016B,Violence and sexual offences,Further investigation is not in the public interest,
ed630436df3c66fc261d1dfa6cb2ecc6e1528b05758eee494d3f89c2170fe7eb,2019-01,North Wales Police,North Wales Police,-4.057078,52.724022,On or near King Edward'S Street,W01000049,Gwynedd 016B,Violence and sexual offences,Under investigation,
7461a7e1a32d45ae1270c00e4c825c76a3e4a8061ba5470eb686dca1d10f39aa,2019-01,North Wales Police,North Wales Police,-4.057078,52.724022,On or near King Edward'S Street,W01000049,Gwynedd 016B,Violence and sexual offences,Under investigation,
e77d2f2ffac7320768ecb476ccd09862a1b1e498e21fba63edf9b92c1ef52052,2019-01,North Wales Police,North Wales Police,-4.057078,52.724022,On or near King Edward'S Street,W01000049,Gwynedd 016B,Violence and sexual offences,Under investigation,
e041dd16f4b42fc50530c779ae6397a209186faddb99afd9c8e6af6ce7779d93,2019-01,North Wales Police,North Wales Police,-4.054436,52.722630,On or near Water Street,W01000049,Gwynedd 016B,Violence and sexual offences,Under investigation,
e89830d411ae423a1c35a65313f558d861763c0785d8390da985c0d9d0b30347,2019-01,North Wales Police,North Wales Police,-3.784173,52.777614,On or near A494,W01000057,Gwynedd 016C,Violence and sexual offences,Unable to prosecute suspect,
996a46aadaf12363e37b562c83387aa86cd84fb934fce619a25e19b832754128,2019-01,North Wales Police,North Wales Police,-3.857647,52.813681,On or near Parking Area,W01000057,Gwynedd 016C,Violence and sexual offences,Unable to prosecute suspect,
,2019-01,North Wales Police,North Wales Police,-3.885631,52.742671,On or near Stryd Fawr,W01000067,Gwynedd 016D,Anti-social behaviour,,
,2019-01,North Wales Police,North Wales Police,-3.884935,52.742682,On or near Wtra R Felin,W01000067,Gwynedd 016D,Anti-social behaviour,,
3be92c4883b60065d03b9220346fc7ca6997be1405dc58d0c3da51bf29949b6f,2019-01,North Wales Police,North Wales Police,-3.889370,52.743474,On or near Parking Area,W01000067,Gwynedd 016D,Criminal damage and arson,Under investigation,
f30ad4543c93a0e5910356f5d25c2167ecbd93dfc3b65da6098b385f758cee35,2019-01,North Wales Police,North Wales Police,-3.885940,52.743295,On or near Lion Street,W01000067,Gwynedd 016D,Criminal damage and arson,Local resolution,
b2a8fd3d96655979f1c51e662d7b52a66cc68c4921c040607d5e1ad5fac0ddd5,2019-01,North Wales Police,North Wales Police,-3.885940,52.743295,On or near Lion Street,W01000067,Gwynedd 016D,Drugs,Offender given a drugs possession warning,
fc53e98399cd6b6100879cba14bc6883683c2c9d327507518e88d30719e1eb36,2019-01,North Wales Police,North Wales Police,-3.879806,52.744319,On or near Sports/Recreation Area,W01000067,Gwynedd 016D,Other theft,Investigation complete; no suspect identified,
3b8e052b917524ee05f0dbd41799fbd5e8f28e798f39499eea9e91f7e92a1f72,2019-01,North Wales Police,North Wales Police,-3.885631,52.742671,On or near Stryd Fawr,W01000067,Gwynedd 016D,Public order,Awaiting court outcome,
7df8edd010f4f0b452bb1d8f906bad71b0246a21c128f0e9dc8e25a7467ef650,2019-01,North Wales Police,North Wales Police,-3.885023,52.743004,On or near Plas-Yn-Dref Street,W01000067,Gwynedd 016D,Public order,Under investigation,
b1097072a3f803fae635a25878ec992e54076d080646d07cf6598274fdcd78f9,2019-01,North Wales Police,North Wales Police,-3.881744,52.742544,On or near Supermarket,W01000067,Gwynedd 016D,Shoplifting,Investigation complete; no suspect identified,
a6fa5f3fddcc591ec683f0169c5681044123c96e4e1a52526d3a0a686a33a237,2019-01,North Wales Police,North Wales Police,-3.885631,52.742671,On or near Stryd Fawr,W01000067,Gwynedd 016D,Violence and sexual offences,Offender given community sentence,
53939aea34193bb1613be219de2078949c58619918d054807032da1ad839c12f,2019-01,North Wales Police,North Wales Police,-3.884935,52.742682,On or near Wtra R Felin,W01000067,Gwynedd 016D,Violence and sexual offences,Awaiting court outcome,
c957e2af05fa8286056e3e8315ab8aa9543348befe6a48d9e3681db559fbd804,2019-01,North Wales Police,North Wales Police,-3.906196,52.746783,On or near Parking Area,W01000067,Gwynedd 016D,Violence and sexual offences,Formal action is not in the public interest,
56d082f78ab6fb252b3e5d2e7cbf5c45b87fd53f54c2cb774647345d57828bc6,2019-01,North Wales Police,North Wales Police,-3.887647,52.742000,On or near Heol-Y-Capel,W01000067,Gwynedd 016D,Violence and sexual offences,Unable to prosecute suspect,
,2019-01,North Wales Police,North Wales Police,-3.863914,52.741306,On or near Fron Serth,W01000068,Gwynedd 016E,Anti-social behaviour,,
,2019-01,North Wales Police,North Wales Police,-3.879468,52.741285,On or near Wern Las Hospital Drive,W01000068,Gwynedd 016E,Anti-social behaviour,,
d12771ec7e952405de3a0b9c40a613b88d12c3a353e6655c346407a30aa8d115,2019-01,North Wales Police,North Wales Police,-3.893142,52.741310,On or near Fronwnion,W01000068,Gwynedd 016E,Burglary,Investigation complete; no suspect identified,
96939437450f365cbaee601f58703a76d420bfca909125c5801812282503b2c8,2019-01,North Wales Police,North Wales Police,-3.884483,52.742491,On or near Smithfield Square,W01000068,Gwynedd 016E,Criminal damage and arson,Under investigation,
b38b714293ea9b11617a438a5b4ad0a7a947e31f8f360757b2636feddbfb09cb,2019-01,North Wales Police,North Wales Police,-3.884798,52.742243,On or near Wtra Plas Coch,W01000068,Gwynedd 016E,Other theft,Under investigation,
5e7eabc3a976ccd437ed9cb2c0e3b695a4007ab3ae8c10712e46d2e7b8274e88,2019-01,North Wales Police,North Wales Police,-3.879468,52.741285,On or near Wern Las Hospital Drive,W01000068,Gwynedd 016E,Other theft,Investigation complete; no suspect identified,
b4ba918b1865f44d1b18f2d03f9436db01742b972af90c6c86190cb0f05d8f6f,2019-01,North Wales Police,North Wales Police,-3.882314,52.741663,On or near Ffordd Y Felin,W01000068,Gwynedd 016E,Violence and sexual offences,Unable to prosecute suspect,
9edea479bf1a538d82a3dcec21a2d67f3f3c42d4b4018e27c658bec7535ee8cd,2019-01,North Wales Police,North Wales Police,-3.878192,52.738833,On or near Cae Idris,W01000068,Gwynedd 016E,Violence and sexual offences,Unable to prosecute suspect,
08aebd5d96876e53c41c7b54e56f943701c2f3e9fe12a7c0bfc8f9ae4c98941c,2019-01,North Wales Police,North Wales Police,-3.882314,52.741663,On or near Ffordd Y Felin,W01000068,Gwynedd 016E,Violence and sexual offences,Unable to prosecute suspect,
552ac0d65f815dc325d201321df75e30777fc48d8541da28b03b372cbf554fdd,2019-01,North Wales Police,North Wales Police,-3.879468,52.741285,On or near Wern Las Hospital Drive,W01000068,Gwynedd 016E,Violence and sexual offences,Local resolution,
,2019-01,North Wales Police,North Wales Police,-4.085196,52.665879,On or near Parking Area,W01000085,Gwynedd 017C,Anti-social behaviour,,
,2019-01,North Wales Police,North Wales Police,-4.051395,52.697894,On or near Glan Y Mor,W01000085,Gwynedd 017C,Anti-social behaviour,,
01230d31f86a9249f500e656198c6c2f4302020f1fcb8f6a737e978649efcc27,2019-01,North Wales Police,North Wales Police,-4.078867,52.626330,On or near A493,W01000085,Gwynedd 017C,Criminal damage and arson,Unable to prosecute suspect,
d4649960719ad6e6d8136c40e4e46a035e88eb4f84a03d79d8c692f0acff4ce2,2019-01,North Wales Police,North Wales Police,-4.081907,52.670118,On or near Ffordd Crynwyr,W01000085,Gwynedd 017C,Public order,Under investigation,
8c1e3f4b300c11fd1306402bba040a43d2e01d1832af7baa3beff7f4bfb82b48,2019-01,North Wales Police,North Wales Police,-4.078867,52.626330,On or near A493,W01000085,Gwynedd 017C,Violence and sexual offences,Further investigation is not in the public interest,
05170efef457f0c2cf45dc14727b962a5ac686550d1831be2e3f2cba081d5d07,2019-01,North Wales Police,North Wales Police,-4.043903,52.697196,On or near Ffordd Y Bryn,W01000085,Gwynedd 017C,Violence and sexual offences,Unable to prosecute suspect,
7d6a1d624ba7f112b122c51acf16a36c716e5dcf0f56116213c3cdbea111afd3,2019-01,North Wales Police,North Wales Police,-4.004226,52.714327,On or near A493,W01000085,Gwynedd 017C,Violence and sexual offences,Action to be taken by another organisation,
10a66817546b3224b8ec70c15454c43f0bab0e508b23c5dd291abea75994b33a,2019-01,North Wales Police,North Wales Police,-4.078867,52.626330,On or near A493,W01000085,Gwynedd 017C,Violence and sexual offences,Under investigation,
9406509c47f3a87d78b2232ad79f9fd89a6724d1b7d7ad022841e5ebb02442ed,2019-01,North Wales Police,North Wales Police,-4.078867,52.626330,On or near A493,W01000085,Gwynedd 017C,Violence and sexual offences,Under investigation,
,2019-01,North Wales Police,North Wales Police,-4.099253,52.582408,On or near Marine Parade,W01000116,Gwynedd 017D,Anti-social behaviour,,
,2019-01,North Wales Police,North Wales Police,-4.100639,52.583902,On or near Parking Area,W01000116,Gwynedd 017D,Anti-social behaviour,,
bac89454a1873f07d0faf95756760a03f215e2a89377b84c32750284be2c64e5,2019-01,North Wales Police,North Wales Police,-4.077651,52.581638,On or near A493,W01000116,Gwynedd 017D,Other theft,Investigation complete; no suspect identified,
19a924761c15181187c70f1b8008f9071436bc2df14ab0f55837a3ee3dd0ff0c,2019-01,North Wales Police,North Wales Police,-4.081396,52.589026,On or near Petrol Station,W01000116,Gwynedd 017D,Other theft,Investigation complete; no suspect identified,
dcf7574603212fdd162092eb65aeb02c84479e1b716b5bfdf27c53543d09591d,2019-01,North Wales Police,North Wales Police,-4.094562,52.583390,On or near Corbett Close,W01000116,Gwynedd 017D,Other theft,Under investigation,
849d2fe083872337ff23f30d57545ea4e219eba9c1798d7a7d5fb8ab33c1bf62,2019-01,North Wales Police,North Wales Police,-4.094860,52.581272,On or near Warwick Place,W01000116,Gwynedd 017D,Vehicle crime,Under investigation,
18b789f4781f41a9a0a8868b9a84174693acb217df72a9e868739585503fee6b,2019-01,North Wales Police,North Wales Police,-4.088655,52.580239,On or near Faenol Isaf,W01000116,Gwynedd 017D,Violence and sexual offences,Under investigation,
7a604072a70ddbbf3c8af9f52daa27e8d0269299224b5b283a08931f7c9e176a,2019-01,North Wales Police,North Wales Police,-4.088655,52.580239,On or near Faenol Isaf,W01000116,Gwynedd 017D,Violence and sexual offences,Unable to prosecute suspect,
272dafc5599751fc9393cc8319a0dffc7cfe2d2236061d23a1979c46fda95312,2019-01,North Wales Police,North Wales Police,-4.100639,52.583902,On or near Parking Area,W01000116,Gwynedd 017D,Violence and sexual offences,Under investigation,
32877efa1997417d6cca112f5c6f433392ac0fa58d78145ccc6d6092709beb09,2019-01,North Wales Police,North Wales Police,-4.100639,52.583902,On or near Parking Area,W01000116,Gwynedd 017D,Violence and sexual offences,Under investigation,
4a5b856a9fc7b2621b779e4aef211e8b3786b6d4f44be82f760a878db75aabcd,2019-01,North Wales Police,North Wales Police,-4.097849,52.585445,On or near Maes Newydd,W01000116,Gwynedd 017D,Violence and sexual offences,Unable to prosecute suspect,
30920654eed310cf0be952d522d5d56e46d7818cd07ef4177c15b55e5465bb4d,2019-01,North Wales Police,North Wales Police,-4.088655,52.580239,On or near Faenol Isaf,W01000116,Gwynedd 017D,Other crime,Under investigation,
c2da8c79f716530a8eccb748d96f8b2542c3d4e888fb8cf0256350d917691841,2019-01,North Wales Police,North Wales Police,-4.082445,52.587785,On or near Brook Street,W01000117,Gwynedd 017E,Other theft,Under investigation,
f5198b83a4aa9173cbbb2822fff361e09f5eec5de1f8a44415f609bb5cd6ffdd,2019-01,North Wales Police,North Wales Police,-4.094564,52.586528,On or near Idris Villas,W01000117,Gwynedd 017E,Violence and sexual offences,Under investigation,
b13934fd54bab8b6a4e5996377a9d15d5f1d5a1662ab4020a5d9944f6818b15e,2019-01,North Wales Police,North Wales Police,-4.092066,52.584908,On or near Supermarket,W01000117,Gwynedd 017E,Violence and sexual offences,Unable to prosecute suspect,
5c530ad1b8940e9fe97ebab90c228185edc07cfba46561d432dce9e4fb8e9b65,2019-01,North Wales Police,North Wales Police,-4.100047,52.589443,On or near Sandilands Road,W01000117,Gwynedd 017E,Violence and sexual offences,Under investigation,
5773dc163a3b4c6ad0e0534b4ba88518a4b7e94bf4ca845df4f6a273fe9889dc,2019-01,North Wales Police,North Wales Police,-4.094564,52.586528,On or near Idris Villas,W01000117,Gwynedd 017E,Violence and sexual offences,Under investigation,
234f82edd499209c6c318cd97c4e937e9cac6dbfdafbbc15cd4e4885774ebf6d,2019-01,North Wales Police,North Wales Police,-4.100047,52.589443,On or near Sandilands Road,W01000117,Gwynedd 017E,Violence and sexual offences,Under investigation,
7b4ae409fe81cfb206dbf3e227428bb68c720441aeb87209ded15856b71c777d,2019-01,North Wales Police,North Wales Police,-3.878872,52.676452,On or near Rhiw Staerdywyll,W01001933,Gwynedd 017F,Burglary,Under investigation,
68f0700fba2f15e029fb7faf36090af6f06065d95d3b8472ccc5479aba031c3f,2019-01,North Wales Police,North Wales Police,-4.061191,52.545412,On or near Parking Area,W01001933,Gwynedd 017F,Burglary,Investigation complete; no suspect identified,
b29d0d4c37cc2d73f869b42d1444f6bec4fcacee734e08a88a81158c565e05be,2019-01,North Wales Police,North Wales Police,-4.043439,52.544560,On or near Church Street,W01001933,Gwynedd 017F,Criminal damage and arson,Investigation complete; no suspect identified,
2d0bc8c43d7ec99007d802d30d3d0dbe2fa782c0c7967e878d6176ee9daed990,2019-01,North Wales Police,North Wales Police,-4.054989,52.609924,On or near Parking Area,W01001933,Gwynedd 017F,Violence and sexual offences,Unable to prosecute suspect,
283618248a367c607af7beba53048985e4796e3c3d2748fc0ea2ed77b8f52255,2019-01,North Wales Police,North Wales Police,-3.921462,52.586155,On or near Tower Road,W01001933,Gwynedd 017F,Violence and sexual offences,Under investigation,
,2019-01,North Wales Police,North Wales Police,-4.339459,53.409539,On or near Madyn Dysw,W01000003,Isle of Anglesey 001A,Anti-social behaviour,,
,2019-01,North Wales Police,North Wales Police,-4.348227,53.409474,On or near Stryd Mona,W01000003,Isle of Anglesey 001A,Anti-social behaviour,,
,2019-01,North Wales Police,North Wales Police,-4.348227,53.409474,On or near Stryd Mona,W01000003,Isle of Anglesey 001A,Anti-social behaviour,,
95af43e934636a0d6236a0541084a1fb0cb4e69582063032b10b58c8d7ef2374,2019-01,North Wales Police,North Wales Police,-4.342210,53.411418,On or near Wesley Street,W01000003,Isle of Anglesey 001A,Burglary,Unable to prosecute suspect,
f2f26794af43d04d8bc27511e81511bdcd29a3a93268cce5d50f6cc33d153e26,2019-01,North Wales Police,North Wales Police,-4.336940,53.412186,On or near Stryd Y Glorian,W01000003,Isle of Anglesey 001A,Criminal damage and arson,Under investigation,
b494098ad287074decede4d640fac06cd16aab2f23602fa2b9a6c557f4c898dd,2019-01,North Wales Police,North Wales Police,-4.331207,53.414384,On or near Llyn Brics,W01000003,Isle of Anglesey 001A,Criminal damage and arson,Investigation complete; no suspect identified,
194d46cd33c738187ba73c8d15578778601a301704c2dfa19133270502debc08,2019-01,North Wales Police,North Wales Police,-4.336940,53.412186,On or near Stryd Y Glorian,W01000003,Isle of Anglesey 001A,Other theft,Unable to prosecute suspect,
221ba05758e074a877be01331967bffca7970771dec819e396fb0e1b9f9f7255,2019-01,North Wales Police,North Wales Police,-4.345424,53.409395,On or near Glan-Yr-Afon,W01000003,Isle of Anglesey 001A,Violence and sexual offences,Unable to prosecute suspect,
056a620f7b6cca7d5adf090b6bebce89fc173e47d18e052ed6c8bc8dea91abcc,2019-01,North Wales Police,North Wales Police,-4.336940,53.412186,On or near Stryd Y Glorian,W01000003,Isle of Anglesey 001A,Violence and sexual offences,Under investigation,
418a9acf4e7a8c93b335165d2f0ce1299d91498708ce3d1058b6dc0bf7709fc6,2019-01,North Wales Police,North Wales Police,-4.336940,53.412186,On or near Stryd Y Glorian,W01000003,Isle of Anglesey 001A,Violence and sexual offences,Under investigation,
6ca82bc9dd9ba571245ec533d971394ac5161fee33beda9e1321da5020081349,2019-01,North Wales Police,North Wales Police,-4.344834,53.410710,On or near Stryd Y Farchnad,W01000003,Isle of Anglesey 001A,Violence and sexual offences,Unable to prosecute suspect,
,2019-01,North Wales Police,North Wales Police,-4.373600,53.420076,On or near Lon Goed,W01000004,Isle of Anglesey 001B,Anti-social behaviour,,
bfaff0559a139e56ff72a5d6ad4743baaa7d1f494ef67be833bb28edb1214a46,2019-01,North Wales Police,North Wales Police,-4.364460,53.402384,On or near Kensington Close,W01000004,Isle of Anglesey 001B,Criminal damage and arson,Investigation complete; no suspect identified,
df8c6b909a54516e822af6e35e0d89c925a5d03884626030f69ecf0f9e51c57f,2019-01,North Wales Police,North Wales Police,-4.348104,53.411329,On or near Ystad Gwylfa,W01000004,Isle of Anglesey 001B,Criminal damage and arson,Investigation complete; no suspect identified,
0cefd7dfadc7b3a09c77871a34244e7e0e584e6b71fa25de4bb4fe57670750a4,2019-01,North Wales Police,North Wales Police,-4.364460,53.402384,On or near Kensington Close,W01000004,Isle of Anglesey 001B,Other theft,Investigation complete; no suspect identified,
8bfc26c3d270cebf82026b00f945f42eb359ab69d73eab5d974961a000357a14,2019-01,North Wales Police,North Wales Police,-4.350328,53.402816,On or near Sports/Recreation Area,W01000004,Isle of Anglesey 001B,Violence and sexual offences,Under investigation,
514969f13e0abcdf52df5a0c6b008bdec733634b03b69f707fd2b442d32bd23c,2019-01,North Wales Police,North Wales Police,-4.364460,53.402384,On or near Kensington Close,W01000004,Isle of Anglesey 001B,Violence and sexual offences,Unable to prosecute suspect,
,2019-01,North Wales Police,North Wales Police,-4.451100,53.413079,On or near Athol Street,W01000018,Isle of Anglesey 001C,Anti-social behaviour,,
6b0499c401b200aa58dbd343e1ca7783bc8851da9771c4ed71594c3b011a9f22,2019-01,North Wales Police,North Wales Police,-4.473836,53.403979,On or near Garnedd Cae,W01000018,Isle of Anglesey 001C,Violence and sexual offences,Under investigation,
,2019-01,North Wales Police,North Wales Police,-4.432790,53.291563,On or near B5109,W01000028,Isle of Anglesey 001D,Anti-social behaviour,,
14516c85caafa0370093023eb8b19f76eaa2cb6f9b2dd52794284f642b78e3d9,2019-01,North Wales Police,North Wales Police,-4.374126,53.330103,On or near High Street,W01000028,Isle of Anglesey 001D,Criminal damage and arson,Investigation complete; no suspect identified,
65704c6898e4b26f9a77d4f48dd06875cc97b78f12b1e8a5dfcb84cd1d22a8c2,2019-01,North Wales Police,North Wales Police,-4.371723,53.328749,On or near Cae'R Delyn,W01000028,Isle of Anglesey 001D,Drugs,Offender deprived of property,
0e79452be873b0250ac6de0154da20cccd85feb59b40854daac7817a857f4084,2019-01,North Wales Police,North Wales Police,-4.379657,53.330173,On or near Holyhead Road,W01000028,Isle of Anglesey 001D,Violence and sexual offences,Unable to prosecute suspect,
44a2ee56208c9defb859cc9dc276b41b39e64c606f7130e571527b7dc46cddc6,2019-01,North Wales Police,North Wales Police,-4.404156,53.321419,On or near B5112,W01000028,Isle of Anglesey 001D,Violence and sexual offences,Formal action is not in the public interest,
d4f62ce64fa81ad7a29d8da575086baba5ae2772ec3243cd46888f5cdff30fd1,2019-01,North Wales Police,North Wales Police,-4.373482,53.329325,On or near Lon Cilgwyn,W01000028,Isle of Anglesey 001D,Violence and sexual offences,Unable to prosecute suspect,
,2019-01,North Wales Police,North Wales Police,-4.453568,53.392709,On or near Rhes Y Goron,W01000031,Isle of Anglesey 001E,Anti-social behaviour,,
5e1dc27ea6953c0b2114b4abe8a31897d142aacd12c8339ffe60fca7e9e54465,2019-01,North Wales Police,North Wales Police,-4.456822,53.391752,On or near Pen Y Bont,W01000031,Isle of Anglesey 001E,Criminal damage and arson,Further investigation is not in the public interest,
00ebd0408e4f2d3f6cfb73d13f56431da9f07656866c6c28a2e6a87eff7c16e6,2019-01,North Wales Police,North Wales Police,-4.455155,53.394663,On or near Maes Bwcla,W01000031,Isle of Anglesey 001E,Public order,Under investigation,
831edbb3ee6f8acf09c35adcedfa6c2a9860d5b3b567d5d390c96736d0b20411,2019-01,North Wales Police,North Wales Police,-4.227479,53.319618,On or near Bryn Siriol,W01000010,Isle of Anglesey 002A,Burglary,Awaiting court outcome,
50fbc2589a3486917cd0289f44eb7e962573334358c83f7e14c35f460f775ba5,2019-01,North Wales Police,North Wales Police,-4.227427,53.317470,On or near Ffordd Bangor,W01000010,Isle of Anglesey 002A,Criminal damage and arson,Unable to prosecute suspect,
a3e2a5b77053801ad2bf864f41460d72057064b9203fd2a312f668a55b2089e6,2019-01,North Wales Police,North Wales Police,-4.225234,53.323517,On or near Amlwch Road,W01000010,Isle of Anglesey 002A,Violence and sexual offences,Action to be taken by another organisation,
2620d3b0e820429a6005c94c0231bcdaf8d08863c8b0bc7f13b05fd70c2b0aac,2019-01,North Wales Police,North Wales Police,-4.226112,53.321909,On or near Petrol Station,W01000010,Isle of Anglesey 002A,Violence and sexual offences,Investigation complete; no suspect identified,
fe5dfd68152d78061ffdea61a022a3f360ce4afde3f1d3242d6f4c434cc0f57d,2019-01,North Wales Police,North Wales Police,-4.224304,53.313428,On or near A5025,W01000010,Isle of Anglesey 002A,Violence and sexual offences,Investigation complete; no suspect identified,
e77fffd7f6739ecee5abd77c24e885dbc32071d706a74f59f8ccd4d8ba98a368,2019-01,North Wales Police,North Wales Police,-4.339227,53.287367,On or near B5111,W01000020,Isle of Anglesey 002B,Other theft,Under investigation,
84c98ed373ec81d2d42f02a6346677e302c754cfa18e1bd92711deec13ef65e2,2019-01,North Wales Police,North Wales Police,-4.264952,53.269085,On or near Maes Gwyn,W01000020,Isle of Anglesey 002B,Other theft,Investigation complete; no suspect identified,
5c3b3d81f1e36678196575597c9642851f1fce3654ce1f6e92d12b3345c2a26a,2019-01,North Wales Police,North Wales Police,-4.339227,53.287367,On or near B5111,W01000020,Isle of Anglesey 002B,Public order,Under investigation,
82306f6cbec537e9387baed8d9da72a2dce36d72b79a98820f64424f89657fee,2019-01,North Wales Police,North Wales Police,-4.339227,53.287367,On or near B5111,W01000020,Isle of Anglesey 002B,Vehicle crime,Unable to prosecute suspect,
89b6fe4367c950f4153384c4980001fd8abf88f3b9d8d2d5957b4e3b9e7bc41d,2019-01,North Wales Police,North Wales Police,-4.273031,53.269857,On or near Tai Newydd,W01000020,Isle of Anglesey 002B,Violence and sexual offences,Unable to prosecute suspect,
,2019-01,North Wales Police,North Wales Police,-4.318142,53.389438,On or near Bron Yr Aur,W01000021,Isle of Anglesey 002C,Anti-social behaviour,,
,2019-01,North Wales Police,North Wales Police,-4.318142,53.389438,On or near Bron Yr Aur,W01000021,Isle of Anglesey 002C,Anti-social behaviour,,
d9824283f7b9989c6f30a3e2843af7658de01af0b3209cf4270f4e0def865433,2019-01,North Wales Police,North Wales Police,-4.296904,53.410329,On or near Parking Area,W01000021,Isle of Anglesey 002C,Criminal damage and arson,Under investigation,
52016caa8fd527d2f37afda9f1c461ef9621cfc0bb61c9f294579d05f856431a,2019-01,North Wales Police,North Wales Police,-4.337809,53.337204,On or near Lon Leidr,W01000021,Isle of Anglesey 002C,Other theft,Investigation complete; no suspect identified,
31bdbda5341d35a300cbcbf4b263ea1f11edb534eff6c46e858b906ff237badf,2019-01,North Wales Police,North Wales Police,-4.334316,53.373344,On or near Park/Open Space,W01000021,Isle of Anglesey 002C,Other theft,Investigation complete; no suspect identified,
a4f80af364f106c1f41451cc4cb48a8fe398fec5b06120bff102b3e9ea775e58,2019-01,North Wales Police,North Wales Police,-4.313643,53.390226,On or near Sports/Recreation Area,W01000021,Isle of Anglesey 002C,Violence and sexual offences,Action to be taken by another organisation,
ec4f6d85af2a87b3e159625740a463990ef22b7c51ba87eb7a5d748f53f19665,2019-01,North Wales Police,North Wales Police,-4.365798,53.372535,On or near Stad Ty'N Llidiart,W01000021,Isle of Anglesey 002C,Violence and sexual offences,Investigation complete; no suspect identified,
cf99dbc233a56558f6599f103077a30fa70ffb7056b96e6d9c6f76008d17bd3b,2019-01,North Wales Police,North Wales Police,-4.313643,53.390226,On or near Sports/Recreation Area,W01000021,Isle of Anglesey 002C,Violence and sexual offences,Under investigation,
3c6235c0b89eb40f929981b52bef6b4736b9965fc66cf8adeb7a776ab54d48b8,2019-01,North Wales Police,North Wales Police,-4.239071,53.352315,On or near Ffordd Lligwy,W01000032,Isle of Anglesey 002D,Violence and sexual offences,Unable to prosecute suspect,
af6d20ad0162cc69c513394e87e3f69f8e9c5f7216be7c82695b0a96f645b46f,2019-01,North Wales Police,North Wales Police,-4.274461,53.353210,On or near A5025,W01000032,Isle of Anglesey 002D,Violence and sexual offences,Unable to prosecute suspect,
,2019-01,North Wales Police,North Wales Police,-4.632437,53.310267,On or near Victoria Road,W01000016,Isle of Anglesey 003A,Anti-social behaviour,,
,2019-01,North Wales Police,North Wales Police,-4.633812,53.310893,On or near Tower Gardens,W01000016,Isle of Anglesey 003A,Anti-social behaviour,,
,2019-01,North Wales Police,North Wales Police,-4.634765,53.309550,On or near Mount Pleasant,W01000016,Isle of Anglesey 003A,Anti-social behaviour,,
,2019-01,North Wales Police,North Wales Police,-4.633783,53.311631,On or near Parking Area,W01000016,Isle of Anglesey 003A,Anti-social behaviour,,
,2019-01,North Wales Police,North Wales Police,-4.633812,53.310893,On or near Tower Gardens,W01000016,Isle of Anglesey 003A,Anti-social behaviour,,
,2019-01,North Wales Police,North Wales Police,-4.632962,53.310004,On or near Supermarket,W01000016,Isle of Anglesey 003A,Anti-social behaviour,,
98235b84884815f25d8146da0a6fc99f56056e9f28d2fb135df7830d66ede339,2019-01,North Wales Police,North Wales Police,-4.633328,53.309123,On or near Victoria Terrace,W01000016,Isle of Anglesey 003A,Burglary,Unable to prosecute suspect,
3e6bf12a85553d0c33e0448a0eaf68f0f73fe878c45da6d64e03998ea66fed39,2019-01,North Wales Police,North Wales Police,-4.631359,53.312260,On or near Nightclub,W01000016,Isle of Anglesey 003A,Burglary,Investigation complete; no suspect identified,
40edfb97f962a945f6ee20f0c1ba2793cdbb050a5734caf15657f419e299c87a,2019-01,North Wales Police,North Wales Police,-4.635983,53.307626,On or near Gwynfa Hill,W01000016,Isle of Anglesey 003A,Burglary,Unable to prosecute suspect,
45c809beb2b7e20c04524e81d81a697a76ab3a00e22870cce14f012a3297dd54,2019-01,North Wales Police,North Wales Police,-4.634045,53.307606,On or near Station Street,W01000016,Isle of Anglesey 003A,Burglary,Under investigation,
100d6b98f49ac2bee852409aa15bb133bd0bfe6cdb898f3f6661abae53e33fcd,2019-01,North Wales Police,North Wales Police,-4.633812,53.310893,On or near Tower Gardens,W01000016,Isle of Anglesey 003A,Criminal damage and arson,Investigation complete; no suspect identified,
3b9a92edd1ee55853ce257513c7e29769598c87d606de7ce094e0875ccde2043,2019-01,North Wales Police,North Wales Police,-4.633812,53.310893,On or near Tower Gardens,W01000016,Isle of Anglesey 003A,Criminal damage and arson,Under investigation,
cc8cf5d2637ba59cbec718581c4a191581819766554ca94b9eb1b5103f6180dc,2019-01,North Wales Police,North Wales Police,-4.633442,53.307080,On or near Holborn Place,W01000016,Isle of Anglesey 003A,Criminal damage and arson,Investigation complete; no suspect identified,
3b414e7de72037db33f8ba0014bc18c9e835aad58309e5a4707d52ae5aa49bf2,2019-01,North Wales Police,North Wales Police,-4.633328,53.309123,On or near Victoria Terrace,W01000016,Isle of Anglesey 003A,Criminal damage and arson,Investigation complete; no suspect identified,
dde1372c206b8f17d45edc65a8c44d24b623d3d502438e368b85092c0ca48c1f,2019-01,North Wales Police,North Wales Police,-4.633812,53.310893,On or near Tower Gardens,W01000016,Isle of Anglesey 003A,Criminal damage and arson,Under investigation,
5ffc14fe1f243188b3855988c951d40679bd803db9c2f7454680afa387e7ca09,2019-01,North Wales Police,North Wales Police,-4.633812,53.310893,On or near Tower Gardens,W01000016,Isle of Anglesey 003A,Criminal damage and arson,Under investigation,
1b54c4189641c9a70dc20709ad33f954810fdf4b802e194ae4ae7c9da6ba8414,2019-01,North Wales Police,North Wales Police,-4.633812,53.310893,On or near Tower Gardens,W01000016,Isle of Anglesey 003A,Criminal damage and arson,Under investigation,
f45f5f8a5bfa5f88a26d8dde7f9ff3a76b328ae5a212125eb70740e7baa956a4,2019-01,North Wales Police,North Wales Police,-4.633328,53.309123,On or near Victoria Terrace,W01000016,Isle of Anglesey 003A,Drugs,Offender given a drugs possession warning,
167f760ff8c300a029c1287a8f41b9d894a9e14a8c28db7cd6a5f2795913e92d,2019-01,North Wales Police,North Wales Police,-4.633442,53.307080,On or near Holborn Place,W01000016,Isle of Anglesey 003A,Other theft,Unable to prosecute suspect,
80627917df8f3dfe4e573d657631097bef24768aa57dbffea6b99788e01b94e2,2019-01,North Wales Police,North Wales Police,-4.635709,53.311463,On or near Cambria Street,W01000016,Isle of Anglesey 003A,Other theft,Unable to prosecute suspect,
756a1de1756e2ebacc47fe71c1d39ad4db5b69bc769c7ef6263141d7a1e01d76,2019-01,North Wales Police,North Wales Police,-4.636878,53.307301,On or near High Terrace,W01000016,Isle of Anglesey 003A,Other theft,Investigation complete; no suspect identified,
7e5d493f82c1209fd93159f723bdb48d6afa3999f1b6e0475bf3287599c3222b,2019-01,North Wales Police,North Wales Police,-4.633783,53.311631,On or near Parking Area,W01000016,Isle of Anglesey 003A,Other theft,Unable to prosecute suspect,
bd8baf71c544d3ec76b654ff3a5a49725ba214e5a05a44fb15ea129aab147625,2019-01,North Wales Police,North Wales Police,-4.633783,53.311631,On or near Parking Area,W01000016,Isle of Anglesey 003A,Other theft,Under investigation,
feb87cb2e1c75ac00dbb241b42b4cde9fa1bf01a91c4d4bb81dff6b47ca27be8,2019-01,North Wales Police,North Wales Police,-4.633702,53.309349,On or near Further/Higher Educational Building,W01000016,Isle of Anglesey 003A,Other theft,Under investigation,
3cb7e082f1400941a333d889014848f40f8520ac8d448679ff8689bb96d090f3,2019-01,North Wales Police,North Wales Police,-4.632437,53.310267,On or near Victoria Road,W01000016,Isle of Anglesey 003A,Public order,Unable to prosecute suspect,
f831f1f73c94a017ce4d9e128ef466cec87da5171d4810ef8c2c1b68b02274d4,2019-01,North Wales Police,North Wales Police,-4.632437,53.310267,On or near Victoria Road,W01000016,Isle of Anglesey 003A,Public order,Under investigation,
9cfccb7d8b87a15656cdfb89adb3c43c184fe0bbd20e5b0829fb4cfce85e5704,2019-01,North Wales Police,North Wales Police,-4.633442,53.307080,On or near Holborn Place,W01000016,Isle of Anglesey 003A,Public order,Further investigation is not in the public interest,
1e69804ee4da0c0969b0014610428fc04a505f8b0b95c8fa2f172aa8562cb6f6,2019-01,North Wales Police,North Wales Police,-4.633702,53.309349,On or near Further/Higher Educational Building,W01000016,Isle of Anglesey 003A,Public order,Unable to prosecute suspect,
02a9c86bed398dfe755be697c5fdfc4bee534a4a5bda37630b69ea16a21eca64,2019-01,North Wales Police,North Wales Police,-4.633442,53.307080,On or near Holborn Place,W01000016,Isle of Anglesey 003A,Public order,Unable to prosecute suspect,
bc9f02404df0e51c155619523740eaab33b515bac01b3d47a9c0af4bfe08068d,2019-01,North Wales Police,North Wales Police,-4.632962,53.310004,On or near Supermarket,W01000016,Isle of Anglesey 003A,Public order,Awaiting court outcome,
68954f10cf8bd0f6b468cb05ada9f221e3a2f25831bb0609b24921421c4d9c85,2019-01,North Wales Police,North Wales Police,-4.632962,53.310004,On or near Supermarket,W01000016,Isle of Anglesey 003A,Shoplifting,Investigation complete; no suspect identified,
e3f627ef687e6a6d9bede58cf300900d2fdb06dae45d978971b246a9d046338c,2019-01,North Wales Police,North Wales Police,-4.632962,53.310004,On or near Supermarket,W01000016,Isle of Anglesey 003A,Shoplifting,Under investigation,
a2b57b280802fabf1c2382672367a4c6f7147d779036d079b56de8360e1180de,2019-01,North Wales Police,North Wales Police,-4.632962,53.310004,On or near Supermarket,W01000016,Isle of Anglesey 003A,Shoplifting,Investigation complete; no suspect identified,
880676a027b3407da75d4913b955d82c6169e7c4be03360333a351cd079245d8,2019-01,North Wales Police,North Wales Police,-4.632962,53.310004,On or near Supermarket,W01000016,Isle of Anglesey 003A,Shoplifting,Local resolution,
b39e7363418306445da01ec8aaed17046db23303f31971a47349baf7102360c1,2019-01,North Wales Police,North Wales Police,-4.632962,53.310004,On or near Supermarket,W01000016,Isle of Anglesey 003A,Shoplifting,Further investigation is not in the public interest,
4ef579b5f2b3bc29e078c3ceb565d1639f86a95b4cbe0f7c018b081467ab1050,2019-01,North Wales Police,North Wales Police,-4.632962,53.310004,On or near Supermarket,W01000016,Isle of Anglesey 003A,Shoplifting,Further investigation is not in the public interest,
831fc51fabd1a03afc1c8e05370f6e44fd94cb8593033f66f480201d62706e78,2019-01,North Wales Police,North Wales Police,-4.632962,53.310004,On or near Supermarket,W01000016,Isle of Anglesey 003A,Shoplifting,Further investigation is not in the public interest,
1873bc6210362be0e6a16443dc0917db8b9356b058c033e36cba63ddcf658f2e,2019-01,North Wales Police,North Wales Police,-4.632962,53.310004,On or near Supermarket,W01000016,Isle of Anglesey 003A,Shoplifting,Investigation complete; no suspect identified,
04a4ac2a23ecbefcbfb9302475f64229e5d04bf956902ecee483b99aa36e0c88,2019-01,North Wales Police,North Wales Police,-4.632962,53.310004,On or near Supermarket,W01000016,Isle of Anglesey 003A,Shoplifting,Investigation complete; no suspect identified,
e46e16d7d66b16c1cbe05cff2742f514ab528462f67dfbd8e152525f3c466a13,2019-01,North Wales Police,North Wales Police,-4.632962,53.310004,On or near Supermarket,W01000016,Isle of Anglesey 003A,Shoplifting,Under investigation,
a986b5eb3f5105f02c85a41331b0d87f3a6d98876739afc9ec83bc78f0af5475,2019-01,North Wales Police,North Wales Police,-4.632962,53.310004,On or near Supermarket,W01000016,Isle of Anglesey 003A,Shoplifting,Under investigation,
f1d74e02f3c2e1e67eee5a4c60f3c3c953ff3f5d043b99c2703830f9bddad37e,2019-01,North Wales Police,North Wales Police,-4.632962,53.310004,On or near Supermarket,W01000016,Isle of Anglesey 003A,Shoplifting,Investigation complete; no suspect identified,
e2399b8f0acd84520d90ce6b8ca2e1b22b183ba87801a9f5d84b8cd33f3dc454,2019-01,North Wales Police,North Wales Police,-4.635983,53.307626,On or near Gwynfa Hill,W01000016,Isle of Anglesey 003A,Theft from the person,Investigation complete; no suspect identified,
07e82baf8d682717272778a6c1382317cd953b45ec1623d8541b3a6f8c2aefe8,2019-01,North Wales Police,North Wales Police,-4.632437,53.310267,On or near Victoria Road,W01000016,Isle of Anglesey 003A,Violence and sexual offences,Under investigation,
822fcb238d7d7ae63372901e14b7a0a18d67aa78a4a78955fda26998b97318c0,2019-01,North Wales Police,North Wales Police,-4.632965,53.312503,On or near Stanley Street,W01000016,Isle of Anglesey 003A,Violence and sexual offences,Under investigation,
a10df8121b82870f5641e4963326767b8d81951481d2671be683c96b4cd8f9a7,2019-01,North Wales Police,North Wales Police,-4.632962,53.310004,On or near Supermarket,W01000016,Isle of Anglesey 003A,Violence and sexual offences,Unable to prosecute suspect,
df3e5cefc2c94b93ada6260633d8857581058cf7ba09b31533af2daab7270a05,2019-01,North Wales Police,North Wales Police,-4.633783,53.311631,On or near Parking Area,W01000016,Isle of Anglesey 003A,Violence and sexual offences,Investigation complete; no suspect identified,
b0ce257cd40f64678cecdfcc80b0464555dff1bb793ebaec74b9e9c80612d047,2019-01,North Wales Police,North Wales Police,-4.633328,53.309123,On or near Victoria Terrace,W01000016,Isle of Anglesey 003A,Violence and sexual offences,Formal action is not in the public interest,
dc5f2ec0a9fa7c0225a466b31869b0e2a14402dae4987888cc9e0525b16470de,2019-01,North Wales Police,North Wales Police,-4.633783,53.311631,On or near Parking Area,W01000016,Isle of Anglesey 003A,Violence and sexual offences,Under investigation,
f5263af6f06fb8105ae60145ecd85fce9a1cfa37415d77be32aab6890ec24b5d,2019-01,North Wales Police,North Wales Police,-4.632965,53.312503,On or near Stanley Street,W01000016,Isle of Anglesey 003A,Violence and sexual offences,Unable to prosecute suspect,
7b460283a0aae6db34583333ecf1c895fc0f2799fc52ab050ab97eaa689a1db8,2019-01,North Wales Police,North Wales Police,-4.634962,53.307145,On or near Lhassa Street,W01000016,Isle of Anglesey 003A,Violence and sexual offences,Unable to prosecute suspect,
ac2185b893acdcf73c84fe5b0a3886c3bd8e0a4fcc7dbcaf834ab14321857c16,2019-01,North Wales Police,North Wales Police,-4.634765,53.309550,On or near Mount Pleasant,W01000016,Isle of Anglesey 003A,Violence and sexual offences,Unable to prosecute suspect,
5a7a3e38765c568097402801cfdbb71b57df2e1b65f5cdb9363f2768fa4ea3fd,2019-01,North Wales Police,North Wales Police,-4.633702,53.309349,On or near Further/Higher Educational Building,W01000016,Isle of Anglesey 003A,Violence and sexual offences,Under investigation,
d1bd9eff319f4c1cd94f0ec697efb4ce6d1b48d1f4832e47246c742af6499b75,2019-01,North Wales Police,North Wales Police,-4.635101,53.310361,On or near Thomas Street,W01000016,Isle of Anglesey 003A,Violence and sexual offences,Unable to prosecute suspect,
21d0eac51dece8c932ae9e0e7602e2d428197cdae8aba8e5bd3420d23b749a40,2019-01,North Wales Police,North Wales Police,-4.633924,53.310513,On or near Williams Street,W01000016,Isle of Anglesey 003A,Violence and sexual offences,Unable to prosecute suspect,
017b5069aae0921795d0cff66aa04ef138197573b89879a7663790895103d6bd,2019-01,North Wales Police,North Wales Police,-4.631359,53.312260,On or near Nightclub,W01000016,Isle of Anglesey 003A,Violence and sexual offences,Unable to prosecute suspect,
721a4800d390f0dcc75393db7ddb611eceeba17c411fc7851c6efed11ddc8644,2019-01,North Wales Police,North Wales Police,-4.632962,53.310004,On or near Supermarket,W01000016,Isle of Anglesey 003A,Violence and sexual offences,Unable to prosecute suspect,
aeb6f9f83a6e059fe0abc97ca3fdf3266cd5d08d4f5b6d3c551a6458c9a25b7d,2019-01,North Wales Police,North Wales Police,-4.633702,53.309349,On or near Further/Higher Educational Building,W01000016,Isle of Anglesey 003A,Violence and sexual offences,Under investigation,
3c903131b53e2f8f4337774693977a6c354877e566e52a8c9fbd1865d2238480,2019-01,North Wales Police,North Wales Police,-4.635101,53.310361,On or near Thomas Street,W01000016,Isle of Anglesey 003A,Violence and sexual offences,Unable to prosecute suspect,
6ba85ddda5dd2910516eaa090e168f9a2fd9adbc896c0fd19ed102c781c75c44,2019-01,North Wales Police,North Wales Police,-4.635101,53.310361,On or near Thomas Street,W01000016,Isle of Anglesey 003A,Violence and sexual offences,Action to be taken by another organisation,
d045302ba76f9907aa5a09a60bfa73828e65927cb89a4db1454e926c002400eb,2019-01,North Wales Police,North Wales Police,-4.633812,53.310893,On or near Tower Gardens,W01000016,Isle of Anglesey 003A,Violence and sexual offences,Under investigation,
5ac1b6f2396ed91d5b20c38008a55af61d0907f75daa44f66c77219a8213a9f8,2019-01,North Wales Police,North Wales Police,-4.636878,53.307301,On or near High Terrace,W01000016,Isle of Anglesey 003A,Violence and sexual offences,Awaiting court outcome,
416045d47984ec205887526b09c5beab8f91943d3fc21c3b14be059d1de739c5,2019-01,North Wales Police,North Wales Police,-4.632965,53.312503,On or near Stanley Street,W01000016,Isle of Anglesey 003A,Violence and sexual offences,Unable to prosecute suspect,
0abb88425193b1daf03e99638e422907b613c3ac98d74e4ed06c51b3a896fea3,2019-01,North Wales Police,North Wales Police,-4.632965,53.312503,On or near Stanley Street,W01000016,Isle of Anglesey 003A,Violence and sexual offences,Under investigation,
,2019-01,North Wales Police,North Wales Police,-4.634689,53.304409,On or near Cleveland Crescent,W01000017,Isle of Anglesey 003B,Anti-social behaviour,,
,2019-01,North Wales Police,North Wales Police,-4.629913,53.304613,On or near Kingsland Road,W01000017,Isle of Anglesey 003B,Anti-social behaviour,,
,2019-01,North Wales Police,North Wales Police,-4.634689,53.304409,On or near Cleveland Crescent,W01000017,Isle of Anglesey 003B,Anti-social behaviour,,
,2019-01,North Wales Police,North Wales Police,-4.629913,53.304613,On or near Kingsland Road,W01000017,Isle of Anglesey 003B,Anti-social behaviour,,
,2019-01,North Wales Police,North Wales Police,-4.634689,53.304409,On or near Cleveland Crescent,W01000017,Isle of Anglesey 003B,Anti-social behaviour,,
,2019-01,North Wales Police,North Wales Police,-4.629913,53.304613,On or near Kingsland Road,W01000017,Isle of Anglesey 003B,Anti-social behaviour,,
,2019-01,North Wales Police,North Wales Police,-4.629913,53.304613,On or near Kingsland Road,W01000017,Isle of Anglesey 003B,Anti-social behaviour,,
,2019-01,North Wales Police,North Wales Police,-4.629913,53.304613,On or near Kingsland Road,W01000017,Isle of Anglesey 003B,Anti-social behaviour,,
,2019-01,North Wales Police,North Wales Police,-4.629913,53.304613,On or near Kingsland Road,W01000017,Isle of Anglesey 003B,Anti-social behaviour,,
8980e85fdfc5929de4c9dcd6290e3d0c7d3e0a5fb94183ab20c04ede847093bb,2019-01,North Wales Police,North Wales Police,-4.634689,53.304409,On or near Cleveland Crescent,W01000017,Isle of Anglesey 003B,Criminal damage and arson,Unable to prosecute suspect,
3820417caec763b27db822b1b37f99226c8cb3e78e862524d13b2c8c17c503c7,2019-01,North Wales Police,North Wales Police,-4.634689,53.304409,On or near Cleveland Crescent,W01000017,Isle of Anglesey 003B,Criminal damage and arson,Further investigation is not in the public interest,
5f93b55043f8b5f73107c34c20cb42ed64d6562b1fecae285835be0c92283aed,2019-01,North Wales Police,North Wales Police,-4.634689,53.304409,On or near Cleveland Crescent,W01000017,Isle of Anglesey 003B,Other theft,Under investigation,
ce80323fcb8c6afd2c17a708aed78a6ccae4adeedde0faeb9d7a2823b5a9cab3,2019-01,North Wales Police,North Wales Police,-4.632321,53.302276,On or near Tan-Yr-Efail,W01000017,Isle of Anglesey 003B,Other theft,Under investigation,
6e59e8d80a72ac1cdb4b1792f364039c13cd8aec3e161543ead6f091b106b00c,2019-01,North Wales Police,North Wales Police,-4.632321,53.302276,On or near Tan-Yr-Efail,W01000017,Isle of Anglesey 003B,Violence and sexual offences,Under investigation,
b2421d6a2f9ed686d516ad686c0eb16fb9443b929602aa02f4caa39a5203b362,2019-01,North Wales Police,North Wales Police,-4.630898,53.303063,On or near Maes Y Brenin,W01000017,Isle of Anglesey 003B,Violence and sexual offences,Unable to prosecute suspect,
ab0b7f7ad9b69da0ad9a02c17dd8928dcf1615018940c5303ea7300440289456,2019-01,North Wales Police,North Wales Police,-4.629913,53.304613,On or near Kingsland Road,W01000017,Isle of Anglesey 003B,Violence and sexual offences,Under investigation,
13482843a68a63a5044484a7b244d1c848d5cea9eeb45ff1a8cd42919883c882,2019-01,North Wales Police,North Wales Police,-4.634689,53.304409,On or near Cleveland Crescent,W01000017,Isle of Anglesey 003B,Violence and sexual offences,Under investigation,
904c39bb25cf9ef5fb1328ea5b149152ce2b326ef917a9862d8cb128f21ef330,2019-01,North Wales Police,North Wales Police,-4.629913,53.304613,On or near Kingsland Road,W01000017,Isle of Anglesey 003B,Violence and sexual offences,Under investigation,
b0fe29dc9a7b57b342ad75963c9ee0b3436bd415b15754cff7c431482a2a7111,2019-01,North Wales Police,North Wales Police,-4.627698,53.301065,On or near Tyn Pwll Road,W01000017,Isle of Anglesey 003B,Violence and sexual offences,Awaiting court outcome,
1a7ec7bbb392bbb5ff787739577ed724091e2c36e30724fcddb0119517893003,2019-01,North Wales Police,North Wales Police,-4.634689,53.304409,On or near Cleveland Crescent,W01000017,Isle of Anglesey 003B,Violence and sexual offences,Unable to prosecute suspect,
431496e4456b626c89f91c178e2423734a48810d42a30d36f538b9d1208bea93,2019-01,North Wales Police,North Wales Police,-4.627698,53.301065,On or near Tyn Pwll Road,W01000017,Isle of Anglesey 003B,Violence and sexual offences,Under investigation,
f18ece16b9bb90fee27cf269284e184e7c1d3f859d2c7537e8584e252e606146,2019-01,North Wales Police,North Wales Police,-4.628333,53.302104,On or near Penllech-Nest,W01000017,Isle of Anglesey 003B,Violence and sexual offences,Unable to prosecute suspect,
,2019-01,North Wales Police,North Wales Police,-4.619822,53.302102,On or near Seabank Close,W01000029,Isle of Anglesey 003C,Anti-social behaviour,,
,2019-01,North Wales Police,North Wales Police,-4.620308,53.300482,On or near A5153,W01000029,Isle of Anglesey 003C,Anti-social behaviour,,
,2019-01,North Wales Police,North Wales Police,-4.620383,53.304401,On or near Ffordd Jasper,W01000029,Isle of Anglesey 003C,Anti-social behaviour,,
,2019-01,North Wales Police,North Wales Police,-4.620308,53.300482,On or near A5153,W01000029,Isle of Anglesey 003C,Anti-social behaviour,,
,2019-01,North Wales Police,North Wales Police,-4.620383,53.304401,On or near Ffordd Jasper,W01000029,Isle of Anglesey 003C,Anti-social behaviour,,
,2019-01,North Wales Police,North Wales Police,-4.630888,53.306309,On or near London Road,W01000029,Isle of Anglesey 003C,Anti-social behaviour,,
,2019-01,North Wales Police,North Wales Police,-4.620383,53.304401,On or near Ffordd Jasper,W01000029,Isle of Anglesey 003C,Anti-social behaviour,,
c898549c53ac63ccb331f779fcf7a19847a9d552ba5f773508f6f02f2c15205e,2019-01,North Wales Police,North Wales Police,-4.629122,53.306159,On or near Hedsor Street,W01000029,Isle of Anglesey 003C,Criminal damage and arson,Under investigation,
21e5c5f282369d5f204fb9074bf342f61aefbc12f0a521725caee297fe6ca8bf,2019-01,North Wales Police,North Wales Police,-4.628963,53.306747,On or near Supermarket,W01000029,Isle of Anglesey 003C,Public order,Investigation complete; no suspect identified,
e59c3ffff68020ded882c5cd347a19322698b1464e0c3422adeaa7ad69bac999,2019-01,North Wales Police,North Wales Police,-4.619773,53.303749,On or near Lon Deg,W01000029,Isle of Anglesey 003C,Public order,Unable to prosecute suspect,
6c28d49e70097b5fe412842d0c6b3d71d20811f624bc677704990c812489168b,2019-01,North Wales Police,North Wales Police,-4.620308,53.300482,On or near A5153,W01000029,Isle of Anglesey 003C,Shoplifting,Awaiting court outcome,
6266a239b0b78a2d7ad26a85ea8d6992c81c31562e9872a705854e8270973c14,2019-01,North Wales Police,North Wales Police,-4.628963,53.306747,On or near Supermarket,W01000029,Isle of Anglesey 003C,Shoplifting,Investigation complete; no suspect identified,
5075bd149f404c079465ff6b02ee44e754484c9166e25a2f105cbea8f729d3ef,2019-01,North Wales Police,North Wales Police,-4.628963,53.306747,On or near Supermarket,W01000029,Isle of Anglesey 003C,Theft from the person,Investigation complete; no suspect identified,
2bab73a624c45780fd4283634540d5bc2b11593ad090946c6e77cfa7567ac858,2019-01,North Wales Police,North Wales Police,-4.626389,53.304925,On or near Lligwy Street,W01000029,Isle of Anglesey 003C,Violence and sexual offences,Action to be taken by another organisation,
00cc68e0e39712f1825e3dad91243d0ced6287e80955bdfb109901685ff8d8ae,2019-01,North Wales Police,North Wales Police,-4.630888,53.306309,On or near London Road,W01000029,Isle of Anglesey 003C,Violence and sexual offences,Formal action is not in the public interest,
e4ffae0eb0b4cf0d06838767a867b678e314a0c1b61b91c26f115e2302be9619,2019-01,North Wales Police,North Wales Police,-4.626080,53.304536,On or near Garden Place,W01000029,Isle of Anglesey 003C,Violence and sexual offences,Unable to prosecute suspect,
f21815be18ec08afbabf74c7b55a2ca7b96d87fea70662ae66f0ec749c15f6af,2019-01,North Wales Police,North Wales Police,-4.618574,53.298641,On or near Supermarket,W01000029,Isle of Anglesey 003C,Violence and sexual offences,Unable to prosecute suspect,
af0fa70965d9ad07b77f02f899af3063aa82351df3fb295da0cc999477a8fb34,2019-01,North Wales Police,North Wales Police,-4.627166,53.305600,On or near Gilbert Street,W01000029,Isle of Anglesey 003C,Violence and sexual offences,Awaiting court outcome,
97b3d455ca9ca83facdfcc4a9a9508612b5c7f8c3cebcd9be41e6a81b85140bd,2019-01,North Wales Police,North Wales Police,-4.627864,53.306196,On or near Wian Street,W01000029,Isle of Anglesey 003C,Violence and sexual offences,Unable to prosecute suspect,
533d4919e70fd9f1f806e7af6a1d7ea419cb73f65a13f800d5de91a3f5a6a02f,2019-01,North Wales Police,North Wales Police,-4.626080,53.304536,On or near Garden Place,W01000029,Isle of Anglesey 003C,Violence and sexual offences,Action to be taken by another organisation,
5e557f373232ce8fe281d3b8cd607f0c35ab2779b091b37213a8ab54d29bcca7,2019-01,North Wales Police,North Wales Police,-4.626080,53.304536,On or near Garden Place,W01000029,Isle of Anglesey 003C,Violence and sexual offences,Under investigation,
2ce5ca41d80823fc2863f38ceae2dcff9520d11925adfdfdc4ef01340a8082ed,2019-01,North Wales Police,North Wales Police,-4.626080,53.304536,On or near Garden Place,W01000029,Isle of Anglesey 003C,Violence and sexual offences,Unable to prosecute suspect,
,2019-01,North Wales Police,North Wales Police,-4.641640,53.310504,On or near Maes Cybi,W01000030,Isle of Anglesey 003D,Anti-social behaviour,,
,2019-01,North Wales Police,North Wales Police,-4.639826,53.309088,On or near Maes-Y-Felin,W01000030,Isle of Anglesey 003D,Anti-social behaviour,,
,2019-01,North Wales Police,North Wales Police,-4.639826,53.309088,On or near Maes-Y-Felin,W01000030,Isle of Anglesey 003D,Anti-social behaviour,,
cd16c513f2a6a689b17f2ce0906684c0e0236876a57c231310496c4f10983bba,2019-01,North Wales Police,North Wales Police,-4.636716,53.306378,On or near Plashyfryd Terrace,W01000030,Isle of Anglesey 003D,Burglary,Under investigation,
2874eb089eebc8d4f7d95709431cb33676850689bffefb59cf7a0414b0179b69,2019-01,North Wales Police,North Wales Police,-4.633520,53.302735,On or near Llys Treseifon,W01000030,Isle of Anglesey 003D,Burglary,Under investigation,
a1e6c6e56fc70eb6afeef4ed79fb553fa451df11fb187a094598a38df1af6d89,2019-01,North Wales Police,North Wales Police,-4.633520,53.302735,On or near Llys Treseifon,W01000030,Isle of Anglesey 003D,Burglary,Under investigation,
6ee2d8c0be5f69dceb42ed9c1de9b4330fbdee0c603781e8c0d2461b5231a3cc,2019-01,North Wales Police,North Wales Police,-4.641640,53.310504,On or near Maes Cybi,W01000030,Isle of Anglesey 003D,Criminal damage and arson,Unable to prosecute suspect,
94d2052deed226fe21e567f299506f11293d514026878eec84a3a216ce763a44,2019-01,North Wales Police,North Wales Police,-4.633520,53.302735,On or near Llys Treseifon,W01000030,Isle of Anglesey 003D,Criminal damage and arson,Under investigation,
8b661d9e8d21474a9e5dc45135054b72928750aa6647f53b3e7fd5727d7940f7,2019-01,North Wales Police,North Wales Police,-4.639826,53.309088,On or near Maes-Y-Felin,W01000030,Isle of Anglesey 003D,Criminal damage and arson,Investigation complete; no suspect identified,
51987f0943b0fdee68e0702c7a9b732dc5105471f62e3b56e96bde04f45c6ffe,2019-01,North Wales Police,North Wales Police,-4.633905,53.305325,On or near King'S Road,W01000030,Isle of Anglesey 003D,Criminal damage and arson,Investigation complete; no suspect identified,
92f7152a51dd59e74a6a39e9c75bd1817b9063608c554b75e15f7a150c490609,2019-01,North Wales Police,North Wales Police,-4.636877,53.304837,On or near Tara Street,W01000030,Isle of Anglesey 003D,Drugs,Under investigation,
a872020cb6c287a2eb8932c1d1ea726f455b3e078278339d7ae7763109348c8e,2019-01,North Wales Police,North Wales Police,-4.635993,53.306079,On or near Maes-Hyfryd Road,W01000030,Isle of Anglesey 003D,Vehicle crime,Under investigation,
e0dcafe79183647021351b1a8f63dbf27793b1a08ee06b0f4920e76fa776c34e,2019-01,North Wales Police,North Wales Police,-4.637039,53.305760,On or near Plashyfryd Crescent,W01000030,Isle of Anglesey 003D,Violence and sexual offences,Unable to prosecute suspect,
19c2b76fd40512b737337713ef3b7005a057c63a94d7b9ef120407f68b67e742,2019-01,North Wales Police,North Wales Police,-4.639826,53.309088,On or near Maes-Y-Felin,W01000030,Isle of Anglesey 003D,Violence and sexual offences,Unable to prosecute suspect,
736d69ac71194a24bf33515aeda7b0ce08634c3d90a3080bc6a23724a5b6e61b,2019-01,North Wales Police,North Wales Police,-4.641640,53.310504,On or near Maes Cybi,W01000030,Isle of Anglesey 003D,Violence and sexual offences,Unable to prosecute suspect,
541757706ab6b5a8d288fd391a8b318d28666e90ef9f0a964dd1b1bbe24abf74,2019-01,North Wales Police,North Wales Police,-4.639956,53.307053,On or near Felin Wen,W01000030,Isle of Anglesey 003D,Violence and sexual offences,Under investigation,
1326748a5e30763bc9e4b9af5b9913129de31ee629818fdff31411ec5d807b94,2019-01,North Wales Police,North Wales Police,-4.638415,53.308355,On or near Mill Bank,W01000030,Isle of Anglesey 003D,Violence and sexual offences,Under investigation,
,2019-01,North Wales Police,North Wales Police,-4.623004,53.308227,On or near Ffordd Tudur,W01000033,Isle of Anglesey 003E,Anti-social behaviour,,
,2019-01,North Wales Police,North Wales Police,-4.628844,53.307496,On or near Parking Area,W01000033,Isle of Anglesey 003E,Anti-social behaviour,,
,2019-01,North Wales Police,North Wales Police,-4.628844,53.307496,On or near Parking Area,W01000033,Isle of Anglesey 003E,Anti-social behaviour,,
,2019-01,North Wales Police,North Wales Police,-4.618699,53.308529,On or near Peibio Close,W01000033,Isle of Anglesey 003E,Anti-social behaviour,,
fc09c5e2fef7f00b4fe184721875b6ae3993ec708185ab5bb221192e1fe26457,2019-01,North Wales Police,North Wales Police,-4.623004,53.308227,On or near Ffordd Tudur,W01000033,Isle of Anglesey 003E,Burglary,Unable to prosecute suspect,
0d41d06d7c3a9287a2b3a41e11bf746acb3a01d2566ba8f2f1ae484c867ca1a6,2019-01,North Wales Police,North Wales Police,-4.622353,53.305931,On or near Llanfawr Close,W01000033,Isle of Anglesey 003E,Criminal damage and arson,Investigation complete; no suspect identified,
3c99238b446c89488c7e60ddee85315b1b0ed4786138d3c5480ee8f5fec3b69a,2019-01,North Wales Police,North Wales Police,-4.620801,53.307305,On or near Bryn Glas Close,W01000033,Isle of Anglesey 003E,Criminal damage and arson,Investigation complete; no suspect identified,
426bc2ac1a722105a54f3c49247a5966fed55f7f4b62ca955863f6819be9ec9e,2019-01,North Wales Police,North Wales Police,-4.619828,53.308567,On or near Ffordd Beibio,W01000033,Isle of Anglesey 003E,Criminal damage and arson,Investigation complete; no suspect identified,
71c6027ff6a98c679a77f643cf3f536439447a9657d60cda817f31a93b5a9920,2019-01,North Wales Police,North Wales Police,-4.621090,53.307847,On or near Morawelon Road,W01000033,Isle of Anglesey 003E,Criminal damage and arson,Unable to prosecute suspect,
5b4fb34ed3367a0367df4babbb23fb811789ac091f357ea1bee25c6e5dac99b4,2019-01,North Wales Police,North Wales Police,-4.621090,53.307847,On or near Morawelon Road,W01000033,Isle of Anglesey 003E,Criminal damage and arson,Unable to prosecute suspect,
7fb0fe438f447962b823457cfed587517fd8c6b86d9ee58e139023e13233a48b,2019-01,North Wales Police,North Wales Police,-4.623457,53.310222,On or near Parking Area,W01000033,Isle of Anglesey 003E,Drugs,Under investigation,
ba6e96df98cfa4dc04f33d72c1d72c211ee2398921ced8a1cee9704ec3a9e942,2019-01,North Wales Police,North Wales Police,-4.623457,53.310222,On or near Parking Area,W01000033,Isle of Anglesey 003E,Drugs,Offender given a drugs possession warning,
ae604a53f9741cd41729921e0a2ec05f629780e39e0c53fd903bb49b7ac3a543,2019-01,North Wales Police,North Wales Police,-4.618699,53.308529,On or near Peibio Close,W01000033,Isle of Anglesey 003E,Other theft,Investigation complete; no suspect identified,
34fa9bc90b7ec59b76f07b82410708d6d9271e42bf2e018e268bcffea5cb5b09,2019-01,North Wales Police,North Wales Police,-4.626486,53.308690,On or near Hen Iard Goed,W01000033,Isle of Anglesey 003E,Violence and sexual offences,Under investigation,
134c36521e71baa6a8391c5699571f47ed3889fd4cee2c5ea719ce3f010a9f63,2019-01,North Wales Police,North Wales Police,-4.620486,53.306565,On or near Bryn Glas Road,W01000033,Isle of Anglesey 003E,Violence and sexual offences,Unable to prosecute suspect,
04a6d903c94912f344bb6af82fd4fd3fd20aca54ee0f2fcfc488c0d4d693c181,2019-01,North Wales Police,North Wales Police,-4.624234,53.306986,On or near Maes-Yr-Ysgol,W01000033,Isle of Anglesey 003E,Violence and sexual offences,Unable to prosecute suspect,
548abcb8246e707b46bd0b770800cfb278b6a5af0cb725db266f2d3aaa73a2e3,2019-01,North Wales Police,North Wales Police,-4.626486,53.308690,On or near Hen Iard Goed,W01000033,Isle of Anglesey 003E,Violence and sexual offences,Under investigation,
3b789e269944504ddf0dc52aca93392b56769630cc5903c43ca67db6b951b55b,2019-01,North Wales Police,North Wales Police,-4.621090,53.307847,On or near Morawelon Road,W01000033,Isle of Anglesey 003E,Violence and sexual offences,Unable to prosecute suspect,
94b11b9ed199c82cf4363ac7e393ead4256a85e0832375e6818690ab94fc3f03,2019-01,North Wales Police,North Wales Police,-4.621090,53.307847,On or near Morawelon Road,W01000033,Isle of Anglesey 003E,Violence and sexual offences,Awaiting court outcome,
d9aaa780d7b11496bd19a84a1d1e2cbfaf46803205648e1a0526f57bb3becc94,2019-01,North Wales Police,North Wales Police,-4.620486,53.306565,On or near Bryn Glas Road,W01000033,Isle of Anglesey 003E,Violence and sexual offences,Unable to prosecute suspect,
50400e763e4042f5f7ed93acb688ce186d8aec27c2fc2dd2dbf659d8e777922d,2019-01,North Wales Police,North Wales Police,-4.623004,53.308227,On or near Ffordd Tudur,W01000033,Isle of Anglesey 003E,Violence and sexual offences,Under investigation,
d350430c5ac0417343e03fc3abb56bd816516bd547fde9da6e8c1bd520663862,2019-01,North Wales Police,North Wales Police,-4.620486,53.306565,On or near Bryn Glas Road,W01000033,Isle of Anglesey 003E,Violence and sexual offences,Unable to prosecute suspect,
d9b4cd964415ab4828c3ee2d25dc3fbf963b57bc85a86a4daaa3e66aa06c8b0e,2019-01,North Wales Police,North Wales Police,-4.623004,53.308227,On or near Ffordd Tudur,W01000033,Isle of Anglesey 003E,Violence and sexual offences,Investigation complete; no suspect identified,
3da18b3633657e774d9b7f9154fcfe60610e69b7f021d5228592c0682be8d8e5,2019-01,North Wales Police,North Wales Police,-4.624234,53.306986,On or near Maes-Yr-Ysgol,W01000033,Isle of Anglesey 003E,Violence and sexual offences,Unable to prosecute suspect,
08a1a07dbeee70dd88769d5fbbd98987bdf24821ecd31dc81b7e13c8d90f5d0e,2019-01,North Wales Police,North Wales Police,-4.621090,53.307847,On or near Morawelon Road,W01000033,Isle of Anglesey 003E,Violence and sexual offences,Unable to prosecute suspect,
61ec9aea3a511f6783ce7d79f865aa424aac861eb5719b44d985f3a115ca667e,2019-01,North Wales Police,North Wales Police,-4.621090,53.307847,On or near Morawelon Road,W01000033,Isle of Anglesey 003E,Violence and sexual offences,Awaiting court outcome,
,2019-01,North Wales Police,North Wales Police,-4.629248,53.313826,On or near Marine Square,W01000036,Isle of Anglesey 003F,Anti-social behaviour,,
,2019-01,North Wales Police,North Wales Police,-4.630133,53.313555,On or near Cross Street,W01000036,Isle of Anglesey 003F,Anti-social behaviour,,
a928860400bf4d04c4fc2fc297f5915097f1bfeba7f4b447d906e67224ae8bc5,2019-01,North Wales Police,North Wales Police,-4.630133,53.313555,On or near Cross Street,W01000036,Isle of Anglesey 003F,Burglary,Unable to prosecute suspect,
98a338040bbf35cb8b4b4ff505181832cb7c1749cf97d9cfc01e1f784211c2a9,2019-01,North Wales Police,North Wales Police,-4.633684,53.312469,On or near Holyhead Police Station,W01000036,Isle of Anglesey 003F,Burglary,Under investigation,
56d95c17f7759279b97d296f54fd9bfb6fd936f5e0326c29c4805a5b7051a4da,2019-01,North Wales Police,North Wales Police,-4.630926,53.314733,On or near Maes-Y-Mor,W01000036,Isle of Anglesey 003F,Criminal damage and arson,Unable to prosecute suspect,
346cf6264dba7c96cc9325d7cae6a1660faa2456b66189427af8f5033a07f42e,2019-01,North Wales Police,North Wales Police,-4.631827,53.313760,On or near Armenia Street,W01000036,Isle of Anglesey 003F,Criminal damage and arson,Investigation complete; no suspect identified,
3b0b897cdc52eb603994269aa57bb3336d43bda3146d27835a5b7fa1a7d201cc,2019-01,North Wales Police,North Wales Police,-4.630575,53.314156,On or near George Street,W01000036,Isle of Anglesey 003F,Drugs,Under investigation,
4f0a2b3a9149e84cf2604d5f0974decd509bbd3343a7bb190cce4d1d7efa1a48,2019-01,North Wales Police,North Wales Police,-4.630133,53.313555,On or near Cross Street,W01000036,Isle of Anglesey 003F,Other theft,Awaiting court outcome,
4681032f0684d11efec7cc90a97ffc39757c07981e635c4e4369db8fd7ef0544,2019-01,North Wales Police,North Wales Police,-4.630133,53.313555,On or near Cross Street,W01000036,Isle of Anglesey 003F,Other theft,Under investigation,
d07e4ddeb07945ccb0432b4f093763a609b9fb9d1dce3c70c8f66b1505e22547,2019-01,North Wales Police,North Wales Police,-4.630133,53.313555,On or near Cross Street,W01000036,Isle of Anglesey 003F,Public order,Unable to prosecute suspect,
8de3822cc5c4a731913538da7cd8e48234f2fe70753dc607a36015f8735f429e,2019-01,North Wales Police,North Wales Police,-4.630133,53.313555,On or near Cross Street,W01000036,Isle of Anglesey 003F,Public order,Under investigation,
256efe1be7b3a5fb2df1b041145d11dbeba70bd641f30b2959185c36895544f2,2019-01,North Wales Police,North Wales Police,-4.636262,53.312880,On or near Queen'S Park,W01000036,Isle of Anglesey 003F,Violence and sexual offences,Under investigation,
246a48da3bd4742a621273ccfac2713094b96f079a53edc12f73a6522d797d0f,2019-01,North Wales Police,North Wales Police,-4.633684,53.312469,On or near Holyhead Police Station,W01000036,Isle of Anglesey 003F,Violence and sexual offences,Offender given conditional discharge,
25ae45e52adce7917bacd3bde7ee49de4219621e2aa85bb5dc953006f06815aa,2019-01,North Wales Police,North Wales Police,-4.630133,53.313555,On or near Cross Street,W01000036,Isle of Anglesey 003F,Violence and sexual offences,Unable to prosecute suspect,
d67190e2cb1220a465c439e9a44d947be30fb067f45b28f47b8240fb1a15392a,2019-01,North Wales Police,North Wales Police,-4.630133,53.313555,On or near Cross Street,W01000036,Isle of Anglesey 003F,Violence and sexual offences,Unable to prosecute suspect,
c0b8f8d7c7a1b70ffadcd1043fdadb428c117191dbb6a317cca1d756341b804b,2019-01,North Wales Police,North Wales Police,-4.632459,53.313548,On or near Cybi Place,W01000036,Isle of Anglesey 003F,Other crime,Awaiting court outcome,
0164f81f89bb00204d3f7d1bbf1c512d0a6e2d87f48e66dbdaf591b51a7354cf,2019-01,North Wales Police,North Wales Police,-4.633777,53.312027,On or near Summer Hill,W01000037,Isle of Anglesey 003G,Criminal damage and arson,Investigation complete; no suspect identified,
702895b7b0be3132deb0b3b57569757dec4ebd88efff7bf5ab1730345b8c775f,2019-01,North Wales Police,North Wales Police,-4.638375,53.312572,On or near Maes-Y-Dref,W01000037,Isle of Anglesey 003G,Criminal damage and arson,Unable to prosecute suspect,
8e5e3200553f5d2d9ff455610a25266a4ae9f5719665523fc23cfd981d07a049,2019-01,North Wales Police,North Wales Police,-4.636324,53.315603,On or near St David'S Road,W01000037,Isle of Anglesey 003G,Violence and sexual offences,Under investigation,
4bbf08b9178a09483b908a25b774ad79291a9d2bae3f119da76c1bf7afb9e5a5,2019-01,North Wales Police,North Wales Police,-4.533425,53.369201,On or near Cae'R Felin,W01000022,Isle of Anglesey 004A,Criminal damage and arson,Investigation complete; no suspect identified,
cf2ce00d11d76db463256110aee3d7aeabe08d798d22e6393a071c86c6f3d7ad,2019-01,North Wales Police,North Wales Police,-4.527754,53.349352,On or near A5025,W01000022,Isle of Anglesey 004A,Violence and sexual offences,Under investigation,
0d2ee77a83b1d6215289e33bdc693a2655e09d9a791c9fd53b74231f8a893b8f,2019-01,North Wales Police,North Wales Police,-4.531823,53.369567,On or near Tan Y Felin,W01000022,Isle of Anglesey 004A,Violence and sexual offences,Unable to prosecute suspect,
050dbdbc76e58a69de7fb1a35609635c2e2842bdf07ed39a3ccf1f42fa96435e,2019-01,North Wales Police,North Wales Police,-4.531823,53.369567,On or near Tan Y Felin,W01000022,Isle of Anglesey 004A,Violence and sexual offences,Unable to prosecute suspect,
40368d4567b4a357d29b08eea7ed41f2a6bae7d18c3abf726565f8529a877bbf,2019-01,North Wales Police,North Wales Police,-4.531823,53.369567,On or near Tan Y Felin,W01000022,Isle of Anglesey 004A,Violence and sexual offences,Unable to prosecute suspect,
9e26813622df6e04734a8353765babf8eceab3708287677968f8144c2c748792,2019-01,North Wales Police,North Wales Police,-4.651671,53.312970,On or near Pentrefelin,W01000034,Isle of Anglesey 004B,Other theft,Under investigation,
d35ab0abb6963c36c497156a3dc4992c77570c407fa30ba5e819b5f3b28f375d,2019-01,North Wales Police,North Wales Police,-4.655086,53.312354,On or near Cae'R Mynydd,W01000034,Isle of Anglesey 004B,Public order,Unable to prosecute suspect,
106f9bb9ae6e022412ebbc7c3e4072cb01863135ee128b6604257628fbd8198f,2019-01,North Wales Police,North Wales Police,-4.653095,53.310987,On or near Llaingoch,W01000034,Isle of Anglesey 004B,Violence and sexual offences,Unable to prosecute suspect,
4014ea54e290f2ee26573b779e8fc5403127c061d28aff0acb893b41170a409d,2019-01,North Wales Police,North Wales Police,-4.659310,53.309778,On or near Hirfron,W01000034,Isle of Anglesey 004B,Violence and sexual offences,Under investigation,
0af392243543c09cdaeb4e526704d0d71176325c2a91ed371f276ba0a8645b94,2019-01,North Wales Police,North Wales Police,-4.619149,53.271744,On or near Porth Diana Lane,W01000039,Isle of Anglesey 004C,Other theft,Investigation complete; no suspect identified,
a159f75162905865eed81570ebaa4871ad9ad0e0e503d7dfd83c5a5343f46c2e,2019-01,North Wales Police,North Wales Police,-4.607702,53.274405,On or near Lon Crecrist,W01000039,Isle of Anglesey 004C,Violence and sexual offences,Further investigation is not in the public interest,
e6f07380b34c3cc279b4b12ef497a40b6e9c89ae6e50c6e9efb8be370abf0af2,2019-01,North Wales Police,North Wales Police,-4.625329,53.288377,On or near Lon Carreg Fawr,W01000040,Isle of Anglesey 004D,Burglary,Under investigation,
025124860ad2449299abaff089dc7cc661d4bd34e2c376613a0066cfc6b903f8,2019-01,North Wales Police,North Wales Police,-4.583594,53.290269,On or near Holyhead Road,W01000040,Isle of Anglesey 004D,Burglary,Unable to prosecute suspect,
57d3508dee1aab4274d8a55194d1db0c08fe96544b2e9e32b35aa31b8b7e02c5,2019-01,North Wales Police,North Wales Police,-4.620582,53.287555,On or near Hunters Chase,W01000040,Isle of Anglesey 004D,Criminal damage and arson,Unable to prosecute suspect,
520aa678bfea1462963102f8a412c1be48975469a9344f151dc4192c0c539a62,2019-01,North Wales Police,North Wales Police,-4.656826,53.298064,On or near Plas Road,W01000040,Isle of Anglesey 004D,Public order,Further investigation is not in the public interest,
38b2c73716e4125f68594292ec5e399845f7542b3cf806109c39a3e2efd473e0,2019-01,North Wales Police,North Wales Police,-4.622019,53.286517,On or near Plas Trearddur,W01000040,Isle of Anglesey 004D,Violence and sexual offences,Under investigation,
def90a2d3c2f1466bdaf1d5254b3e30117c2edb62067838ee08513ff7ea2c7aa,2019-01,North Wales Police,North Wales Police,-4.620582,53.287555,On or near Hunters Chase,W01000040,Isle of Anglesey 004D,Violence and sexual offences,Unable to prosecute suspect,
c7aa14188ff03d8edfc732e3e40a89e4cf904a81ca88e743554532f20fcc4f8e,2019-01,North Wales Police,North Wales Police,-4.562585,53.282981,On or near Field Street,W01000043,Isle of Anglesey 004E,Burglary,Investigation complete; no suspect identified,
223ba1d5ed6a4f793b61e068d8aed840e782ab3c8fbc8e33d60a8f31bed0ceef,2019-01,North Wales Police,North Wales Police,-4.566185,53.282220,On or near Tan-Y-Bryn,W01000043,Isle of Anglesey 004E,Criminal damage and arson,Unable to prosecute suspect,
7aec41b1f7aefc4d3a7b7debcb52095a9d687f630aa5a182019ed46ef4ec9eaf,2019-01,North Wales Police,North Wales Police,-4.561949,53.283885,On or near Church Drive,W01000043,Isle of Anglesey 004E,Public order,Unable to prosecute suspect,
ae3aae81aa7642d6a6630b4a742e824886a5f2b36f6a6a96992205719887020f,2019-01,North Wales Police,North Wales Police,-4.561774,53.283205,On or near Tai'R Felin,W01000043,Isle of Anglesey 004E,Shoplifting,Offender given a caution,
a8a25030292228e19ac2b01ed9fb7b0e7044f5d89511fbcbc3116d9b887e1adc,2019-01,North Wales Police,North Wales Police,-4.568683,53.281843,On or near Lon Spencer,W01000043,Isle of Anglesey 004E,Vehicle crime,Unable to prosecute suspect,
01b048d74f09345564a30fb1a084a870a180d8a9ff5c3004c9ed9dee3879b2c8,2019-01,North Wales Police,North Wales Police,-4.566185,53.282220,On or near Tan-Y-Bryn,W01000043,Isle of Anglesey 004E,Violence and sexual offences,Unable to prosecute suspect,
b9f1bc736243f095165937233ec266e1fb808a5506da902f1dfcc5dae4576ab4,2019-01,North Wales Police,North Wales Police,-4.562846,53.282076,On or near Carna Terrace,W01000043,Isle of Anglesey 004E,Violence and sexual offences,Unable to prosecute suspect,
a6fc7f4768f330069564759513cbdd794e1cf1e98d86642ce3fb5002820f6610,2019-01,North Wales Police,North Wales Police,-4.562969,53.292647,On or near Parc Branwen,W01000044,Isle of Anglesey 004F,Other theft,Investigation complete; no suspect identified,
ebd1278dc317fc37b979daebe27d81ac0a0b7f24ed53f5841300627061f764f5,2019-01,North Wales Police,North Wales Police,-4.523871,53.298382,On or near B5109,W01000044,Isle of Anglesey 004F,Violence and sexual offences,Under investigation,
9010b5f4d6b477eccddb4c9e8abc9d5bb0e0f09e24ac793cdbf11d692568d73d,2019-01,North Wales Police,North Wales Police,-4.523871,53.298382,On or near B5109,W01000044,Isle of Anglesey 004F,Violence and sexual offences,Investigation complete; no suspect identified,
efeb5dfac0684156bf717e39a5e6854ac3f10abdc63fbfa6a06ed7080cf9c4cb,2019-01,North Wales Police,North Wales Police,-4.567228,53.291342,On or near Bryn Afon,W01000044,Isle of Anglesey 004F,Violence and sexual offences,Unable to prosecute suspect,
6775747267d628749d1fb8727dce5c84b877d156d9ef6a12ef83da6edbd8fbf3,2019-01,North Wales Police,North Wales Police,-4.523871,53.298382,On or near B5109,W01000044,Isle of Anglesey 004F,Violence and sexual offences,Under investigation,
65430cc79b352c5c6d62733f74dcde1e0b0c47fa0fba34cdfbeda8118e0d2e50,2019-01,North Wales Police,North Wales Police,-4.567228,53.291342,On or near Bryn Afon,W01000044,Isle of Anglesey 004F,Violence and sexual offences,Under investigation,
,2019-01,North Wales Police,North Wales Police,-4.091548,53.277172,On or near Ffordd Eglwys,W01000005,Isle of Anglesey 005A,Anti-social behaviour,,
,2019-01,North Wales Police,North Wales Police,-4.094458,53.262754,On or near Petrol Station,W01000005,Isle of Anglesey 005A,Anti-social behaviour,,
4e2595f95d37a0b4a25410a25dedfb3c384c265153730b69f81b9c15e56c5286,2019-01,North Wales Police,North Wales Police,-4.092484,53.263778,On or near Little Lane,W01000005,Isle of Anglesey 005A,Criminal damage and arson,Under investigation,
a6eb137d4bb75f252ab2ec0e4badfc916d0953308b43c36d311dcd73a3e6777c,2019-01,North Wales Police,North Wales Police,-4.092484,53.263778,On or near Little Lane,W01000005,Isle of Anglesey 005A,Criminal damage and arson,Under investigation,
f5fa05b83927906a07163c58526f2e1663f12d56e72276139c5d7d35247f58f2,2019-01,North Wales Police,North Wales Police,-4.095579,53.262681,On or near Rosemary Lane,W01000005,Isle of Anglesey 005A,Criminal damage and arson,Investigation complete; no suspect identified,
39d95f41c2fc1898c8fc135accb77fc3c023ca4e651104499b8f8d793b9ec578,2019-01,North Wales Police,North Wales Police,-4.091548,53.277172,On or near Ffordd Eglwys,W01000005,Isle of Anglesey 005A,Public order,Investigation complete; no suspect identified,
c51d8bb1439bcee11828b51d226a311009f725e3f3cb232ce0a9de2916a9bc11,2019-01,North Wales Police,North Wales Police,-4.093523,53.263868,On or near Church Street,W01000005,Isle of Anglesey 005A,Public order,Offender given a caution,
0243299579f8e8729dfa97d5099aab012f68316accb80b7f80c8a8aa7ee156ce,2019-01,North Wales Police,North Wales Police,-4.094458,53.262754,On or near Petrol Station,W01000005,Isle of Anglesey 005A,Public order,Investigation complete; no suspect identified,
5212319ec5863c5f051f7aafec8b6bc0dee3007c5e1eb6eb7a13bbe4b393d460,2019-01,North Wales Police,North Wales Police,-4.092599,53.264297,On or near Rating Row,W01000005,Isle of Anglesey 005A,Violence and sexual offences,Unable to prosecute suspect,
6b7fefe75c4412f4cdf30d17f3550de037fc717e6384e51e0e6e845f6e36a555,2019-01,North Wales Police,North Wales Police,-4.092484,53.263778,On or near Little Lane,W01000005,Isle of Anglesey 005A,Violence and sexual offences,Under investigation,
41a55e5499f2c717ed6337f33aa95a3bbea95cd6def8894ae9ee70da9aa4ba74,2019-01,North Wales Police,North Wales Police,-4.092599,53.264297,On or near Rating Row,W01000005,Isle of Anglesey 005A,Violence and sexual offences,Unable to prosecute suspect,
f4f3374c5f0534f5ce7d14fa0d35e829a5feab48204fc5e461e8d4ea1bfd01f7,2019-01,North Wales Police,North Wales Police,-4.090849,53.278515,On or near St Catherine'S Close,W01000005,Isle of Anglesey 005A,Violence and sexual offences,Unable to prosecute suspect,
b45157ca0706dbf70f3c59fc71bacbcf218d323191714caa7dfd56049258b040,2019-01,North Wales Police,North Wales Police,-4.090849,53.278515,On or near St Catherine'S Close,W01000005,Isle of Anglesey 005A,Violence and sexual offences,Unable to prosecute suspect,
ed498dcaac614f5d608aeec4603ee5c27e05a279864c89e21177f7cb0f16dc5f,2019-01,North Wales Police,North Wales Police,-4.092484,53.263778,On or near Little Lane,W01000005,Isle of Anglesey 005A,Violence and sexual offences,Unable to prosecute suspect,
c8e9a167c867dbbc4b31a2246704989d6a811698fb076cc8d500d5a0b32320c0,2019-01,North Wales Police,North Wales Police,-4.092484,53.263778,On or near Little Lane,W01000005,Isle of Anglesey 005A,Violence and sexual offences,Under investigation,
bb81762edb604390184b5e05d7385ae42c53bdf43ce974d02b5ec579edf7fc4c,2019-01,North Wales Police,North Wales Police,-4.090849,53.278515,On or near St Catherine'S Close,W01000005,Isle of Anglesey 005A,Violence and sexual offences,Unable to prosecute suspect,
69cd3aea7e5e7d1e7f10d3b4dee468b128ca67e1d10c52f918b943e9c5b548cc,2019-01,North Wales Police,North Wales Police,-4.161221,53.270040,On or near B5109,W01000013,Isle of Anglesey 005B,Criminal damage and arson,Unable to prosecute suspect,
9a779bb443807662926b6f8fa8db44d50a89fde3d71faeace6d06f08f28f783b,2019-01,North Wales Police,North Wales Police,-4.161221,53.270040,On or near B5109,W01000013,Isle of Anglesey 005B,Criminal damage and arson,Unable to prosecute suspect,
fa8d2148e8b3a90e1ec6c0a29d6b17769050025430f465504ea2a1d50fc18ba8,2019-01,North Wales Police,North Wales Police,-4.145175,53.243107,On or near Glan Y Felin,W01000013,Isle of Anglesey 005B,Other theft,Under investigation,
a6fd332d4aed3e165077e4ec06d0624d775fb9158ef1143d83ccdbff106bc246,2019-01,North Wales Police,North Wales Police,-4.183367,53.254047,On or near Pentraeth Road,W01000013,Isle of Anglesey 005B,Public order,Further investigation is not in the public interest,
7e7de21e9b393e35ba9630aa0d0d19e9d8444b1561ac4af6b4aab8ee33a1dd5f,2019-01,North Wales Police,North Wales Police,-4.208713,53.305429,On or near Parking Area,W01000019,Isle of Anglesey 005C,Criminal damage and arson,Under investigation,
b90903d3a54e6a5a1b174e04b304e067d28d7b35c6ae8bae2521db26b44dfe6e,2019-01,North Wales Police,North Wales Police,-4.208713,53.305429,On or near Parking Area,W01000019,Isle of Anglesey 005C,Criminal damage and arson,Unable to prosecute suspect,
aa63a20e8dea36af6b8145fd68687dfa8e82d0b531d0dc53ea98f7cb32345975,2019-01,North Wales Police,North Wales Police,-4.254340,53.313916,On or near Sports/Recreation Area,W01000019,Isle of Anglesey 005C,Violence and sexual offences,Unable to prosecute suspect,
2a1dca35063c6e0013abfeafd65def129ba9b6a167debe0e7962898902bc0bfa,2019-01,North Wales Police,North Wales Police,-4.070415,53.290847,On or near Parking Area,W01000026,Isle of Anglesey 005D,Violence and sexual offences,Local resolution,
703a582a53d21ce9a542ea1dbe3f981662e8385d0fa631e4a06dc5bd9ed59f27,2019-01,North Wales Police,North Wales Police,-4.096100,53.315598,On or near Parking Area,W01000026,Isle of Anglesey 005D,Violence and sexual offences,Unable to prosecute suspect,
,2019-01,North Wales Police,North Wales Police,-4.221020,53.279101,On or near Bron Ffinan,W01000035,Isle of Anglesey 005E,Anti-social behaviour,,
13709f29c2a386c309e2854c45df46a30b381e71d4350b98834513c3a7e1bc54,2019-01,North Wales Police,North Wales Police,-4.220701,53.290003,On or near A5025,W01000035,Isle of Anglesey 005E,Burglary,Investigation complete; no suspect identified,
c538eb5750d4763db35eda0cfb6533aea35cdfbb4fee0068d86e87881c845138,2019-01,North Wales Police,North Wales Police,-4.220701,53.290003,On or near A5025,W01000035,Isle of Anglesey 005E,Burglary,Under investigation,
7f21f5d0afe60e92d26706655829e08588578a12a1ef4cabf9363e4dcd500ced,2019-01,North Wales Police,North Wales Police,-4.215653,53.281484,On or near Petrol Station,W01000035,Isle of Anglesey 005E,Other theft,Under investigation,
cea50f80c2f46cf8c5cf201e8c1c46d395e2c7140fe875f653f0fd1d3abf43a6,2019-01,North Wales Police,North Wales Police,-4.220701,53.290003,On or near A5025,W01000035,Isle of Anglesey 005E,Public order,Unable to prosecute suspect,
910a9fe672646e23f66acc53d1f4b1e5004775b860970c1e483c6c49bf338784,2019-01,North Wales Police,North Wales Police,-4.221020,53.279101,On or near Bron Ffinan,W01000035,Isle of Anglesey 005E,Public order,Unable to prosecute suspect,
a23b2b77805b6c4084dd9a803dcf9d68e5f7db0df4f51bb71c02cabf726f6b35,2019-01,North Wales Police,North Wales Police,-4.141397,53.288676,On or near Maes Gwyn,W01000035,Isle of Anglesey 005E,Violence and sexual offences,Court case unable to proceed,
f4d7d7cd77aebd9c70e80155eb3f0f8c70423e989c8b51ff19e172104f4f03c6,2019-01,North Wales Police,North Wales Police,-4.217853,53.284851,On or near Chapel Street,W01000035,Isle of Anglesey 005E,Violence and sexual offences,Under investigation,
fece1da3000b63d1cad46856d87b6179fdd1a2fc476e1bd5f79ed63728e87938,2019-01,North Wales Police,North Wales Police,-4.220701,53.290003,On or near A5025,W01000035,Isle of Anglesey 005E,Violence and sexual offences,Unable to prosecute suspect,
bb4605123f5c29a3bc725ced59f885f008e85e0bd023f89a404755cd7e6305c5,2019-01,North Wales Police,North Wales Police,-4.220701,53.290003,On or near A5025,W01000035,Isle of Anglesey 005E,Violence and sexual offences,Under investigation,
f2828cdb7d5cc85ae5b94006c93e9dfea7a95d1889d21ac93e590be6f6540f4c,2019-01,North Wales Police,North Wales Police,-4.218294,53.290471,On or near Parc Clai Coediog,W01000035,Isle of Anglesey 005E,Violence and sexual offences,Action to be taken by another organisation,
,2019-01,North Wales Police,North Wales Police,-4.341425,53.246074,On or near Bryn Hwfa,W01000006,Isle of Anglesey 006A,Anti-social behaviour,,
0b92d6645d52c3ad2a9a4c4c5d8ce95098fe95c6831433f1d7d69063469fa44a,2019-01,North Wales Police,North Wales Police,-4.357755,53.265271,On or near Lon Sardis,W01000006,Isle of Anglesey 006A,Vehicle crime,Investigation complete; no suspect identified,
,2019-01,North Wales Police,North Wales Police,-4.312829,53.251703,On or near Lon Glanhwfa,W01000012,Isle of Anglesey 006B,Anti-social behaviour,,
,2019-01,North Wales Police,North Wales Police,-4.318002,53.256143,On or near Sports/Recreation Area,W01000012,Isle of Anglesey 006B,Anti-social behaviour,,
f72008e3d7181c5f2b148023843efa0fd9aa6cc1fb8ccba7ef89baccbd9fbd03,2019-01,North Wales Police,North Wales Police,-4.311202,53.251555,On or near Sports/Recreation Area,W01000012,Isle of Anglesey 006B,Public order,Unable to prosecute suspect,
fd9262c18c705342c846b11aae06ea2cecf68212e7b9dedb5baf6f0b5bef6995,2019-01,North Wales Police,North Wales Police,-4.312757,53.255373,On or near Llawr Y Dref,W01000012,Isle of Anglesey 006B,Violence and sexual offences,Unable to prosecute suspect,
1b6586dd126e74554beb11a267c3100aedcd6a40868e407f030f60fe8150474d,2019-01,North Wales Police,North Wales Police,-4.318002,53.256143,On or near Sports/Recreation Area,W01000012,Isle of Anglesey 006B,Violence and sexual offences,Unable to prosecute suspect,
eed53c1be43df84027a4912922440475a57cd10a935529453da370f7e7bb2dc7,2019-01,North Wales Police,North Wales Police,-4.314355,53.251926,On or near Lon Fron,W01000012,Isle of Anglesey 006B,Violence and sexual offences,Unable to prosecute suspect,
3eb1aa50e90d4fe6d8f61d868e262925e731d4f989fc38518a3ed912a29c5434,2019-01,North Wales Police,North Wales Police,-4.311410,53.254572,On or near Rhesdai Caradog,W01000012,Isle of Anglesey 006B,Violence and sexual offences,Unable to prosecute suspect,
,2019-01,North Wales Police,North Wales Police,-4.323596,53.260889,On or near Cwr Y Coed,W01000014,Isle of Anglesey 006C,Anti-social behaviour,,
,2019-01,North Wales Police,North Wales Police,-4.323596,53.260889,On or near Cwr Y Coed,W01000014,Isle of Anglesey 006C,Anti-social behaviour,,
,2019-01,North Wales Police,North Wales Police,-4.323596,53.260889,On or near Cwr Y Coed,W01000014,Isle of Anglesey 006C,Anti-social behaviour,,
ae05d3b655a07505da0fb8e85321c346eaa52add2fc29fdd55c67394d537cc4d,2019-01,North Wales Police,North Wales Police,-4.311041,53.255802,On or near Maes Bulkeley,W01000014,Isle of Anglesey 006C,Criminal damage and arson,Offender given community sentence,
3d32fb873fab6540ad5c911cddeb893a6539f7c7b64ba7c7ccc01790f3df9e54,2019-01,North Wales Police,North Wales Police,-4.311159,53.256600,On or near Stryd Yr Eglwys,W01000014,Isle of Anglesey 006C,Criminal damage and arson,Investigation complete; no suspect identified,
3cce4e04a33462495fbdf521b40c59fa3ddb9fe3345f754eaaeaa49c68060142,2019-01,North Wales Police,North Wales Police,-4.311041,53.255802,On or near Maes Bulkeley,W01000014,Isle of Anglesey 006C,Criminal damage and arson,Offender given community sentence,
9f32b32dd1863c8553bea1c94f9c3d3a4b406e4c5adcbfab21c71a591daf466c,2019-01,North Wales Police,North Wales Police,-4.311664,53.256221,On or near Ffordd Yr Efail,W01000014,Isle of Anglesey 006C,Criminal damage and arson,Offender given community sentence,
538cc9603104aa85958b237ab3f26f35e6848802938e998a72a0e0cea3479937,2019-01,North Wales Police,North Wales Police,-4.323425,53.260227,On or near Bryn Pandy,W01000014,Isle of Anglesey 006C,Criminal damage and arson,Investigation complete; no suspect identified,
26c2c60f8eaa99142ca6d274df59b755daa266423e2b7dc374715b7d79f47d32,2019-01,North Wales Police,North Wales Police,-4.310602,53.258499,On or near Lon Las,W01000014,Isle of Anglesey 006C,Criminal damage and arson,Under investigation,
c5e88d072f6dbe845a902b5be882e1c2eca023d684e5e5a3d411063b185787b7,2019-01,North Wales Police,North Wales Police,-4.311041,53.255802,On or near Maes Bulkeley,W01000014,Isle of Anglesey 006C,Criminal damage and arson,Offender given community sentence,
7c9038d0c7f8df1b949eb23ea55d2f3045182318f483fc8113f4503245e33ec7,2019-01,North Wales Police,North Wales Police,-4.311041,53.255802,On or near Maes Bulkeley,W01000014,Isle of Anglesey 006C,Criminal damage and arson,Awaiting court outcome,
47551d99e867935d0b397e9ad2cc299b5a24b682608fc82d8d64e286363744a3,2019-01,North Wales Police,North Wales Police,-4.323425,53.260227,On or near Bryn Pandy,W01000014,Isle of Anglesey 006C,Other theft,Unable to prosecute suspect,
9360910584d8f19380719c8df25e150f5e53b8d75e28b3ec07f9cff5a8e5e7ef,2019-01,North Wales Police,North Wales Police,-4.312450,53.257726,On or near Parking Area,W01000014,Isle of Anglesey 006C,Other theft,Investigation complete; no suspect identified,
3f71cbd77946a6fc6c4e6d08e7cd6cac890a01c97fab7415211e60bae8e7d491,2019-01,North Wales Police,North Wales Police,-4.311159,53.256600,On or near Stryd Yr Eglwys,W01000014,Isle of Anglesey 006C,Other theft,Unable to prosecute suspect,
551472bab23270fbf00c80bc504ca093d4fdd861c36999530efebf446bd5ad08,2019-01,North Wales Police,North Wales Police,-4.323596,53.260889,On or near Cwr Y Coed,W01000014,Isle of Anglesey 006C,Public order,Unable to prosecute suspect,
90dcbb6826b8699a6965596f4162475d86ea3ec12f1e977e67aebd0a2d56ffa6,2019-01,North Wales Police,North Wales Police,-4.323596,53.260889,On or near Cwr Y Coed,W01000014,Isle of Anglesey 006C,Public order,Unable to prosecute suspect,
82fd5367575ff663bd337501042ff00a2a662facc696da52789e6b2900e8856b,2019-01,North Wales Police,North Wales Police,-4.311041,53.255802,On or near Maes Bulkeley,W01000014,Isle of Anglesey 006C,Public order,Unable to prosecute suspect,
601aad7502d7442e1e1bddc58c99b029a9f0e788d5f2939f4e28338519627cb9,2019-01,North Wales Police,North Wales Police,-4.323596,53.260889,On or near Cwr Y Coed,W01000014,Isle of Anglesey 006C,Public order,Unable to prosecute suspect,
895544bd118944112f091e038f001fc13885d372800fcb8bdf03489c27eec1b7,2019-01,North Wales Police,North Wales Police,-4.311159,53.256600,On or near Stryd Yr Eglwys,W01000014,Isle of Anglesey 006C,Shoplifting,Under investigation,
86fed25ed973e0942968c4800eded8bfbba2b596e4643647051fa92d0f4b1c53,2019-01,North Wales Police,North Wales Police,-4.323596,53.260889,On or near Cwr Y Coed,W01000014,Isle of Anglesey 006C,Theft from the person,Unable to prosecute suspect,
2da51c8127b953b20038c2701a477747045d6c795965980ef3e92bb18158f25f,2019-01,North Wales Police,North Wales Police,-4.311159,53.256600,On or near Stryd Yr Eglwys,W01000014,Isle of Anglesey 006C,Violence and sexual offences,Unable to prosecute suspect,
e028f8488ebd25bd0190338aa5ed3c9b79f717dad25f5f8eb654abda26077732,2019-01,North Wales Police,North Wales Police,-4.323596,53.260889,On or near Cwr Y Coed,W01000014,Isle of Anglesey 006C,Violence and sexual offences,Under investigation,
,2019-01,North Wales Police,North Wales Police,-4.302565,53.255130,On or near Chapel Street,W01000041,Isle of Anglesey 006D,Anti-social behaviour,,
,2019-01,North Wales Police,North Wales Police,-4.307143,53.255509,On or near Stryd-Y-Bont,W01000041,Isle of Anglesey 006D,Anti-social behaviour,,
,2019-01,North Wales Police,North Wales Police,-4.298558,53.258705,On or near Bro Tudur,W01000041,Isle of Anglesey 006D,Anti-social behaviour,,
,2019-01,North Wales Police,North Wales Police,-4.307143,53.255509,On or near Stryd-Y-Bont,W01000041,Isle of Anglesey 006D,Anti-social behaviour,,
764745be1e84cec392ce872fb5ebd6ed495cdbbd06cbf7693ef18d955a8ffdbf,2019-01,North Wales Police,North Wales Police,-4.298558,53.258705,On or near Bro Tudur,W01000041,Isle of Anglesey 006D,Burglary,Investigation complete; no suspect identified,
7f2284165c4e70ef36b57aa887a5db1263d2a7ce2f4864a163a3d7f58c3a2a7e,2019-01,North Wales Police,North Wales Police,-4.298558,53.258705,On or near Bro Tudur,W01000041,Isle of Anglesey 006D,Burglary,Under investigation,
5cbda1d92e5338c2148fa90328cb0af6d24052190343bc83673c98ad6ffef7fb,2019-01,North Wales Police,North Wales Police,-4.298558,53.258705,On or near Bro Tudur,W01000041,Isle of Anglesey 006D,Criminal damage and arson,Investigation complete; no suspect identified,
c4ca6f415433f6760a85d3e9faee93079745178992a93adaeb05f95496992f8c,2019-01,North Wales Police,North Wales Police,-4.307464,53.256734,On or near Isgraig,W01000041,Isle of Anglesey 006D,Criminal damage and arson,Investigation complete; no suspect identified,
e31060f5a94980e42ad2e6b7197f3070214458543aa9268923ea0e9abab56699,2019-01,North Wales Police,North Wales Police,-4.298558,53.258705,On or near Bro Tudur,W01000041,Isle of Anglesey 006D,Criminal damage and arson,Investigation complete; no suspect identified,
c6d1e4e626ac8e63dbc473809cb2f0bd6dce1bfd3a6321b477ca7ae340af935b,2019-01,North Wales Police,North Wales Police,-4.306819,53.259525,On or near Maeshyfryd Road,W01000041,Isle of Anglesey 006D,Criminal damage and arson,Offender fined,
318590b6b4b326353886a8201017a18c2085f0804230f98a37ac008930c49645,2019-01,North Wales Police,North Wales Police,-4.307143,53.255509,On or near Stryd-Y-Bont,W01000041,Isle of Anglesey 006D,Criminal damage and arson,Offender given community sentence,
b05b9d1382f350ea9624643bd28e6f5470fe91e0b61ac531e71bd8b4661016c5,2019-01,North Wales Police,North Wales Police,-4.298558,53.258705,On or near Bro Tudur,W01000041,Isle of Anglesey 006D,Criminal damage and arson,Unable to prosecute suspect,
59ef67e97fb5f0eed43e927a3c3eaf0670b75f22a1ac8082f2b3de60107683cd,2019-01,North Wales Police,North Wales Police,-4.304291,53.256562,On or near Hospital,W01000041,Isle of Anglesey 006D,Other theft,Investigation complete; no suspect identified,
057202f7d8b28435ba618dbfe44973d97b43876b451f69dabf73f434aac7ad7c,2019-01,North Wales Police,North Wales Police,-4.304291,53.256562,On or near Hospital,W01000041,Isle of Anglesey 006D,Shoplifting,Investigation complete; no suspect identified,
6353f10cc6c01d810cff4b273a486cb6ea47a0ebc500e2f4bfa11498ecdec028,2019-01,North Wales Police,North Wales Police,-4.298558,53.258705,On or near Bro Tudur,W01000041,Isle of Anglesey 006D,Vehicle crime,Unable to prosecute suspect,
a39ebfae1b6079320ab9dee211933c7d7f2aa0b42d5e84a1dd35f3cae0ea588f,2019-01,North Wales Police,North Wales Police,-4.304291,53.256562,On or near Hospital,W01000041,Isle of Anglesey 006D,Violence and sexual offences,Further investigation is not in the public interest,
97fbe7354a14aa09340de6962b470ff2e453801065e13459c622509b11444abb,2019-01,North Wales Police,North Wales Police,-4.298558,53.258705,On or near Bro Tudur,W01000041,Isle of Anglesey 006D,Violence and sexual offences,Under investigation,
d6e4aa0ec49cfa745efac4ed2a389079b4fcee44cbe800bdb860472f94fc35a4,2019-01,North Wales Police,North Wales Police,-4.298558,53.258705,On or near Bro Tudur,W01000041,Isle of Anglesey 006D,Violence and sexual offences,Unable to prosecute suspect,
3504c61eb5fbabed6477aa5bb9219d54c18e819ca877308303b3f42be3f6607e,2019-01,North Wales Police,North Wales Police,-4.307143,53.255509,On or near Stryd-Y-Bont,W01000041,Isle of Anglesey 006D,Violence and sexual offences,Investigation complete; no suspect identified,
b0603c0c67ba8b7b51e1564b7c5d7a2e3abd78d3170e35d301eb8f6db4de06c2,2019-01,North Wales Police,North Wales Police,-4.306819,53.259525,On or near Maeshyfryd Road,W01000041,Isle of Anglesey 006D,Violence and sexual offences,Under investigation,
5a9b91829e125fdf321d52eb97af6c56349d1bc928694d5ebb34fa4fa2293f33,2019-01,North Wales Police,North Wales Police,-4.298558,53.258705,On or near Bro Tudur,W01000041,Isle of Anglesey 006D,Violence and sexual offences,Unable to prosecute suspect,
affdd86054707920f340c89a24111ddfc01dbb6c03290ecc08f51b4bffe92fd5,2019-01,North Wales Police,North Wales Police,-4.306219,53.257298,On or near Sports/Recreation Area,W01000041,Isle of Anglesey 006D,Violence and sexual offences,Under investigation,
e07d26eb4caf2f726b1d0b66966faa06ea38882bc30aa49a1bad31b235f36124,2019-01,North Wales Police,North Wales Police,-4.298558,53.258705,On or near Bro Tudur,W01000041,Isle of Anglesey 006D,Violence and sexual offences,Awaiting court outcome,
24ed0c13af8e18a66082420e68b1ae69b61e0245d27014165273c5ddec738c10,2019-01,North Wales Police,North Wales Police,-4.304291,53.256562,On or near Hospital,W01000041,Isle of Anglesey 006D,Violence and sexual offences,Unable to prosecute suspect,
9c2192abe46986507fd094aa37f816945eec03bb43947ebc5ccb34bef79f31fb,2019-01,North Wales Police,North Wales Police,-4.304291,53.256562,On or near Hospital,W01000041,Isle of Anglesey 006D,Other crime,Unable to prosecute suspect,
ae942f0217ca8ab2b76630503ec0a9dd7cce41208eccf85afcdbf399deb5d41d,2019-01,North Wales Police,North Wales Police,-4.307143,53.255509,On or near Stryd-Y-Bont,W01000041,Isle of Anglesey 006D,Other crime,Further investigation is not in the public interest,
,2019-01,North Wales Police,North Wales Police,-4.464644,53.193490,On or near Parking Area,W01000001,Isle of Anglesey 007A,Anti-social behaviour,,
,2019-01,North Wales Police,North Wales Police,-4.518949,53.226233,On or near Bodelwyn Est,W01000001,Isle of Anglesey 007A,Anti-social behaviour,,
e0ccf303816c22a9424a5c5d2bfab3e4b6066c4e092065b86a6259028779bbaa,2019-01,North Wales Police,North Wales Police,-4.464140,53.192808,On or near Stryd Llewelyn,W01000001,Isle of Anglesey 007A,Violence and sexual offences,Unable to prosecute suspect,
0dc5b1543cb0ec01f12ef18297e8d3ec831ed203f282e8202ac4e9841b02784a,2019-01,North Wales Police,North Wales Police,-4.464327,53.191887,On or near Sqwar Bodorgan,W01000001,Isle of Anglesey 007A,Other crime,Awaiting court outcome,
,2019-01,North Wales Police,North Wales Police,-4.482177,53.228227,On or near Sports/Recreation Area,W01000002,Isle of Anglesey 007B,Anti-social behaviour,,
b72e71d44bb2e268e2887ec16a8c71633411eb148e3e9b114fafaefc829edb13,2019-01,North Wales Police,North Wales Police,-4.484569,53.228132,On or near Maes Cynlas,W01000002,Isle of Anglesey 007B,Burglary,Investigation complete; no suspect identified,
1ebb67de977301af5d27424c4017ac781a7274408f1e54dfe6e495a6ee5e098a,2019-01,North Wales Police,North Wales Police,-4.482177,53.228227,On or near Sports/Recreation Area,W01000002,Isle of Anglesey 007B,Violence and sexual offences,Unable to prosecute suspect,
6daeed4c69dde45baf5489366d0b51ec59746c22c66a31e4901f4b445b2408bf,2019-01,North Wales Police,North Wales Police,-4.515729,53.233152,On or near Trem Y Mor,W01000002,Isle of Anglesey 007B,Violence and sexual offences,Unable to prosecute suspect,
9176bd2935e0762c43383765244b3b3fc1f099ac6c6de58e36db9a17ee0caec9,2019-01,North Wales Police,North Wales Police,-4.408003,53.258000,On or near Holyhead Road,W01000009,Isle of Anglesey 007C,Burglary,Investigation complete; no suspect identified,
be4c180bee5f8288c84e0822806c16645f6a49d51a00f6ad822415cb3a543744,2019-01,North Wales Police,North Wales Police,-4.408003,53.258000,On or near Holyhead Road,W01000009,Isle of Anglesey 007C,Burglary,Investigation complete; no suspect identified,
a3b78475362effb2d6bed0e057f1cd6c091b3f6410898703e79ee695ae3ca9fe,2019-01,North Wales Police,North Wales Police,-4.413538,53.258841,On or near Maes Y Ffridd,W01000009,Isle of Anglesey 007C,Criminal damage and arson,Unable to prosecute suspect,
731148178a299df5c78677ba1b77e02d6c6fb6b76e021b1588bbd6d32cbbc74c,2019-01,North Wales Police,North Wales Police,-4.477037,53.269451,On or near High Street,W01000009,Isle of Anglesey 007C,Other theft,Unable to prosecute suspect,
bf989d3dde77eaefc3cf9e3bad6e217ddfc3ca73413429da08bc16f6bb0ba184,2019-01,North Wales Police,North Wales Police,-4.477037,53.269451,On or near High Street,W01000009,Isle of Anglesey 007C,Violence and sexual offences,Unable to prosecute suspect,
f1cdee33f6715228684a249723c88f107c8a5959afe45acb092f947ed311d1f0,2019-01,North Wales Police,North Wales Police,-4.472847,53.269358,On or near Ystad Ty'N Berllan,W01000009,Isle of Anglesey 007C,Violence and sexual offences,Unable to prosecute suspect,
12e95afca80ae04794e0067ec69113bb909048252ff2059332e2d567709616b7,2019-01,North Wales Police,North Wales Police,-4.420805,53.256886,On or near Bryn Tirion,W01000009,Isle of Anglesey 007C,Violence and sexual offences,Under investigation,
998c7f34b9baebdb60dea87992239838e2850e8714bc2514704d67acdb8538f2,2019-01,North Wales Police,North Wales Police,-4.420805,53.256886,On or near Bryn Tirion,W01000009,Isle of Anglesey 007C,Violence and sexual offences,Under investigation,
a71cdde70f6dc942974de3eb54c7d061148ac5af610760974cea8ceae9273574,2019-01,North Wales Police,North Wales Police,-4.445798,53.270015,On or near B5112,W01000009,Isle of Anglesey 007C,Other crime,Under investigation,
c0cb292dc8836b9d46d046120a9a1c89e6aa2a755694fd72b00eae74f049c7c3,2019-01,North Wales Police,North Wales Police,-4.503356,53.295326,On or near Llys Y Meddyg,W01000023,Isle of Anglesey 007D,Burglary,Investigation complete; no suspect identified,
7d8a7411123b9259efacb49ec80ba3cb15d17e0d769775b527b3aa3cbe022c1b,2019-01,North Wales Police,North Wales Police,-4.501315,53.291736,On or near Bron Y Graig,W01000023,Isle of Anglesey 007D,Other theft,Investigation complete; no suspect identified,
6dbe9487bc9cd35b857fa2822b50f95c6955c09dbff76e5982f1e8689d3439d2,2019-01,North Wales Police,North Wales Police,-4.500803,53.292206,On or near Bro'R Ysgol,W01000023,Isle of Anglesey 007D,Other theft,Under investigation,
24c95575329ad33b0366bad0b9049d4894e13fdafed2b4bdd2ec8494efa6e56e,2019-01,North Wales Police,North Wales Police,-4.500803,53.292206,On or near Bro'R Ysgol,W01000023,Isle of Anglesey 007D,Other theft,Under investigation,
6570201db7c1d0cff68e8f542415c00938c9f413e36e0e995a002d773d043b0d,2019-01,North Wales Police,North Wales Police,-4.506344,53.289976,On or near Sports/Recreation Area,W01000023,Isle of Anglesey 007D,Violence and sexual offences,Under investigation,
,2019-01,North Wales Police,North Wales Police,-4.520936,53.266903,On or near Trem Cymyran,W01000024,Isle of Anglesey 007E,Anti-social behaviour,,
998ca1692f3b315dc148edab61fe60c90622cc47957af85f1e09d1932398c27b,2019-01,North Wales Police,North Wales Police,-4.544549,53.258453,On or near Park/Open Space,W01000024,Isle of Anglesey 007E,Other theft,Investigation complete; no suspect identified,
4733a5e0a5a6419d449d8997b29981658e219bb9f4f6ac8fca9ccf5a29af299e,2019-01,North Wales Police,North Wales Police,-4.520227,53.265821,On or near Bryn Trewan,W01000024,Isle of Anglesey 007E,Violence and sexual offences,Unable to prosecute suspect,
b70d7d8c2007fbbc33d59fc63ebc649c71025dae833e0dd1a922354d4919c1e6,2019-01,North Wales Police,North Wales Police,-4.517613,53.270075,On or near Dol Eithin,W01000024,Isle of Anglesey 007E,Violence and sexual offences,Under investigation,
a55cd318e04fced4dd08a160946a07e1d39b5b80682d7953e1d63929681ba5f7,2019-01,North Wales Police,North Wales Police,-4.538318,53.259314,On or near Park/Open Space,W01000024,Isle of Anglesey 007E,Violence and sexual offences,Investigation complete; no suspect identified,
889fcd2286dc4441ad801fef9a5ca6cb9893c720c7be8d61f65d4bca03b44aa6,2019-01,North Wales Police,North Wales Police,-4.518461,53.269203,On or near Dinam Road,W01000024,Isle of Anglesey 007E,Violence and sexual offences,Under investigation,
976e6bcb1bccb4afe205f195171e08a1410d1fb6ac673033de15424004d7f036,2019-01,North Wales Police,North Wales Police,-4.520655,53.267484,On or near Ffordd Cerrig Mawr,W01000024,Isle of Anglesey 007E,Violence and sexual offences,Unable to prosecute suspect,
5b5d4cbe408efc31263463bf7e9cee1953d49c7eab34aa40772898943c5789b3,2019-01,North Wales Police,North Wales Police,-4.518461,53.269203,On or near Dinam Road,W01000024,Isle of Anglesey 007E,Violence and sexual offences,Unable to prosecute suspect,
a11cbec40ce06eb10b68c7d8a1bcedd27f4286053085282fb042a208cf57e108,2019-01,North Wales Police,North Wales Police,-4.209781,53.221158,On or near Parking Area,W01000008,Isle of Anglesey 008A,Burglary,Unable to prosecute suspect,
dd7ea1087d934b66f08319a39698b6484bc2831b29ca3d00f7cb63abac9471a8,2019-01,North Wales Police,North Wales Police,-4.204453,53.224466,On or near Ffordd Penmynydd,W01000008,Isle of Anglesey 008A,Other theft,Investigation complete; no suspect identified,
,2019-01,North Wales Police,North Wales Police,-4.162549,53.223247,On or near Brynafon,W01000011,Isle of Anglesey 008B,Anti-social behaviour,,
,2019-01,North Wales Police,North Wales Police,-4.163917,53.222746,On or near Tan Y Bonc,W01000011,Isle of Anglesey 008B,Anti-social behaviour,,
,2019-01,North Wales Police,North Wales Police,-4.175553,53.228297,On or near Tyn-Y-Caeau Drive,W01000011,Isle of Anglesey 008B,Anti-social behaviour,,
,2019-01,North Wales Police,North Wales Police,-4.166943,53.225721,On or near Petrol Station,W01000011,Isle of Anglesey 008B,Anti-social behaviour,,
,2019-01,North Wales Police,North Wales Police,-4.160793,53.225266,On or near Promenade,W01000011,Isle of Anglesey 008B,Anti-social behaviour,,
ebe0de8d8f76f87b3be3c2db17b6b4a6d26654f0a2091114d60f2085093554a9,2019-01,North Wales Police,North Wales Police,-4.162536,53.226862,On or near Stryd Fawr,W01000011,Isle of Anglesey 008B,Burglary,Investigation complete; no suspect identified,
49171926c5597cfb4dc33d3a683cbd5081af739709902b1401fc6084be210363,2019-01,North Wales Police,North Wales Police,-4.163084,53.225845,On or near Y Sgwar,W01000011,Isle of Anglesey 008B,Public order,Under investigation,
b68eecbf59eb6ab0f7455d3ae37cd715f660cbe8dc3d8ebfebeb7ad875b3dc61,2019-01,North Wales Police,North Wales Police,-4.166140,53.224360,On or near Mona Road,W01000011,Isle of Anglesey 008B,Violence and sexual offences,Under investigation,
7187d4d49974369b6f75fc4781ac2ea3d3813df4113a1029882e5201dff4de7f,2019-01,North Wales Police,North Wales Police,-4.163803,53.225535,On or near Wood Street,W01000011,Isle of Anglesey 008B,Violence and sexual offences,Further investigation is not in the public interest,
86aaba566b130cd232e65c967b132bfd12d37f84c96858dd3094c7ca72612753,2019-01,North Wales Police,North Wales Police,-4.163000,53.227734,On or near Parking Area,W01000011,Isle of Anglesey 008B,Violence and sexual offences,Unable to prosecute suspect,
01257afc38c0802452edf938f5d5e196a2a7a67369641a163888de5cfa15132f,2019-01,North Wales Police,North Wales Police,-4.163803,53.225535,On or near Wood Street,W01000011,Isle of Anglesey 008B,Violence and sexual offences,Unable to prosecute suspect,
e5ed638c33373911ac3617f030df28fa53311757e9f49b1e3132eb84ef46f305,2019-01,North Wales Police,North Wales Police,-4.163803,53.225535,On or near Wood Street,W01000011,Isle of Anglesey 008B,Violence and sexual offences,Unable to prosecute suspect,
c48a0f48b288ce24bc7647a68d8048e1677f91787914c3cf4ace3d2de7deadb2,2019-01,North Wales Police,North Wales Police,-4.175553,53.228297,On or near Tyn-Y-Caeau Drive,W01000011,Isle of Anglesey 008B,Violence and sexual offences,Unable to prosecute suspect,
672dd2723526393324bb90c6d3452f021847c122d7de41c1d77f233468bf1028,2019-01,North Wales Police,North Wales Police,-4.163803,53.225535,On or near Wood Street,W01000011,Isle of Anglesey 008B,Violence and sexual offences,Unable to prosecute suspect,
,2019-01,North Wales Police,North Wales Police,-4.189940,53.220733,On or near Holyhead Road,W01000015,Isle of Anglesey 008C,Anti-social behaviour,,
,2019-01,North Wales Police,North Wales Police,-4.189940,53.220733,On or near Holyhead Road,W01000015,Isle of Anglesey 008C,Anti-social behaviour,,
4091af6dd5367a3d1c33fc959757c500d17fcbb965fa52545ce8bfe2024bebfa,2019-01,North Wales Police,North Wales Police,-4.193520,53.224533,On or near Pen-Y-Berth,W01000015,Isle of Anglesey 008C,Criminal damage and arson,Investigation complete; no suspect identified,
95f9afa8dd9eadb492aa38c96cfdad4099ce5b12ae0bb79d030b8564e1636998,2019-01,North Wales Police,North Wales Police,-4.202862,53.221205,On or near Petrol Station,W01000015,Isle of Anglesey 008C,Other theft,Unable to prosecute suspect,
4b04ff3cf4eb7641da722c82438520b41b2dfcd48571833b68b1f2293cbfd852,2019-01,North Wales Police,North Wales Police,-4.189940,53.220733,On or near Holyhead Road,W01000015,Isle of Anglesey 008C,Other theft,Investigation complete; no suspect identified,
f31544e35ec8c1e389be2a89defe563c620f7341545a05f81c88e0d5b2f4b8e6,2019-01,North Wales Police,North Wales Police,-4.196044,53.221753,On or near Parc Twr,W01000015,Isle of Anglesey 008C,Violence and sexual offences,Under investigation,
,2019-01,North Wales Police,North Wales Police,-4.165816,53.227135,On or near Lon Pen Nebo,W01000042,Isle of Anglesey 008D,Anti-social behaviour,,
,2019-01,North Wales Police,North Wales Police,-4.167790,53.229436,On or near Tyddyn Mostyn,W01000042,Isle of Anglesey 008D,Anti-social behaviour,,
,2019-01,North Wales Police,North Wales Police,-4.167790,53.229436,On or near Tyddyn Mostyn,W01000042,Isle of Anglesey 008D,Anti-social behaviour,,
,2019-01,North Wales Police,North Wales Police,-4.167790,53.229436,On or near Tyddyn Mostyn,W01000042,Isle of Anglesey 008D,Anti-social behaviour,,
30db2a8d6508ac5e9a72a19a60a3019a2b4a65a101b36fd8f9a95644e3274312,2019-01,North Wales Police,North Wales Police,-4.167790,53.229436,On or near Tyddyn Mostyn,W01000042,Isle of Anglesey 008D,Criminal damage and arson,Unable to prosecute suspect,
5168f74f6f6b35daefcc183dc655ad1057d76361b0dd9886fa33942d5ba9343f,2019-01,North Wales Police,North Wales Police,-4.167790,53.229436,On or near Tyddyn Mostyn,W01000042,Isle of Anglesey 008D,Criminal damage and arson,Investigation complete; no suspect identified,
d6c2cb898260bb630c11309e42935cf234c3ecdaa46028202509aadeda0c2781,2019-01,North Wales Police,North Wales Police,-4.167138,53.229880,On or near Garth Mostyn,W01000042,Isle of Anglesey 008D,Drugs,Under investigation,
fb0a7eaf216fea29fa39bc76fefb1be0d205f3b23855abb94ee94587633a8243,2019-01,North Wales Police,North Wales Police,-4.175332,53.229829,On or near Lon Ganol,W01000042,Isle of Anglesey 008D,Other theft,Unable to prosecute suspect,
761e925550d63b215e7d335b69b241411eefcf9048b161c6f2cd9271746e8679,2019-01,North Wales Police,North Wales Police,-4.173815,53.228886,On or near Pentraeth Road,W01000042,Isle of Anglesey 008D,Public order,Offender given community sentence,
50b5bcf09297a8f0242d16d53de2d1ae2f454f4f8523f0bdb4bbe40df6cecf7f,2019-01,North Wales Police,North Wales Police,-4.167790,53.229436,On or near Tyddyn Mostyn,W01000042,Isle of Anglesey 008D,Violence and sexual offences,Under investigation,
319f1eaa5e2257c2c6e9645e7a038a871c5156f5b589d71026fac9af0e672455,2019-01,North Wales Police,North Wales Police,-4.167138,53.229880,On or near Garth Mostyn,W01000042,Isle of Anglesey 008D,Violence and sexual offences,Under investigation,
47aa995b76c22999162592c33a16abfed2c95844e5773d139fe13a0c9af7b71f,2019-01,North Wales Police,North Wales Police,-4.167414,53.231772,On or near Gilfach Goch,W01000042,Isle of Anglesey 008D,Violence and sexual offences,Under investigation,
121baefa43c277da39e06e0f5f4a46c4fbfed05f44a27f3c45162e81e889c856,2019-01,North Wales Police,North Wales Police,-4.170815,53.230586,On or near Cae Gweithdy,W01000042,Isle of Anglesey 008D,Violence and sexual offences,Further investigation is not in the public interest,
3ec6414028f293c7e2a4ea8ebd27e8dcc65fd472bc5763c5017db9520be4b4f0,2019-01,North Wales Police,North Wales Police,-4.167138,53.229880,On or near Garth Mostyn,W01000042,Isle of Anglesey 008D,Violence and sexual offences,Unable to prosecute suspect,
b5ac2bf3ec83b3eccc95af82a6e70419bd39a495e1bf7a2d2f3fd3687ca84ef6,2019-01,North Wales Police,North Wales Police,-4.170815,53.230586,On or near Cae Gweithdy,W01000042,Isle of Anglesey 008D,Violence and sexual offences,Further investigation is not in the public interest,
923c61f91b9247d344e771a4eb17c10ba0582d44fa98f29218406e4c227a8116,2019-01,North Wales Police,North Wales Police,-4.170815,53.230586,On or near Cae Gweithdy,W01000042,Isle of Anglesey 008D,Violence and sexual offences,Under investigation,
31b4cce4e23e5afbb36bdcce35b47d3074db4bbc4606b868bc6f49f1e1110b62,2019-01,North Wales Police,North Wales Police,-4.163805,53.228556,On or near Mount Street,W01000042,Isle of Anglesey 008D,Violence and sexual offences,Action to be taken by another organisation,
ed54827ca7c0da1bd517a09e9429afc23f53b4158b48723070168cdc39387a47,2019-01,North Wales Police,North Wales Police,-4.175332,53.229829,On or near Lon Ganol,W01000042,Isle of Anglesey 008D,Violence and sexual offences,Investigation complete; no suspect identified,
743fe8bafaeb2dc55c78237b6da6802e1df1c76345697105140d476efadb3e05,2019-01,North Wales Police,North Wales Police,-4.163805,53.228556,On or near Mount Street,W01000042,Isle of Anglesey 008D,Violence and sexual offences,Unable to prosecute suspect,
,2019-01,North Wales Police,North Wales Police,-4.341794,53.244601,On or near Llys Y Rhos,W01000007,Isle of Anglesey 009A,Anti-social behaviour,,
a98b6a161bcc39e0240694bf4768ff4f83277c4781134369c1d154fb63df7f6b,2019-01,North Wales Police,North Wales Police,-4.340656,53.245163,On or near Gorwel Deg,W01000007,Isle of Anglesey 009A,Public order,Unable to prosecute suspect,
316e183733ecb3876616c8333fe575545da299cd14ff47532dea38cf3431e92d,2019-01,North Wales Police,North Wales Police,-4.385574,53.193644,On or near David Street,W01000007,Isle of Anglesey 009A,Violence and sexual offences,Unable to prosecute suspect,
ebce2b24c8ce60a2081b9219ffe3d383033eff8e9f720a7e4bad11284e2ea3f7,2019-01,North Wales Police,North Wales Police,-4.402288,53.206066,On or near Cefn Derwen,W01000007,Isle of Anglesey 009A,Violence and sexual offences,Formal action is not in the public interest,
928adb5787f92755b5e2336e40fde056dec1a924b68f41ee84383faa505adef4,2019-01,North Wales Police,North Wales Police,-4.385574,53.193644,On or near David Street,W01000007,Isle of Anglesey 009A,Violence and sexual offences,Unable to prosecute suspect,
72f40fded76405e60b481561349dfcee93677745c08fd05c5a49dfb885865a08,2019-01,North Wales Police,North Wales Police,-4.403558,53.205204,On or near Bryn Gwna,W01000007,Isle of Anglesey 009A,Violence and sexual offences,Unable to prosecute suspect,
bcdade71668f48504414d5b333622ae5c17f619519bfee9fbb13f563976b8919,2019-01,North Wales Police,North Wales Police,-4.341794,53.244601,On or near Llys Y Rhos,W01000007,Isle of Anglesey 009A,Violence and sexual offences,Under investigation,
,2019-01,North Wales Police,North Wales Police,-4.275613,53.220476,On or near Rhodfa'R Garth,W01000025,Isle of Anglesey 009B,Anti-social behaviour,,
,2019-01,North Wales Police,North Wales Police,-4.267085,53.222661,On or near Petrol Station,W01000025,Isle of Anglesey 009B,Anti-social behaviour,,
,2019-01,North Wales Police,North Wales Police,-4.293368,53.228398,On or near Capelul0,W01000025,Isle of Anglesey 009B,Anti-social behaviour,,
42ad4af68c4d4b40f8c6da4e7e41e804c6d8836bc2fec0b10477e1e912008717,2019-01,North Wales Police,North Wales Police,-4.261012,53.224548,On or near A5152,W01000025,Isle of Anglesey 009B,Burglary,Under investigation,
7d3457172fff68d0aaeea373cc06caeee9097d0426e1f6c02466a3252e1e9179,2019-01,North Wales Police,North Wales Police,-4.276643,53.220986,On or near Maes Merddyn,W01000025,Isle of Anglesey 009B,Criminal damage and arson,Investigation complete; no suspect identified,
af0427be6e7e78aa0d689fe7915f340f9328ce343b5e3163f48360bfe48eb097,2019-01,North Wales Police,North Wales Police,-4.267085,53.222661,On or near Petrol Station,W01000025,Isle of Anglesey 009B,Drugs,Offender given a caution,
e2f7588a2485718c803fbcc3efec060530a1663e0cf4f6902fb7ec57c37fdfb8,2019-01,North Wales Police,North Wales Police,-4.261012,53.224548,On or near A5152,W01000025,Isle of Anglesey 009B,Other theft,Investigation complete; no suspect identified,
28521d564df9e3e1b31870b53c95f2ea700a34e72a1460007dc1c1a267ae48cd,2019-01,North Wales Police,North Wales Police,-4.295058,53.227502,On or near Nant-Y-Gors,W01000025,Isle of Anglesey 009B,Other theft,Investigation complete; no suspect identified,
2245fd24ebc6ffa4971e4e419ddb3fab8bb871b87614f969d763931e8266dedf,2019-01,North Wales Police,North Wales Police,-4.276991,53.220198,On or near Lon Groes,W01000025,Isle of Anglesey 009B,Other theft,Local resolution,
41b7fda5a9a165f171e4507510bcc54275488cd98ffd23bee0c3209bcbe9460a,2019-01,North Wales Police,North Wales Police,-4.293368,53.228398,On or near Capelul0,W01000025,Isle of Anglesey 009B,Public order,Unable to prosecute suspect,
e330e2ea66e827103af83a2d518133aee495f8c780e8c7cd84b7a53726d2d637,2019-01,North Wales Police,North Wales Police,-4.275026,53.219579,On or near Rhosgoch,W01000025,Isle of Anglesey 009B,Public order,Under investigation,
a0c86c99def2fd16ab7d68c2e73ddf5cbfcbbc60d2e89b8ca6190e70909f5439,2019-01,North Wales Police,North Wales Police,-4.270777,53.221953,On or near Bronllys,W01000025,Isle of Anglesey 009B,Public order,Unable to prosecute suspect,
bc805efd50119f8ea8c8e1507a69f62779e441ba1c75a3c94730985382d8d57e,2019-01,North Wales Police,North Wales Police,-4.293368,53.228398,On or near Capelul0,W01000025,Isle of Anglesey 009B,Shoplifting,Unable to prosecute suspect,
494ea2be73c327336dd6ebfdc43122aa586f1749384d03e6a0d7ec863856cfc5,2019-01,North Wales Police,North Wales Police,-4.277213,53.227206,On or near A55,W01000025,Isle of Anglesey 009B,Vehicle crime,Unable to prosecute suspect,
34bbf8c27d75a3495c50b0d9357e3a3752bf284a101ab9589e744b1404be246c,2019-01,North Wales Police,North Wales Police,-4.236563,53.223993,On or near Parking Area,W01000025,Isle of Anglesey 009B,Vehicle crime,Under investigation,
1001ff81f00220da568f8d7d5ee70f203763ef5d8f4ccfc2bea37fd42cc38b9d,2019-01,North Wales Police,North Wales Police,-4.275960,53.221944,On or near Rhos Ellen,W01000025,Isle of Anglesey 009B,Violence and sexual offences,Unable to prosecute suspect,
2fdbc11e1ee1fb88d2bc427a80b48d297d8a515854edbacce92158ca4de7c310,2019-01,North Wales Police,North Wales Police,-4.296728,53.227623,On or near Stryd Y Caerau,W01000025,Isle of Anglesey 009B,Violence and sexual offences,Under investigation,
c289c484915a02e39121a0ccfd3ec6e2d483fd0c343951744902686939f047e7,2019-01,North Wales Police,North Wales Police,-4.293368,53.228398,On or near Capelul0,W01000025,Isle of Anglesey 009B,Violence and sexual offences,Unable to prosecute suspect,
bfb690fb3e8066c9de632699462f54b40b6e61de7570027b6f63412eed07410e,2019-01,North Wales Police,North Wales Police,-4.229687,53.226019,On or near Bryn Fynnon,W01000025,Isle of Anglesey 009B,Violence and sexual offences,Unable to prosecute suspect,
d41dc351d6bb0a8ea46959ce52fdfffb6a68ad84a657da30d88e75bde1b32735,2019-01,North Wales Police,North Wales Police,-4.293368,53.228398,On or near Capelul0,W01000025,Isle of Anglesey 009B,Violence and sexual offences,Unable to prosecute suspect,
d7579914d3a26a3872b6b76848a9422a11eb21c4894c7a136ee1c4c6403ceffb,2019-01,North Wales Police,North Wales Police,-4.229687,53.226019,On or near Bryn Fynnon,W01000025,Isle of Anglesey 009B,Violence and sexual offences,Unable to prosecute suspect,
6ae15882c101427d40b2a873edf3c0346f5768a251be5538784cd449aef6bddc,2019-01,North Wales Police,North Wales Police,-4.276643,53.220986,On or near Maes Merddyn,W01000025,Isle of Anglesey 009B,Violence and sexual offences,Unable to prosecute suspect,
,2019-01,North Wales Police,North Wales Police,-4.252421,53.209867,On or near Stad Plas Hen,W01000027,Isle of Anglesey 009C,Anti-social behaviour,,
,2019-01,North Wales Police,North Wales Police,-4.256216,53.210550,On or near Caeficerdy,W01000027,Isle of Anglesey 009C,Anti-social behaviour,,
,2019-01,North Wales Police,North Wales Police,-4.256216,53.210550,On or near Caeficerdy,W01000027,Isle of Anglesey 009C,Anti-social behaviour,,
,2019-01,North Wales Police,North Wales Police,-4.274324,53.180041,On or near Chapel Street,W01000027,Isle of Anglesey 009C,Anti-social behaviour,,
6c6ae8531ec97c3b01db23bf0c5b6c555c1a01497a5ae1f5abcbac1e84939f80,2019-01,North Wales Police,North Wales Police,-4.249612,53.184853,On or near Park/Open Space,W01000027,Isle of Anglesey 009C,Burglary,Investigation complete; no suspect identified,
45ab860177ea278896404bde3cf3d18b921c47468a7095dd314b6cd1e602585e,2019-01,North Wales Police,North Wales Police,-4.274324,53.180041,On or near Chapel Street,W01000027,Isle of Anglesey 009C,Criminal damage and arson,Investigation complete; no suspect identified,
116dabb7c6e5dd820b1abb7655e5c0eb860cfb508586fb665b22046e75dcf550,2019-01,North Wales Police,North Wales Police,-4.277431,53.180782,On or near A4080,W01000027,Isle of Anglesey 009C,Criminal damage and arson,Under investigation,
3db1efa9d354f4c14a5037996c6c150bb276cadcb72a648be2d470df198d9953,2019-01,North Wales Police,North Wales Police,-4.268604,53.179422,On or near Parking Area,W01000027,Isle of Anglesey 009C,Public order,Unable to prosecute suspect,
9442a769cc478330ed3fcc184e72978ae4d6965bdb6de82077423c83ebe06a29,2019-01,North Wales Police,North Wales Police,-4.277431,53.180782,On or near A4080,W01000027,Isle of Anglesey 009C,Vehicle crime,Investigation complete; no suspect identified,
9ad1bbc78eed57deca626bec4b5917921d8f6fc650fcc3f0955a3f5c5bf286fd,2019-01,North Wales Police,North Wales Police,-4.277431,53.180782,On or near A4080,W01000027,Isle of Anglesey 009C,Violence and sexual offences,Unable to prosecute suspect,
58f31e11066f16b4bf0b891796a113c044d5186010ddee586633439d5b176f24,2019-01,North Wales Police,North Wales Police,-4.274324,53.180041,On or near Chapel Street,W01000027,Isle of Anglesey 009C,Violence and sexual offences,Unable to prosecute suspect,
68b71eca77322c8f412e51e5f1481c48087081501fdc1521d73fcbec19123af4,2019-01,North Wales Police,North Wales Police,-4.274324,53.180041,On or near Chapel Street,W01000027,Isle of Anglesey 009C,Violence and sexual offences,Under investigation,
63aa26d2bcafd6220819bd4b484ed161da90674f0f2c01480b3028bb7c16d34e,2019-01,North Wales Police,North Wales Police,-4.218236,53.203612,On or near Sports/Recreation Area,W01000027,Isle of Anglesey 009C,Violence and sexual offences,Under investigation,
3e7ef7f93179e3ab461cdde0f2e2430823e4700b721e4ab8f165d26498fb4178,2019-01,North Wales Police,North Wales Police,-4.256216,53.210550,On or near Caeficerdy,W01000027,Isle of Anglesey 009C,Violence and sexual offences,Investigation complete; no suspect identified,
,2019-01,North Wales Police,North Wales Police,-4.333539,53.190683,On or near Stad Berllan,W01000038,Isle of Anglesey 009D,Anti-social behaviour,,
,2019-01,North Wales Police,North Wales Police,-4.363418,53.167256,On or near Rhoddfa Meyrick,W01000038,Isle of Anglesey 009D,Anti-social behaviour,,
,2019-01,North Wales Police,North Wales Police,-4.357942,53.166726,On or near Lon Twnti,W01000038,Isle of Anglesey 009D,Anti-social behaviour,,
,2019-01,North Wales Police,North Wales Police,-4.354310,53.162420,On or near Chapel Street,W01000038,Isle of Anglesey 009D,Anti-social behaviour,,
35e8d21cd6d11d151cd3282f31f15f970001b9f2462f0f449b84675ae069ae16,2019-01,North Wales Police,North Wales Police,-4.320812,53.166800,On or near Lon Faen,W01000038,Isle of Anglesey 009D,Burglary,Investigation complete; no suspect identified,
939e7646de36835b44c1282aba4b6c82dbbeb2e93c87a9303c4f1264b2fc9b08,2019-01,North Wales Police,North Wales Police,-4.363418,53.167256,On or near Rhoddfa Meyrick,W01000038,Isle of Anglesey 009D,Public order,Under investigation,
5fa5ce36e51ba368897d9282e58e6bb40916b409342d268ea14db75326728248,2019-01,North Wales Police,North Wales Police,-4.357942,53.166726,On or near Lon Twnti,W01000038,Isle of Anglesey 009D,Public order,Under investigation,
e4721ccfb7d9dade3fd66da33c78eb35b5fcdf942ea9ad118f522469cce1b731,2019-01,North Wales Police,North Wales Police,-4.358418,53.165305,On or near Parking Area,W01000038,Isle of Anglesey 009D,Public order,Investigation complete; no suspect identified,
b1913ea73e29b2814f97ba67acab780fd34c2436c9b2116ff2562795eeef84e5,2019-01,North Wales Police,North Wales Police,-4.332273,53.190249,On or near Stad Cae'R Berllan,W01000038,Isle of Anglesey 009D,Public order,Offender given a caution,
4b779d01f7e3ed09ac4725360c261198b0c6430c10988413e2233f41b8461789,2019-01,North Wales Police,North Wales Police,-4.357942,53.166726,On or near Lon Twnti,W01000038,Isle of Anglesey 009D,Public order,Awaiting court outcome,
6dd8bbf3697f112bdd6ff6ea0d3370e424101df1d63b3094afe849e7bd9793c0,2019-01,North Wales Police,North Wales Police,-4.320812,53.166800,On or near Lon Faen,W01000038,Isle of Anglesey 009D,Violence and sexual offences,Unable to prosecute suspect,
cabebe4ef57028b3df29e4854e2f40811c59f587e1e617de81d157201743b0c6,2019-01,North Wales Police,North Wales Police,-4.363418,53.167256,On or near Rhoddfa Meyrick,W01000038,Isle of Anglesey 009D,Violence and sexual offences,Under investigation,
2c4791ba09647a27bebcf35090920bf5afe6327111953fab9b9684af97966db0,2019-01,North Wales Police,North Wales Police,-4.322738,53.166726,On or near Cil Y Graig,W01000038,Isle of Anglesey 009D,Violence and sexual offences,Awaiting court outcome,
ee57c581ded0dccebb52e6f470c7efa1562ba5e41f15bd3fdbde35e9d0093332,2019-01,North Wales Police,North Wales Police,-4.359607,53.163250,On or near Crud-Yr-Awel,W01000038,Isle of Anglesey 009D,Violence and sexual offences,Unable to prosecute suspect,
b2677cb5ccd614d796d833bff3ec919cead69febeb9f1f690098b7edd30887b0,2019-01,North Wales Police,North Wales Police,-4.358418,53.165305,On or near Parking Area,W01000038,Isle of Anglesey 009D,Violence and sexual offences,Unable to prosecute suspect,
261c5e715a968722f2675a03380948a45846342bd6ee049b2f2a32fe6976bc8d,2019-01,North Wales Police,North Wales Police,-4.333539,53.190683,On or near Stad Berllan,W01000038,Isle of Anglesey 009D,Violence and sexual offences,Investigation complete; no suspect identified,
96a51792bcde3d150bd4d867c3f0d93441c65867d7439e94206332d92aaceaa5,2019-01,North Wales Police,North Wales Police,-4.354310,53.162420,On or near Chapel Street,W01000038,Isle of Anglesey 009D,Violence and sexual offences,Under investigation,
15410c2913a6280132a3dc6c65a3cb81c3dc391707dce2506c90f9ed5f5826ac,2019-01,North Wales Police,North Wales Police,-4.320812,53.166800,On or near Lon Faen,W01000038,Isle of Anglesey 009D,Violence and sexual offences,Unable to prosecute suspect,
a99da1608a78a6e730eee25c7d52842e6a27993480cf4f90cbbe70e41352af00,2019-01,North Wales Police,North Wales Police,-4.357942,53.166726,On or near Lon Twnti,W01000038,Isle of Anglesey 009D,Violence and sexual offences,Unable to prosecute suspect,
,2019-01,North Wales Police,North Wales Police,-3.017602,53.072449,On or near Hope Street,W01000374,Wrexham 003A,Anti-social behaviour,,
,2019-01,North Wales Police,North Wales Police,-3.017602,53.072449,On or near Hope Street,W01000374,Wrexham 003A,Anti-social behaviour,,
47f7865de4c865e6de85157eadfa3060374eab10e0d99fbf59ef115b52fbb351,2019-01,North Wales Police,North Wales Police,-3.011474,53.075279,On or near Thirlmere Court,W01000374,Wrexham 003A,Burglary,Investigation complete; no suspect identified,
432982cb680ba1a0f1fb0ebc85f291cd3bb5b4212e6753b35f5ad150a271efea,2019-01,North Wales Police,North Wales Police,-3.011474,53.075279,On or near Thirlmere Court,W01000374,Wrexham 003A,Burglary,Investigation complete; no suspect identified,
b789edcd015def8ef728a0c306afaaa26e9860954f98b55ca483f4559b0f5400,2019-01,North Wales Police,North Wales Police,-3.017325,53.073396,On or near Station Court,W01000374,Wrexham 003A,Criminal damage and arson,Court case unable to proceed,
37dcc09fdd2b7cca6c8a0231aba04d4f7b650c06172f3309f1cc4b06d59bcb17,2019-01,North Wales Police,North Wales Police,-3.012743,53.072140,On or near Pen-Y-Llyn,W01000374,Wrexham 003A,Violence and sexual offences,Awaiting court outcome,
3f486bba634c6be99104f0c09bfd5b0f84da219755e8d9f81911ca4d6c1dd571,2019-01,North Wales Police,North Wales Police,-3.012743,53.072140,On or near Pen-Y-Llyn,W01000374,Wrexham 003A,Violence and sexual offences,Awaiting court outcome,
ecb1def78735c2c73ee5cde0a46feeefb88ce6a8e17095d8c558907ebc5c25f0,2019-01,North Wales Police,North Wales Police,-3.017325,53.073396,On or near Station Court,W01000374,Wrexham 003A,Violence and sexual offences,Unable to prosecute suspect,
8c0f3bd5a42e7a3b6901602f5f62a0b87aad70389b2b1994787d9617b29e6611,2019-01,North Wales Police,North Wales Police,-3.017602,53.072449,On or near Hope Street,W01000374,Wrexham 003A,Violence and sexual offences,Unable to prosecute suspect,
,2019-01,North Wales Police,North Wales Police,-3.001778,53.067235,On or near Main Road,W01000375,Wrexham 003B,Anti-social behaviour,,
aee910aea1835a6bd6c91acdc8c73c0e79c80a6bee919e8008f9c6155fc58ad0,2019-01,North Wales Police,North Wales Police,-3.013659,53.071728,On or near Dodd'S Lane,W01000375,Wrexham 003B,Criminal damage and arson,Investigation complete; no suspect identified,
61fc5b868def0a01ccd12cc54538eeafb1c32f64b0a75f6d88cfb7567c6f03e6,2019-01,North Wales Police,North Wales Police,-3.015319,53.071849,On or near Parking Area,W01000375,Wrexham 003B,Other theft,Investigation complete; no suspect identified,
205adc397cec74160030a1dd6f30c82a9d47f7b9a961abeb27d4528bb9241915,2019-01,North Wales Police,North Wales Police,-3.001778,53.067235,On or near Main Road,W01000375,Wrexham 003B,Vehicle crime,Further investigation is not in the public interest,
73b75dec3ae8ccdd9fa179fde48d30c00bdb6fdaed203326abaabcfada9929f4,2019-01,North Wales Police,North Wales Police,-3.001778,53.067235,On or near Main Road,W01000375,Wrexham 003B,Vehicle crime,Offender sent to prison,
42047fe9b66c545cc355c87d6254e83880e83c9ea620c3033360a62d81b46f61,2019-01,North Wales Police,North Wales Police,-3.006537,53.069073,On or near Maes Hyfryd,W01000375,Wrexham 003B,Violence and sexual offences,Under investigation,
d75c7eefa11e8f2dbc8f511c571d813bbe8092311b95dd3e904e2695b115a6b5,2019-01,North Wales Police,North Wales Police,-3.013650,53.066892,On or near St Giles Park,W01000375,Wrexham 003B,Violence and sexual offences,Under investigation,
254a44f79a6ef1374f75114b7c3ae997809e088acab2889d93ab292258d42aa7,2019-01,North Wales Police,North Wales Police,-3.015319,53.071849,On or near Parking Area,W01000375,Wrexham 003B,Violence and sexual offences,Investigation complete; no suspect identified,
4ba2c2f13cd6f4fee1ace7f497b0d68c3750a8e9f32acbe3cf97084091ed7440,2019-01,North Wales Police,North Wales Police,-2.993530,53.071970,On or near Blue Bell Lane,W01000375,Wrexham 003B,Violence and sexual offences,Under investigation,
f0a5f41d7730d35a8cdfd60ed19ae00df8a50a382029dcfb2c5c41cf6b58d688,2019-01,North Wales Police,North Wales Police,-3.013650,53.066892,On or near St Giles Park,W01000375,Wrexham 003B,Violence and sexual offences,Formal action is not in the public interest,
707e5d4c7958cbf267ce77102ec8281b92a642a1ac9c756f235a5744fb379989,2019-01,North Wales Police,North Wales Police,-3.006537,53.069073,On or near Maes Hyfryd,W01000375,Wrexham 003B,Violence and sexual offences,Under investigation,
3a8cb7c8e6867a89800d723298c65a94abb1d3b15803555e40a078d9f3784f7f,2019-01,North Wales Police,North Wales Police,-3.006537,53.069073,On or near Maes Hyfryd,W01000375,Wrexham 003B,Violence and sexual offences,Unable to prosecute suspect,
59e99ad5616a0c0b7eb07573e7678904b0ab2f1ccbc6611c88598c8fc5e7085d,2019-01,North Wales Police,North Wales Police,-3.018645,53.071757,On or near Pedestrian Subway,W01000375,Wrexham 003B,Violence and sexual offences,Unable to prosecute suspect,
90e93a8c0d29d800154d73a6ac8db8eefc50c0256df69bea8feaee88ae87ad88,2019-01,North Wales Police,North Wales Police,-3.006537,53.069073,On or near Maes Hyfryd,W01000375,Wrexham 003B,Other crime,Under investigation,
fe48c5bb849007821991d18cfe35b03eed13bf50cfc1a8dedce685cc2295605b,2019-01,North Wales Police,North Wales Police,-3.006991,53.078931,On or near Alder Close,W01000376,Wrexham 003C,Violence and sexual offences,Unable to prosecute suspect,
d87adea3fcf25b2578bd814e612a4f88dce0a24b4a682ff5cf45493d3bd593e1,2019-01,North Wales Police,North Wales Police,-3.006991,53.078931,On or near Alder Close,W01000376,Wrexham 003C,Violence and sexual offences,Unable to prosecute suspect,
,2019-01,North Wales Police,North Wales Police,-3.003311,53.095907,On or near Sports/Recreation Area,W01000391,Wrexham 003D,Anti-social behaviour,,
90a6c572a2a04bed95222085495e85e961f3ffa7d13ee48db297c986e6b1ed03,2019-01,North Wales Police,North Wales Police,-3.001450,53.091689,On or near Penderyn Way,W01000391,Wrexham 003D,Drugs,Offender given a drugs possession warning,
2d568f2e536a2030c8598639f76c81050521b422a705986bd3af4616371aa534,2019-01,North Wales Police,North Wales Police,-3.003234,53.091979,On or near Watts Dyke,W01000391,Wrexham 003D,Violence and sexual offences,Action to be taken by another organisation,
f8d25331378e41a5adde6f76325fe94634d400a5cfa3f6a54eca486e5069ae9a,2019-01,North Wales Police,North Wales Police,-3.003234,53.091979,On or near Watts Dyke,W01000391,Wrexham 003D,Violence and sexual offences,Action to be taken by another organisation,
66bc1b1a9b9097e7cf658cbf4a7b77cb3b04073d35668b0c0c69158a434e371f,2019-01,North Wales Police,North Wales Police,-3.001450,53.091689,On or near Penderyn Way,W01000391,Wrexham 003D,Violence and sexual offences,Under investigation,
,2019-01,North Wales Police,North Wales Police,-2.995483,53.093231,On or near Ninth Avenue,W01000392,Wrexham 003E,Anti-social behaviour,,
,2019-01,North Wales Police,North Wales Police,-2.992988,53.093180,On or near Laburnum Court,W01000392,Wrexham 003E,Anti-social behaviour,,
,2019-01,North Wales Police,North Wales Police,-2.996174,53.094700,On or near Seventh Avenue,W01000392,Wrexham 003E,Anti-social behaviour,,
,2019-01,North Wales Police,North Wales Police,-2.990986,53.091174,On or near Dingle Place,W01000392,Wrexham 003E,Anti-social behaviour,,
,2019-01,North Wales Police,North Wales Police,-2.990986,53.091174,On or near Dingle Place,W01000392,Wrexham 003E,Anti-social behaviour,,
,2019-01,North Wales Police,North Wales Police,-2.990155,53.092062,On or near Bryn Place,W01000392,Wrexham 003E,Anti-social behaviour,,
,2019-01,North Wales Police,North Wales Police,-2.990155,53.092062,On or near Bryn Place,W01000392,Wrexham 003E,Anti-social behaviour,,
ba2d7d9443e944de6650c690713460bce2172503659d65d29fc3e24842d24056,2019-01,North Wales Police,North Wales Police,-2.990986,53.091174,On or near Dingle Place,W01000392,Wrexham 003E,Bicycle theft,Investigation complete; no suspect identified,
8c3ade93344cfc3b5c2f3e94f2d4a42ea5e555ebea29268d318e5ea84d808142,2019-01,North Wales Police,North Wales Police,-2.990986,53.091174,On or near Dingle Place,W01000392,Wrexham 003E,Burglary,Investigation complete; no suspect identified,
48df9918156f0937a52496f01c2f7866175455288c6fcf958d13f0c8c827f4d5,2019-01,North Wales Police,North Wales Police,-2.991998,53.090384,On or near Stryd Y Cyngor,W01000392,Wrexham 003E,Burglary,Investigation complete; no suspect identified,
636ca13cc768d37456a36c8ac8c7eb3e4d730b30a8e3bfa4ddedfd187918ee6c,2019-01,North Wales Police,North Wales Police,-2.996174,53.094700,On or near Seventh Avenue,W01000392,Wrexham 003E,Criminal damage and arson,Investigation complete; no suspect identified,
d8d0e383442a74fe01ae9b43edd15c020a10ea76cb081081992bbf6c6d8c7869,2019-01,North Wales Police,North Wales Police,-2.995490,53.094166,On or near Eighth Avenue,W01000392,Wrexham 003E,Other theft,Unable to prosecute suspect,
6084211b22cb2da6c25c8f23d670a079964352ec3482799ee95bdf9c90db6a71,2019-01,North Wales Police,North Wales Police,-2.995490,53.094166,On or near Eighth Avenue,W01000392,Wrexham 003E,Other theft,Under investigation,
eed4a1eb0f9addbe857878a775f67dbeb092f0fc1739d8c05e97de0052d723ad,2019-01,North Wales Police,North Wales Police,-2.995490,53.094166,On or near Eighth Avenue,W01000392,Wrexham 003E,Other theft,Under investigation,
12d17bbaeef9baafde66b7fe5115cb5063b0d32ec0e20c94169dc0366e7e2f31,2019-01,North Wales Police,North Wales Police,-2.990155,53.092062,On or near Bryn Place,W01000392,Wrexham 003E,Public order,Under investigation,
1d19a645ad89258fb52d8b62c8ffaab54834d84e86a0f96f032bd5f4ec674c1e,2019-01,North Wales Police,North Wales Police,-2.990155,53.092062,On or near Bryn Place,W01000392,Wrexham 003E,Public order,Under investigation,
4bb36819e1990386c676c161a1bf61e00ff62181b6f7f56770ab4fe799cfd4d8,2019-01,North Wales Police,North Wales Police,-2.996174,53.094700,On or near Seventh Avenue,W01000392,Wrexham 003E,Shoplifting,Local resolution,
097d563cc5c6fd35a3de9c21ec1e327edf369954aa31dbc3c8e3375ac6ae99c4,2019-01,North Wales Police,North Wales Police,-2.996174,53.094700,On or near Seventh Avenue,W01000392,Wrexham 003E,Shoplifting,Under investigation,
b5e7f6e2cba9ae712a1c69cfad427f7b0227d9074c5423831b0f88f5f46db0fc,2019-01,North Wales Police,North Wales Police,-2.999641,53.094167,On or near Rhodfa'R Dderwen,W01000392,Wrexham 003E,Violence and sexual offences,Under investigation,
db3840a9a78d2bc6ef599818d686c704b40016e5008ebca6c60d4c8a6fdb462c,2019-01,North Wales Police,North Wales Police,-2.995483,53.093231,On or near Ninth Avenue,W01000392,Wrexham 003E,Violence and sexual offences,Under investigation,
24e65296c26bb9f677cb2189e20764549cf717dff40499696ed001667161b652,2019-01,North Wales Police,North Wales Police,-2.995382,53.092090,On or near Mayfield Court,W01000392,Wrexham 003E,Violence and sexual offences,Action to be taken by another organisation,
859ee9a1c294763ff857bbd1d30b787bb5a1f407cd91cf6faa26fb3d3e185ee0,2019-01,North Wales Police,North Wales Police,-2.999641,53.094167,On or near Rhodfa'R Dderwen,W01000392,Wrexham 003E,Violence and sexual offences,Unable to prosecute suspect,
a7cac6da0e770ddbc586f3036902a07d30b6066bffb0d315103f8bb714bc8a7b,2019-01,North Wales Police,North Wales Police,-2.994538,53.092385,On or near Beech Tree Avenue,W01000392,Wrexham 003E,Violence and sexual offences,Under investigation,
4697bdf7233bcbf04df029cb09c749b87cd3b88b790d2b7a6d35b70e727f5eaf,2019-01,North Wales Police,North Wales Police,-2.990155,53.092062,On or near Bryn Place,W01000392,Wrexham 003E,Violence and sexual offences,Unable to prosecute suspect,
bb3721cbd91dd3426fa78c17452b4f0f23121e26e1a559c2124d0a15df3eddea,2019-01,North Wales Police,North Wales Police,-2.998403,53.093584,On or near Sixth Avenue,W01000392,Wrexham 003E,Violence and sexual offences,Further investigation is not in the public interest,
0944ed80f4b6bb225238593dd0d35bfbcd31fca0befe527b13ee04a9ee789d04,2019-01,North Wales Police,North Wales Police,-2.994538,53.092385,On or near Beech Tree Avenue,W01000392,Wrexham 003E,Violence and sexual offences,Formal action is not in the public interest,
52d2a5f2d491bbeafac19ed8ddef2d12b7cc47e457a2dae1f1fbddcf191c1f55,2019-01,North Wales Police,North Wales Police,-2.999106,53.094918,On or near Second Avenue,W01000392,Wrexham 003E,Violence and sexual offences,Unable to prosecute suspect,
67ff784d95b17f2451adec035c81e4afb379bf7f0b5ea6adbb4c82e0165ddeee,2019-01,North Wales Police,North Wales Police,-2.999641,53.094167,On or near Rhodfa'R Dderwen,W01000392,Wrexham 003E,Violence and sexual offences,Further investigation is not in the public interest,
0fb2d0c7d7fd2475f27015fced6bb5086e8a081518b715070aac8bc610802eec,2019-01,North Wales Police,North Wales Police,-2.995490,53.094166,On or near Eighth Avenue,W01000392,Wrexham 003E,Violence and sexual offences,Under investigation,
950b41c2f7170ff44b03648ea9d73b6fd135a836c2b830bdd3d66ba183fc074a,2019-01,North Wales Police,North Wales Police,-3.028810,53.078043,On or near Beech Street,W01000377,Wrexham 004A,Burglary,Investigation complete; no suspect identified,
3d7fd2f11f23887624c4e9c6a773a6a93d5b170b93a48f4d6f3367ab3d4ea838,2019-01,North Wales Police,North Wales Police,-3.032199,53.078679,On or near Caer Haf,W01000377,Wrexham 004A,Criminal damage and arson,Investigation complete; no suspect identified,
1f68a2521f6ab56a324e1899064b3db94792a7fb64350e9accd500fabea297ae,2019-01,North Wales Police,North Wales Police,-3.032131,53.077097,On or near Top Road,W01000377,Wrexham 004A,Criminal damage and arson,Investigation complete; no suspect identified,
3ea582de18c84c5f4c8281394484e3fc37f44895dbd49eba7e9d7dc125be82eb,2019-01,North Wales Police,North Wales Police,-3.028332,53.079261,On or near Chestnut Avenue,W01000377,Wrexham 004A,Violence and sexual offences,Unable to prosecute suspect,
ffd10cb71f568a73086c8c0f0631a157335f89fcfd671a672534101cafde3c3b,2019-01,North Wales Police,North Wales Police,-3.029616,53.077407,On or near Bottom Road,W01000378,Wrexham 004B,Criminal damage and arson,Investigation complete; no suspect identified,
2e0a770eb0821126d05667b8f5ddabade6232ad6738aa75ffe5c39b365bf7f89,2019-01,North Wales Police,North Wales Police,-3.020213,53.072418,On or near Wheatsheaf Mews,W01000378,Wrexham 004B,Criminal damage and arson,Investigation complete; no suspect identified,
fdbd00c3758969ccf03f28e6a5bebd64da818a323bdf0109ca6409bcb57efd33,2019-01,North Wales Police,North Wales Police,-3.021987,53.079271,On or near Petrol Station,W01000378,Wrexham 004B,Other theft,Formal action is not in the public interest,
a8438a3c8543a0a5d6cd2001cdeb6dfbdbd3c2acae108380d7792d15db047e23,2019-01,North Wales Police,North Wales Police,-3.026562,53.076409,On or near Heol Cefn,W01000378,Wrexham 004B,Other theft,Investigation complete; no suspect identified,
6d9b259b2defe0ba54b4a580eca418a7a88ce605ea1b67d922fbb70e1264b08f,2019-01,North Wales Police,North Wales Police,-3.021987,53.079271,On or near Petrol Station,W01000378,Wrexham 004B,Public order,Formal action is not in the public interest,
98f3ed47b2920822648dde67ecc04fe14aa5bd4a8ad296f69e8889366e8b4dc3,2019-01,North Wales Police,North Wales Police,-3.021987,53.079271,On or near Petrol Station,W01000378,Wrexham 004B,Shoplifting,Investigation complete; no suspect identified,
2c37088cf0cde6430f374b01def9498c704db6db04f70cf057d16120bdf683ed,2019-01,North Wales Police,North Wales Police,-3.020213,53.072418,On or near Wheatsheaf Mews,W01000378,Wrexham 004B,Violence and sexual offences,Under investigation,
6b07b51f751060ae2c8e2b419deb98134eab0266e9091a469a446a6354369404,2019-01,North Wales Police,North Wales Police,-3.026214,53.073697,On or near First Avenue,W01000378,Wrexham 004B,Violence and sexual offences,Unable to prosecute suspect,
847149e87acc6a4197fcae0e4daba45440919486286e6fa34c8b37af05dc41e8,2019-01,North Wales Police,North Wales Police,-3.020213,53.072418,On or near Wheatsheaf Mews,W01000378,Wrexham 004B,Violence and sexual offences,Under investigation,
8f147238ea93573f4d83497b48c9c9ff330d43682ce9edd2cdafb97e52e08cf8,2019-01,North Wales Police,North Wales Police,-3.026562,53.076409,On or near Heol Cefn,W01000378,Wrexham 004B,Violence and sexual offences,Unable to prosecute suspect,
20e8fdc51cf40b1c2d47401ba089f8f1dd8b53013818bf2da6b37e7cd61b3508,2019-01,North Wales Police,North Wales Police,-3.026562,53.076409,On or near Heol Cefn,W01000378,Wrexham 004B,Violence and sexual offences,Unable to prosecute suspect,
b1cddb12f12b3e8c73eb7242e29f491635d1ea4fe14f326d13ea24dc1206c914,2019-01,North Wales Police,North Wales Police,-3.020078,53.073678,On or near Mold Road,W01000378,Wrexham 004B,Violence and sexual offences,Under investigation,
0fdcce52fc226e9186f8e51d63e30638c13dffa6cf2fb680260c5ea9fc5ce790,2019-01,North Wales Police,North Wales Police,-3.026214,53.073697,On or near First Avenue,W01000378,Wrexham 004B,Violence and sexual offences,Formal action is not in the public interest,
13fb5030a446b7ed141f3c578f5e3ff0da61f093e2ff881313473ff54b971399,2019-01,North Wales Police,North Wales Police,-3.026562,53.076409,On or near Heol Cefn,W01000378,Wrexham 004B,Violence and sexual offences,Unable to prosecute suspect,
570f1c6c59dfc6a80d1823c4992171a101e664a5e4bda7e31ba899ca4d0afee8,2019-01,North Wales Police,North Wales Police,-3.026562,53.076409,On or near Heol Cefn,W01000378,Wrexham 004B,Violence and sexual offences,Unable to prosecute suspect,
edefac1b6dd2e371a10c12d55ba7929ba081439a5adff9d2994268a441078f2f,2019-01,North Wales Police,North Wales Police,-3.027272,53.073616,On or near Heol- Y-Coed,W01000378,Wrexham 004B,Violence and sexual offences,Unable to prosecute suspect,
1bfa84e8814efb3e5e4a29e94c8e3048a23235ec3df0f99fef1e4039c1103a4d,2019-01,North Wales Police,North Wales Police,-3.026562,53.076409,On or near Heol Cefn,W01000378,Wrexham 004B,Violence and sexual offences,Under investigation,
,2019-01,North Wales Police,North Wales Police,-3.022546,53.068829,On or near Bickerton Drive,W01000379,Wrexham 004C,Anti-social behaviour,,
,2019-01,North Wales Police,North Wales Police,-3.022285,53.071690,On or near Second Avenue,W01000379,Wrexham 004C,Anti-social behaviour,,
,2019-01,North Wales Police,North Wales Police,-3.022285,53.071690,On or near Second Avenue,W01000379,Wrexham 004C,Anti-social behaviour,,
,2019-01,North Wales Police,North Wales Police,-3.022285,53.071690,On or near Second Avenue,W01000379,Wrexham 004C,Anti-social behaviour,,
6b7c620fd01a37a547334b6446a32a54b5864dcf42e610e91a55f452b3eba610,2019-01,North Wales Police,North Wales Police,-3.024775,53.068423,On or near Wheat Close,W01000379,Wrexham 004C,Burglary,Further investigation is not in the public interest,
b256c344186c8b7db17f33af0759e81c94e8fc4c725186c21a16a2664b4298e3,2019-01,North Wales Police,North Wales Police,-3.022285,53.071690,On or near Second Avenue,W01000379,Wrexham 004C,Criminal damage and arson,Under investigation,
2e9753933b548cb7f139dc42d93a602aae1299f13075abd477497b77286d7f37,2019-01,North Wales Police,North Wales Police,-3.022285,53.071690,On or near Second Avenue,W01000379,Wrexham 004C,Criminal damage and arson,Investigation complete; no suspect identified,
3c433921f5bfea999343b1735455d9f32ac0fe871e54c47dbb5f23dd0991d369,2019-01,North Wales Police,North Wales Police,-3.023084,53.070739,On or near Wheatsheaf Lane,W01000379,Wrexham 004C,Other theft,Investigation complete; no suspect identified,
a1666aad5c4fb9c6a9bac10ea1cabc80ec82f1d3e240dec7bfc2aa86bf1e16c5,2019-01,North Wales Police,North Wales Police,-3.022285,53.071690,On or near Second Avenue,W01000379,Wrexham 004C,Vehicle crime,Awaiting court outcome,
8d5a8a21a72b339324c9bb530e66196c6cd80bf98e1c74bd72dc69f44d678854,2019-01,North Wales Police,North Wales Police,-3.024098,53.071953,On or near Fourth Avenue,W01000379,Wrexham 004C,Violence and sexual offences,Unable to prosecute suspect,
6aac7218be3f9d527a279a65c4c0faf2eea21dbca267a83645b0cff6f67f684c,2019-01,North Wales Police,North Wales Police,-3.021952,53.071477,On or near Greenwood Avenue,W01000379,Wrexham 004C,Violence and sexual offences,Investigation complete; no suspect identified,
d2307c84bd179551c049ffe6ff970d0fce6885e2c13fd1c8da8bd8d30cc4d50a,2019-01,North Wales Police,North Wales Police,-3.025416,53.072148,On or near Renfrew Close,W01000379,Wrexham 004C,Violence and sexual offences,Under investigation,
1a92d7fd84884db75be9132c20982f1c4aa793871cb8a1b160672679b4169f09,2019-01,North Wales Police,North Wales Police,-3.025416,53.072148,On or near Renfrew Close,W01000379,Wrexham 004C,Violence and sexual offences,Unable to prosecute suspect,
5ae9bea1dac4f5981f6272a0bfecfb0e69b5d71438e91d12f00a8445c0d65714,2019-01,North Wales Police,North Wales Police,-3.024098,53.071953,On or near Fourth Avenue,W01000379,Wrexham 004C,Violence and sexual offences,Unable to prosecute suspect,
12479e7a586a3bf9f6cf1615530f218a288801a8678ab589747c97c59b87e6ad,2019-01,North Wales Police,North Wales Police,-3.023953,53.069644,On or near Hamlington Avenue,W01000379,Wrexham 004C,Violence and sexual offences,Unable to prosecute suspect,
d333696381c5a2cf92410e34112245ccf0bd297c8f173c730f61e14c0ad745da,2019-01,North Wales Police,North Wales Police,-3.023953,53.069644,On or near Hamlington Avenue,W01000379,Wrexham 004C,Violence and sexual offences,Unable to prosecute suspect,
e263bf1a7466a37ad97ae4144bb323ad4720e794c70a4c99b432cf9011c1523a,2019-01,North Wales Police,North Wales Police,-3.024098,53.071953,On or near Fourth Avenue,W01000379,Wrexham 004C,Violence and sexual offences,Under investigation,
cd03754bc434993cbe25a7c6d656cb6c8c4af496c1a6876a8c497ac5fb65c092,2019-01,North Wales Police,North Wales Police,-3.022285,53.071690,On or near Second Avenue,W01000379,Wrexham 004C,Violence and sexual offences,Unable to prosecute suspect,
23781db44a281a86e26dea1ee427e97a5f89d807bfa2f37d52434a68e0718d48,2019-01,North Wales Police,North Wales Police,-3.023953,53.069644,On or near Hamlington Avenue,W01000379,Wrexham 004C,Violence and sexual offences,Unable to prosecute suspect,
43073dcfcf1cb8b6639ef941e984071ffec8223fcce9985733ead59c282a708e,2019-01,North Wales Police,North Wales Police,-3.024098,53.071953,On or near Fourth Avenue,W01000379,Wrexham 004C,Violence and sexual offences,Unable to prosecute suspect,
56e5abfa78c19960b6dc98aca794fff14658966f59eb10c4d40d4287f159081b,2019-01,North Wales Police,North Wales Police,-3.022285,53.071690,On or near Second Avenue,W01000379,Wrexham 004C,Violence and sexual offences,Unable to prosecute suspect,
42ed613d3a05f58bd8e1db6cbd6fb745a3b26d78acdbf3a7d636ab12d4d118e3,2019-01,North Wales Police,North Wales Police,-3.021952,53.071477,On or near Greenwood Avenue,W01000379,Wrexham 004C,Violence and sexual offences,Action to be taken by another organisation,
5255db3c4ef79a7110a5639bc283233594459fa146e9634941caafb067e6ca21,2019-01,North Wales Police,North Wales Police,-3.022546,53.068829,On or near Bickerton Drive,W01000379,Wrexham 004C,Violence and sexual offences,Investigation complete; no suspect identified,
762c1fb8f6b33798ce22253e6aa66856456d36f8ba942293bad90f5c10578f74,2019-01,North Wales Police,North Wales Police,-3.021952,53.071477,On or near Greenwood Avenue,W01000379,Wrexham 004C,Violence and sexual offences,Unable to prosecute suspect,
d7a8fc56482524450669f10eb1dd18d49ba5595048e0fb11b067b8360e2ac626,2019-01,North Wales Police,North Wales Police,-3.021952,53.071477,On or near Greenwood Avenue,W01000379,Wrexham 004C,Violence and sexual offences,Action to be taken by another organisation,
054c2fc630f1bd170f102e92e08ad3cdfda2ad4971767d104e2a005496f036ba,2019-01,North Wales Police,North Wales Police,-3.022285,53.071690,On or near Second Avenue,W01000379,Wrexham 004C,Other crime,Unable to prosecute suspect,
22fe6ef9c5356b6c7d70c96e4ba2d8ecb333986fc1fd4f4989bb481b9960fa9c,2019-01,North Wales Police,North Wales Police,-3.022567,53.062159,On or near Highfield Road,W01000380,Wrexham 004D,Burglary,Investigation complete; no suspect identified,
3fc01105b7c36927801218a96d55e56cb3e58f3fce84097c31d45acf5809ecc4,2019-01,North Wales Police,North Wales Police,-3.018456,53.067552,On or near Shaftsbury Avenue,W01000380,Wrexham 004D,Burglary,Investigation complete; no suspect identified,
9ae53b4e5d03e6857c69bf96b72d4e1da4b61cb77c5a4ea75cfd1fe7290390f6,2019-01,North Wales Police,North Wales Police,-3.021116,53.065183,On or near Arenig Close,W01000380,Wrexham 004D,Violence and sexual offences,Investigation complete; no suspect identified,
,2019-01,North Wales Police,North Wales Police,-3.046051,53.074908,On or near Station Road,W01000351,Wrexham 005A,Anti-social behaviour,,
81e49883cf6717d16db829cf7858991d5d52ba381dd9a425df451c9a24acedf2,2019-01,North Wales Police,North Wales Police,-3.036727,53.077615,On or near Pendwll Road,W01000351,Wrexham 005A,Burglary,Investigation complete; no suspect identified,
11347d45dfddd89354d827befbdf56db478ad42aaaf4092db62bd27cadebc58d,2019-01,North Wales Police,North Wales Police,-3.046051,53.074908,On or near Station Road,W01000351,Wrexham 005A,Burglary,Investigation complete; no suspect identified,
dde8da660f1c6b897cac9aae5ddf01b56cfd2f491e44427eb94280ba9eb37e7d,2019-01,North Wales Police,North Wales Police,-3.048475,53.077620,On or near Clayton Road,W01000351,Wrexham 005A,Criminal damage and arson,Unable to prosecute suspect,
9f442d04225bd47784e28fae172241903796b22f9a71b2d837574939289e1970,2019-01,North Wales Police,North Wales Police,-3.043709,53.060177,On or near Tanyfron Road,W01000351,Wrexham 005A,Vehicle crime,Under investigation,
83c103626cc889a776e5bf8c16e8c0f375a9d1bd6f2d1d1280caf72788d1dfe0,2019-01,North Wales Police,North Wales Police,-3.046051,53.074908,On or near Station Road,W01000351,Wrexham 005A,Violence and sexual offences,Unable to prosecute suspect,
b2b61f035900c524d93d5043f4709d86a66301194430a4a92a274eb79701b375,2019-01,North Wales Police,North Wales Police,-3.047320,53.075562,On or near Plas Dur,W01000351,Wrexham 005A,Violence and sexual offences,Under investigation,
,2019-01,North Wales Police,North Wales Police,-3.036235,53.062130,On or near Darby Road,W01000373,Wrexham 005B,Anti-social behaviour,,
,2019-01,North Wales Police,North Wales Police,-3.036235,53.062130,On or near Darby Road,W01000373,Wrexham 005B,Anti-social behaviour,,
,2019-01,North Wales Police,North Wales Police,-3.036235,53.062130,On or near Darby Road,W01000373,Wrexham 005B,Anti-social behaviour,,
,2019-01,North Wales Police,North Wales Police,-3.036235,53.062130,On or near Darby Road,W01000373,Wrexham 005B,Anti-social behaviour,,
,2019-01,North Wales Police,North Wales Police,-3.036235,53.062130,On or near Darby Road,W01000373,Wrexham 005B,Anti-social behaviour,,
af76ee3cef7c66885ef1ec55290af2bca151d6a10b8d275db65cf3d9d58f4273,2019-01,North Wales Police,North Wales Police,-3.034195,53.061060,On or near Bryn Goleu,W01000373,Wrexham 005B,Criminal damage and arson,Investigation complete; no suspect identified,
6f05da77ecb257d00f071e75d70c8f9181b3968e6825d7b96553c85a05788b2b,2019-01,North Wales Police,North Wales Police,-3.036235,53.062130,On or near Darby Road,W01000373,Wrexham 005B,Criminal damage and arson,Further investigation is not in the public interest,
8bc3220be505442526b3913b64407c7bacb8d9398392b38ccc3c9cb1846ed761,2019-01,North Wales Police,North Wales Police,-3.037233,53.061438,On or near Frondeg,W01000373,Wrexham 005B,Criminal damage and arson,Investigation complete; no suspect identified,
2448bcc1fe711daf10161c6cf04003eeef6e8a67a90a28ba8db27d4e5e6c0d8c,2019-01,North Wales Police,North Wales Police,-3.034975,53.061836,On or near Lansbury Grove,W01000373,Wrexham 005B,Criminal damage and arson,Unable to prosecute suspect,
dbb506102eb888eca8747cf5cc95c2ba415e60d7be91c81f846528ad822f4bbe,2019-01,North Wales Police,North Wales Police,-3.034195,53.061060,On or near Bryn Goleu,W01000373,Wrexham 005B,Public order,Unable to prosecute suspect,
2e83cc1d2236fcc3a264638c935ae5d384796498df47fe25d6b5aa9b56c7c8c6,2019-01,North Wales Police,North Wales Police,-3.034195,53.061060,On or near Bryn Goleu,W01000373,Wrexham 005B,Public order,Unable to prosecute suspect,
e13a6e9314d7bcd2bfca182a170514550cbdc3c5153656040f3ebab986c47821,2019-01,North Wales Police,North Wales Police,-3.034934,53.060155,On or near Arfryn,W01000373,Wrexham 005B,Public order,Unable to prosecute suspect,
85e1311bf9c5013b27a2a92e7c06f8b4746633b26eed73f232a06488be022ef8,2019-01,North Wales Police,North Wales Police,-3.039798,53.058270,On or near Forge Close,W01000373,Wrexham 005B,Vehicle crime,Under investigation,
2dd6f8aea38b8381e6f79e979935e7fc66cc2287f4b14f6a4f3ec632c4dd1391,2019-01,North Wales Police,North Wales Police,-3.034195,53.061060,On or near Bryn Goleu,W01000373,Wrexham 005B,Violence and sexual offences,Further investigation is not in the public interest,
4feacd5f46e3171b8af73de0555e5613040bf243c4cabfbfa45fd645e2a6fb9c,2019-01,North Wales Police,North Wales Police,-3.036235,53.062130,On or near Darby Road,W01000373,Wrexham 005B,Violence and sexual offences,Formal action is not in the public interest,
1b6cb190d09c4596f7f608c8ed931d9d5e9a61ccbb5c9d25ef879fc570e10f45,2019-01,North Wales Police,North Wales Police,-3.034975,53.061836,On or near Lansbury Grove,W01000373,Wrexham 005B,Violence and sexual offences,Action to be taken by another organisation,
f589923cc0ccf4c0161eac7a587ced1d41141d57dfff9f331ec43c0239c60f6b,2019-01,North Wales Police,North Wales Police,-3.034975,53.061836,On or near Lansbury Grove,W01000373,Wrexham 005B,Violence and sexual offences,Action to be taken by another organisation,
387c928d7f570a9a1e6b5d096ee7ecb6dd3e93c40e0f773c1ce644b07f9e7d73,2019-01,North Wales Police,North Wales Police,-3.034975,53.061836,On or near Lansbury Grove,W01000373,Wrexham 005B,Violence and sexual offences,Action to be taken by another organisation,
,2019-01,North Wales Police,North Wales Police,-3.025045,53.054649,On or near Hall View,W01000400,Wrexham 005C,Anti-social behaviour,,
,2019-01,North Wales Police,North Wales Police,-3.021853,53.051557,On or near Berse Road,W01000400,Wrexham 005C,Anti-social behaviour,,
,2019-01,North Wales Police,North Wales Police,-3.025045,53.054649,On or near Hall View,W01000400,Wrexham 005C,Anti-social behaviour,,
,2019-01,North Wales Police,North Wales Police,-3.025045,53.054649,On or near Hall View,W01000400,Wrexham 005C,Anti-social behaviour,,
,2019-01,North Wales Police,North Wales Police,-3.029074,53.055945,On or near Coronation Road,W01000400,Wrexham 005C,Anti-social behaviour,,
,2019-01,North Wales Police,North Wales Police,-3.025045,53.054649,On or near Hall View,W01000400,Wrexham 005C,Anti-social behaviour,,
a056938f5d25da99c082de9012f2ebf83bfb3c49bf6e0c0004c04af8e45761a6,2019-01,North Wales Police,North Wales Police,-3.025045,53.054649,On or near Hall View,W01000400,Wrexham 005C,Criminal damage and arson,Awaiting court outcome,
83276b84b4c3080c441c3f7f1436d45d76b5061df9ce075c3763b1f490aaf005,2019-01,North Wales Police,North Wales Police,-3.028123,53.053589,On or near Fford Powell,W01000400,Wrexham 005C,Criminal damage and arson,Unable to prosecute suspect,
68596d5cc5d0692fcf92f3350feae9821ae01cbd6dd369daf0d60eb72b861aa9,2019-01,North Wales Police,North Wales Police,-3.030342,53.056536,On or near Dale Road,W01000400,Wrexham 005C,Criminal damage and arson,Investigation complete; no suspect identified,
de0d31723b0587ec83f3d9fd75dbcd6efbc0eeddad7f20ad8aaa1abfd38520c3,2019-01,North Wales Police,North Wales Police,-3.032026,53.059578,On or near Coedefa Lane,W01000400,Wrexham 005C,Other theft,Under investigation,
1551215e9718ddb08c6e6b302b081580e912d287b4ea505b46c1286da3648b5e,2019-01,North Wales Police,North Wales Police,-3.031455,53.058819,On or near The Brambles,W01000400,Wrexham 005C,Public order,Under investigation,
bdb5db7068f998ef209ec69168ba55d7fa0aea9a0af3bea270f7d2acffc5f5b0,2019-01,North Wales Police,North Wales Police,-3.029192,53.055243,On or near Windsor Road,W01000400,Wrexham 005C,Public order,Unable to prosecute suspect,
fd777eccddecac061991d92cfdc809cc5846736402c1ee35f0359fe723740a6f,2019-01,North Wales Police,North Wales Police,-3.026662,53.053026,On or near Gerddi'R Berse,W01000400,Wrexham 005C,Vehicle crime,Investigation complete; no suspect identified,
91f02d2b845a0b9c06fcff41a726b8091b8cf71287f1e3463d9807588aa7bc08,2019-01,North Wales Police,North Wales Police,-3.028123,53.053589,On or near Fford Powell,W01000400,Wrexham 005C,Violence and sexual offences,Unable to prosecute suspect,
cc6f3bd3b9b585dec0015af658e06204672800491fdc8c21b0d549a62a4e27e9,2019-01,North Wales Police,North Wales Police,-3.028123,53.053589,On or near Fford Powell,W01000400,Wrexham 005C,Violence and sexual offences,Under investigation,
a044d8c78a0fde540316af987cb3ffd5b5dbc82a5f038d2a248cd8bebce6b647,2019-01,North Wales Police,North Wales Police,-3.028529,53.054340,On or near Chapel Road,W01000400,Wrexham 005C,Violence and sexual offences,Unable to prosecute suspect,
cc03735a25a86b954a8f31ed58cb08ba1a455eae1b3d50059fe65adace3e8565,2019-01,North Wales Police,North Wales Police,-3.030151,53.056034,On or near Dale Court,W01000400,Wrexham 005C,Violence and sexual offences,Unable to prosecute suspect,
08fa868c5834cfc7ed04f3dcbe9cdc5144ee5c24e55bc8413ebffb7dd4ef215d,2019-01,North Wales Police,North Wales Police,-3.025045,53.054649,On or near Hall View,W01000400,Wrexham 005C,Violence and sexual offences,Awaiting court outcome,
01a07ccd45a6136365d509073bece48888378c2479f0c3b52ef5aa5002699c3c,2019-01,North Wales Police,North Wales Police,-3.029074,53.055945,On or near Coronation Road,W01000400,Wrexham 005C,Violence and sexual offences,Investigation complete; no suspect identified,
b210237646f7f71d1af0ac8ad78f7f22fbbd2e2553a6ea67be9afde145436164,2019-01,North Wales Police,North Wales Police,-3.030151,53.056034,On or near Dale Court,W01000400,Wrexham 005C,Violence and sexual offences,Unable to prosecute suspect,
07074121926953671c3e299dfb78e0b59cad1a9a1d8e4c0aa07206be09618f98,2019-01,North Wales Police,North Wales Police,-3.030151,53.056034,On or near Dale Court,W01000400,Wrexham 005C,Violence and sexual offences,Unable to prosecute suspect,
e19462bae0a44d659a64da3cf8434c1427ccd2f13009abe5a11f309160cf9e01,2019-01,North Wales Police,North Wales Police,-3.030045,53.062256,On or near Wrexham Road,W01000401,Wrexham 005D,Burglary,Investigation complete; no suspect identified,
d9428fa67f4fcc379eedac930ff178780bcba558c8d59539e7d90bfa803ef158,2019-01,North Wales Police,North Wales Police,-3.034886,53.063724,On or near Holborn Crescent,W01000401,Wrexham 005D,Burglary,Investigation complete; no suspect identified,
b1c433b9353583cff766529f28f9c7cf2e01e181f83def3be8b76059176c585e,2019-01,North Wales Police,North Wales Police,-3.029108,53.057976,On or near Sports/Recreation Area,W01000401,Wrexham 005D,Criminal damage and arson,Investigation complete; no suspect identified,
4a88f122598c13c30a66fa31ce4908000fbed9d8459b991fe267a6998f9e43c3,2019-01,North Wales Police,North Wales Police,-3.034886,53.063724,On or near Holborn Crescent,W01000401,Wrexham 005D,Criminal damage and arson,Unable to prosecute suspect,
dc0c268c69ab0a94e75b503dc81aff3a351628a0fa28047eccfc5bc704554d74,2019-01,North Wales Police,North Wales Police,-3.034727,53.065200,On or near New Road,W01000401,Wrexham 005D,Criminal damage and arson,Investigation complete; no suspect identified,
098eae765d2c09f5ff5d2985935b7744256f569fc265f47458e34fdcbea0c0c9,2019-01,North Wales Police,North Wales Police,-3.033843,53.065037,On or near Victoria Road,W01000401,Wrexham 005D,Criminal damage and arson,Investigation complete; no suspect identified,
d6d1c1ddde6116d92f795b826c425238880826f8a923dbff83c870d0525f5050,2019-01,North Wales Police,North Wales Police,-3.034552,53.066010,On or near Robert'S Road,W01000401,Wrexham 005D,Drugs,Offender given penalty notice,
bced68e5dae4d50682403fc5cc69ec7507321778abc16c9b69c6af35335322c9,2019-01,North Wales Police,North Wales Police,-3.034552,53.066010,On or near Robert'S Road,W01000401,Wrexham 005D,Public order,Under investigation,
5e061f39f332f80a1d237ce5c0cb49fc1b2252dd61a20b27823340d68a97a772,2019-01,North Wales Police,North Wales Police,-3.032047,53.062958,On or near Maes Eithen,W01000401,Wrexham 005D,Public order,Offender given a caution,
6abf82a084cb4a253e76e571838fe3d79db6f2ec761836e3445bf75469ca1aec,2019-01,North Wales Police,North Wales Police,-3.029108,53.057976,On or near Sports/Recreation Area,W01000401,Wrexham 005D,Public order,Investigation complete; no suspect identified,
16cc5a562bfbc91ab770a46f8527ac07d92e7279e773fb66f6beac559a9d5713,2019-01,North Wales Police,North Wales Police,-3.036054,53.063912,On or near Rockwood Road,W01000401,Wrexham 005D,Violence and sexual offences,Unable to prosecute suspect,
2774e7d8aa0a3a2f9f9ad04363810a3302e60cb1631fffce274851373754e485,2019-01,North Wales Police,North Wales Police,-3.035240,53.068557,On or near Hill Street,W01000401,Wrexham 005D,Violence and sexual offences,Unable to prosecute suspect,
7d97b27cc9d3d7be1cb0aaf7ce67ef6a22db030e9d9a9f239abc101c2010e4a5,2019-01,North Wales Police,North Wales Police,-3.031193,53.061590,On or near Birch Tree Close,W01000401,Wrexham 005D,Violence and sexual offences,Under investigation,
8d69129b0c1078ef8701117c68a2f36f7c3dd217604f77539b93bc5a7a652211,2019-01,North Wales Police,North Wales Police,-3.031800,53.062618,On or near Grenadin Close,W01000401,Wrexham 005D,Violence and sexual offences,Formal action is not in the public interest,
a26fcd37ba90641b352194efcca8c5faf5f5b868214a03cc36bef01784041361,2019-01,North Wales Police,North Wales Police,-3.029749,53.061072,On or near Sunnyhill,W01000401,Wrexham 005D,Other crime,Under investigation,
,2019-01,North Wales Police,North Wales Police,-3.048400,53.061646,On or near Tanyfron Road,W01000347,Wrexham 006A,Anti-social behaviour,,
,2019-01,North Wales Police,North Wales Police,-3.050999,53.066648,On or near Bloom Avenue,W01000347,Wrexham 006A,Anti-social behaviour,,
,2019-01,North Wales Police,North Wales Police,-3.046536,53.062903,On or near Sports/Recreation Area,W01000347,Wrexham 006A,Anti-social behaviour,,
3a1ae98f1e51bf8eeebced57fc02e094cd3b05830e89ce09e9066d6b3283bf3e,2019-01,North Wales Police,North Wales Police,-3.053321,53.063931,On or near Meadow View,W01000347,Wrexham 006A,Burglary,Investigation complete; no suspect identified,
eec0c95b265da204744693dfbe7bd2ca7b8ab61469472ce63b50e6024c2626e3,2019-01,North Wales Police,North Wales Police,-3.055040,53.064051,On or near Oak Meadows,W01000347,Wrexham 006A,Burglary,Investigation complete; no suspect identified,
dddf97453ae7918a85c8d20686ed9b6fa1c7fbee6ced5f7c80ccc2c4aa82df5d,2019-01,North Wales Police,North Wales Police,-3.050999,53.066648,On or near Bloom Avenue,W01000347,Wrexham 006A,Other theft,Investigation complete; no suspect identified,
fb8e5e2adbc18cce66801ad002d1c86cd3505729fb4714bb69a9c2584068f8c1,2019-01,North Wales Police,North Wales Police,-3.054687,53.079561,On or near Albert'S Avenue,W01000347,Wrexham 006A,Public order,Unable to prosecute suspect,
17d89e9623b451f9ab470aed0f95a3c264c6ee127e8f526dc3dbc06ab6a1d6c7,2019-01,North Wales Police,North Wales Police,-3.051653,53.065923,On or near Ingot Close,W01000347,Wrexham 006A,Vehicle crime,Investigation complete; no suspect identified,
c6214832cede1ec8939f3d3634eb7de016ed6f89adf66ab7983a285ab7db6d14,2019-01,North Wales Police,North Wales Police,-3.055040,53.064051,On or near Oak Meadows,W01000347,Wrexham 006A,Violence and sexual offences,Under investigation,
35c81c747a1441fe7f3c4b9d52f7151b931575458ae8ef3741f55819c5acca77,2019-01,North Wales Police,North Wales Police,-3.050409,53.076758,On or near Fairfield,W01000347,Wrexham 006A,Violence and sexual offences,Investigation complete; no suspect identified,
cf58b2139aa2f40c4d5d8d1f4e625fc9809a52b1d7260e0545bf8ffe9d83f508,2019-01,North Wales Police,North Wales Police,-3.053856,53.065706,On or near College Fields,W01000347,Wrexham 006A,Violence and sexual offences,Unable to prosecute suspect,
c7fd9e4e460ee34ac094f8cfc58929b8c5102bc1c881d85741356bc568ce1e80,2019-01,North Wales Police,North Wales Police,-3.051463,53.063039,On or near Park Road,W01000347,Wrexham 006A,Violence and sexual offences,Further investigation is not in the public interest,
b763d0c3e5de22c1320926b856b78a0df5380de42ade312d7c4935a07f9e2939,2019-01,North Wales Police,North Wales Police,-3.051463,53.063039,On or near Park Road,W01000347,Wrexham 006A,Violence and sexual offences,Action to be taken by another organisation,
,2019-01,North Wales Police,North Wales Police,-3.054427,53.078071,On or near High Street,W01000348,Wrexham 006B,Anti-social behaviour,,
,2019-01,North Wales Police,North Wales Police,-3.055630,53.078420,On or near Brynffynnon Road,W01000348,Wrexham 006B,Anti-social behaviour,,
,2019-01,North Wales Police,North Wales Police,-3.059547,53.078672,On or near Dyke Street,W01000348,Wrexham 006B,Anti-social behaviour,,
c2d708a4fd6fb26ee4ee17adc9f79454b83c72953587b80d085be03e911fd247,2019-01,North Wales Police,North Wales Police,-3.053778,53.077177,On or near Harwd Road,W01000348,Wrexham 006B,Burglary,Investigation complete; no suspect identified,
1609e278862241a123ddc0709bd1735c542c2f85c7951e76f266b75f01926dc2,2019-01,North Wales Police,North Wales Police,-3.053046,53.076528,On or near Vron Close,W01000348,Wrexham 006B,Burglary,Under investigation,
7ffda6e04dd0f141bef6fa64ae798baecc7c6cf024e4751d8897eb89e3c04d7f,2019-01,North Wales Police,North Wales Police,-3.061367,53.078611,On or near Cheshire View,W01000348,Wrexham 006B,Criminal damage and arson,Investigation complete; no suspect identified,
e218897626b8e988961bb056512bb93e96eb76d4f5ad0f8972dc15cd23f4e836,2019-01,North Wales Police,North Wales Police,-3.059547,53.078672,On or near Dyke Street,W01000348,Wrexham 006B,Violence and sexual offences,Further investigation is not in the public interest,
0e2501018054d8b1d1dfb4654fdc506240f0d81eb1450999fd5312f81269ef6f,2019-01,North Wales Police,North Wales Police,-3.057404,53.076498,On or near Ffordd Owain,W01000348,Wrexham 006B,Violence and sexual offences,Under investigation,
9dd9fa4407f34b30a4895dbdcf589db373d29b78599f2cdf0dcda4cf0604816b,2019-01,North Wales Police,North Wales Police,-3.061367,53.078611,On or near Cheshire View,W01000348,Wrexham 006B,Violence and sexual offences,Further investigation is not in the public interest,
a0689ea466dc576cee42e43870d395ec8cd828852107cd3e08b1dfd3521f8f78,2019-01,North Wales Police,North Wales Police,-3.059547,53.078672,On or near Dyke Street,W01000348,Wrexham 006B,Violence and sexual offences,Action to be taken by another organisation,
a8b72310560263a5baec29e3146d1b834ef8f19724c87dd1a7bbdb97a52625f3,2019-01,North Wales Police,North Wales Police,-3.061367,53.078611,On or near Cheshire View,W01000348,Wrexham 006B,Violence and sexual offences,Unable to prosecute suspect,
da7c094f74878513f1d93a396825e7b13bc4112e3ddf72c604ca3680f3b4de57,2019-01,North Wales Police,North Wales Police,-3.053778,53.077177,On or near Harwd Road,W01000348,Wrexham 006B,Violence and sexual offences,Unable to prosecute suspect,
36f7d19dbcda9e64ae5dd75d31c8564ea1727856051a5570e66ec2ddd56fd15b,2019-01,North Wales Police,North Wales Police,-3.053778,53.077177,On or near Harwd Road,W01000348,Wrexham 006B,Violence and sexual offences,Under investigation,
873b58636ac7df93447708d2409b247d5922549f48f81523c611605f209fe5c1,2019-01,North Wales Police,North Wales Police,-3.053778,53.077177,On or near Harwd Road,W01000348,Wrexham 006B,Violence and sexual offences,Under investigation,
7c4bb6d3b79a8ef7395d77f7f2129ce4593cbed0c279270e6c36aaf6adc9587f,2019-01,North Wales Police,North Wales Police,-3.058466,53.078421,On or near Offa Street,W01000348,Wrexham 006B,Violence and sexual offences,Under investigation,
2f7585d1da95fe27617d433bd41e173ded6c907489aa6c1f65865e829e24ef87,2019-01,North Wales Police,North Wales Police,-3.054102,53.076383,On or near Bryn Melyn,W01000348,Wrexham 006B,Violence and sexual offences,Unable to prosecute suspect,
754b932ac5bbe36db6fe5fc5f205297a96db814abfbc2b8dbe636e38674f7df9,2019-01,North Wales Police,North Wales Police,-3.053778,53.077177,On or near Harwd Road,W01000348,Wrexham 006B,Violence and sexual offences,Unable to prosecute suspect,
6b95b34d833cbc385e5b9454c9fcc3873c94bb392ce1ec29944677b6eecbb5a3,2019-01,North Wales Police,North Wales Police,-3.057739,53.075551,On or near Argoed,W01000348,Wrexham 006B,Violence and sexual offences,Unable to prosecute suspect,
a57a6bd61de64d11fd235a089f7e3a120def26e08df73803efdcee0a5e025390,2019-01,North Wales Police,North Wales Police,-3.053778,53.077177,On or near Harwd Road,W01000348,Wrexham 006B,Violence and sexual offences,Under investigation,
64cdba378621d1d5346093df1248285b54c01a70b91788384a1fb0af247cc97e,2019-01,North Wales Police,North Wales Police,-3.057739,53.075551,On or near Argoed,W01000348,Wrexham 006B,Violence and sexual offences,Unable to prosecute suspect,
,2019-01,North Wales Police,North Wales Police,-3.063212,53.054116,On or near Heol Bathafarn,W01000362,Wrexham 006C,Anti-social behaviour,,
,2019-01,North Wales Police,North Wales Police,-3.061607,53.055614,On or near Heol-Y-Vro,W01000362,Wrexham 006C,Anti-social behaviour,,
,2019-01,North Wales Police,North Wales Police,-3.059786,53.053751,On or near Heol Cadfan,W01000362,Wrexham 006C,Anti-social behaviour,,
8e95f863207db277a1f4eaed193f7ef7f2197a27842f62caf7ee7eaff8979e55,2019-01,North Wales Police,North Wales Police,-3.063212,53.054116,On or near Heol Bathafarn,W01000362,Wrexham 006C,Criminal damage and arson,Under investigation,
4fca815ad0c4aff18d4b27f448576d07dd9cd530ad4c00167e74651568d3a574,2019-01,North Wales Police,North Wales Police,-3.060261,53.054880,On or near Heol Celyn,W01000362,Wrexham 006C,Criminal damage and arson,Investigation complete; no suspect identified,
7cf51e39856d0c454b8a41e448e2ad8f75c52c3d133dea6a04709f29af2c03a9,2019-01,North Wales Police,North Wales Police,-3.060261,53.054880,On or near Heol Celyn,W01000362,Wrexham 006C,Criminal damage and arson,Investigation complete; no suspect identified,
f5eac38f188c85f2a689a07f699fbdb8afc21d5a60fc28b7f91fbf89639b169c,2019-01,North Wales Police,North Wales Police,-3.063212,53.054116,On or near Heol Bathafarn,W01000362,Wrexham 006C,Criminal damage and arson,Unable to prosecute suspect,
64fc9e6e6c727de3cdb183d72a4b56a9a6f2101bf1772dc3931dc39adffbd62a,2019-01,North Wales Police,North Wales Police,-3.063212,53.054116,On or near Heol Bathafarn,W01000362,Wrexham 006C,Criminal damage and arson,Under investigation,
eaff5a0bbafaf3e2ffd4d8bb22d9306c2a7b9c5a5e4d9184cbedab46412206fb,2019-01,North Wales Police,North Wales Police,-3.058380,53.054195,On or near Heol Wen,W01000362,Wrexham 006C,Other theft,Unable to prosecute suspect,
99030aba9f42e0f63165bc0eb5fe2f654e685bc70ee07b534dea7852cf546c07,2019-01,North Wales Police,North Wales Police,-3.062820,53.051540,On or near Heol Maelor,W01000362,Wrexham 006C,Public order,Unable to prosecute suspect,
6835922ed07ea06affe2b2f6a851f4446a42b9b0b4544b7565fa002fe7c91024,2019-01,North Wales Police,North Wales Police,-3.063212,53.054116,On or near Heol Bathafarn,W01000362,Wrexham 006C,Violence and sexual offences,Under investigation,
cc2e35d9ec6fe9e3999eb1d31c44924cf62225473ae74ecca5b5ca322fa9d52e,2019-01,North Wales Police,North Wales Police,-3.063212,53.054116,On or near Heol Bathafarn,W01000362,Wrexham 006C,Violence and sexual offences,Under investigation,
ec8ab8fc0aa50f29c3ea11d448381438c3a4f9b32ac2a2aa78750bd60bdba3e9,2019-01,North Wales Police,North Wales Police,-3.063212,53.054116,On or near Heol Bathafarn,W01000362,Wrexham 006C,Violence and sexual offences,Under investigation,
edc34db51c4a1e43fcd060e37bbb0f5f509c8e0ee82f61192cbbaa63b131ef68,2019-01,North Wales Police,North Wales Police,-3.059786,53.053751,On or near Heol Cadfan,W01000362,Wrexham 006C,Violence and sexual offences,Unable to prosecute suspect,
aea1e6ebf3aae90a832b4428858aee223f5395a197bcf194756aab168eccd9a6,2019-01,North Wales Police,North Wales Police,-3.060261,53.054880,On or near Heol Celyn,W01000362,Wrexham 006C,Violence and sexual offences,Investigation complete; no suspect identified,
f7c4d8fa9e6c1c89e023b25e0bd131e9c1ff00dd0ffde3043d24c0d42e87694f,2019-01,North Wales Police,North Wales Police,-3.063212,53.054116,On or near Heol Bathafarn,W01000362,Wrexham 006C,Violence and sexual offences,Under investigation,
fbe45f4785781054f61bc1efe033440575f6ec625c6b2370daa5197fde0e263d,2019-01,North Wales Police,North Wales Police,-3.063212,53.054116,On or near Heol Bathafarn,W01000362,Wrexham 006C,Violence and sexual offences,Formal action is not in the public interest,
fc183d520c77557a4adfebe8d1aa4d481d7f5f83ba534ce4c688f87467e762b5,2019-01,North Wales Police,North Wales Police,-3.060379,53.051768,On or near The Paddocks,W01000362,Wrexham 006C,Violence and sexual offences,Investigation complete; no suspect identified,
eb1d086a1823e669608e439ef9f4a9e588b773aaf844a4be0e1a6716e16fd5a5,2019-01,North Wales Police,North Wales Police,-3.061893,53.053283,On or near Heol Dirion,W01000362,Wrexham 006C,Violence and sexual offences,Under investigation,
72decf409f9fa5fefb6f4426a6519351012d16b97d7c821d552b9e0e5b2bfd22,2019-01,North Wales Police,North Wales Police,-3.063212,53.054116,On or near Heol Bathafarn,W01000362,Wrexham 006C,Violence and sexual offences,Unable to prosecute suspect,
8aeb34ed7f9aa463b87ce7d052b5111c64fdb71c304c76178d8bd595604dac25,2019-01,North Wales Police,North Wales Police,-3.072322,53.058107,On or near Heol Mona,W01000363,Wrexham 006D,Criminal damage and arson,Investigation complete; no suspect identified,
2efb326da3e4e821565e0aaa8d94a08ecff8d3a9d12778f27d91be2a7fc77411,2019-01,North Wales Police,North Wales Police,-3.068938,53.055827,On or near Heol Llewelyn,W01000363,Wrexham 006D,Criminal damage and arson,Investigation complete; no suspect identified,
32afb75401d35821dbe6d3455b8b46523bfaf0ed0cab980f9fcd91e51d2e8864,2019-01,North Wales Police,North Wales Police,-3.072641,53.053510,On or near Bryn Clywedog,W01000363,Wrexham 006D,Other theft,Further investigation is not in the public interest,
5e4d92595e8b7e9484ce127e6cff9ccd2d6da4b6e076aabd6c533d68c1c433c2,2019-01,North Wales Police,North Wales Police,-3.074521,53.055318,On or near Petrol Station,W01000363,Wrexham 006D,Other theft,Investigation complete; no suspect identified,
3d2b2b9b8c3439ff693ab336cca4dc82e96f1283a6bb7f865a27bc6001591811,2019-01,North Wales Police,North Wales Police,-3.074627,53.056585,On or near Greengate Farm,W01000363,Wrexham 006D,Violence and sexual offences,Formal action is not in the public interest,
3e14e05696fb42aa9374985899feb4f6e47433df41d097e3cf5f8371794d9dac,2019-01,North Wales Police,North Wales Police,-3.076101,53.055268,On or near Smelt Lane,W01000363,Wrexham 006D,Violence and sexual offences,Unable to prosecute suspect,
,2019-01,North Wales Police,North Wales Police,-3.057577,53.050670,On or near Llys Rhedyn,W01000364,Wrexham 006E,Anti-social behaviour,,
,2019-01,North Wales Police,North Wales Police,-3.069164,53.048076,On or near Nant Road,W01000364,Wrexham 006E,Anti-social behaviour,,
,2019-01,North Wales Police,North Wales Police,-3.070187,53.052642,On or near Parking Area,W01000364,Wrexham 006E,Anti-social behaviour,,
0b0f190a67c2892d6fc68714200541abea04c5a3831de3cfc8aca34b9ad07aa0,2019-01,North Wales Police,North Wales Police,-3.072043,53.052868,On or near Assembly Road,W01000364,Wrexham 006E,Criminal damage and arson,Further investigation is not in the public interest,
dfdde1703159f50baf8935254c57f8892618c885f4ec949773682d9e11f6fa98,2019-01,North Wales Police,North Wales Police,-3.068073,53.049200,On or near Heritage Heights,W01000364,Wrexham 006E,Violence and sexual offences,Under investigation,
8687146444ec41c2958e5e933288d4c1b5bdf5f5ab3f4ab45bb36377190683b6,2019-01,North Wales Police,North Wales Police,-3.057227,53.047329,On or near Rhos Berse Road,W01000364,Wrexham 006E,Violence and sexual offences,Unable to prosecute suspect,
80656aa63e06e5fe0edc2ff39fb84539f96406c01f3251adfd03bb43c7013cf1,2019-01,North Wales Police,North Wales Police,-3.057577,53.050670,On or near Llys Rhedyn,W01000364,Wrexham 006E,Violence and sexual offences,Further investigation is not in the public interest,
a12097251ac2b2884735830a2c23856434e75965ff821b25ff54e3243b163e96,2019-01,North Wales Police,North Wales Police,-3.068439,53.045880,On or near Mostyn Road,W01000364,Wrexham 006E,Violence and sexual offences,Unable to prosecute suspect,
92854b7361ba4020c0d32f7aafed895b16b3033c4ac35aabdd05351696a2de23,2019-01,North Wales Police,North Wales Police,-3.069500,53.053188,On or near Victoria Road,W01000364,Wrexham 006E,Violence and sexual offences,Under investigation,
1dad80d02077dc60088440e9f5008a0df18ec3a34e36ff6c2358ed78bc6ba5e4,2019-01,North Wales Police,North Wales Police,-3.057577,53.050670,On or near Llys Rhedyn,W01000364,Wrexham 006E,Violence and sexual offences,Further investigation is not in the public interest,
d07cf8eb7d7aeea69ae6be010aac1ebd0a7560fdccf414bf0b58dbe8578ebf2f,2019-01,North Wales Police,North Wales Police,-3.068073,53.049200,On or near Heritage Heights,W01000364,Wrexham 006E,Other crime,Under investigation,
06b1f5d022c92b5c8d675dcd599911f15b5bc9fc7839d99786d5cc2fe8c13852,2019-01,North Wales Police,North Wales Police,-2.974247,53.060802,On or near Warrenwood Road,W01000343,Wrexham 007A,Burglary,Investigation complete; no suspect identified,
d24768344d04626dd7df64f1d1b55fcc6c638e150dc0fe84e92258738d94d1db,2019-01,North Wales Police,North Wales Police,-2.977927,53.065824,On or near Ffordd Alun,W01000344,Wrexham 007B,Public order,Investigation complete; no suspect identified,
,2019-01,North Wales Police,North Wales Police,-2.973946,53.055366,On or near Sports/Recreation Area,W01000415,Wrexham 007C,Anti-social behaviour,,
d181a03a89e78e022f99a0f2dec104033c40659a144ea5a243e118b8a518d228,2019-01,North Wales Police,North Wales Police,-2.972803,53.056985,On or near Dean Road,W01000415,Wrexham 007C,Burglary,Investigation complete; no suspect identified,
d38d0938f387f30aaed673c488d3f29d2aa02ea6bd20c59142d4486979bfd642,2019-01,North Wales Police,North Wales Police,-2.978508,53.051266,On or near Hullah Lane,W01000415,Wrexham 007C,Burglary,Investigation complete; no suspect identified,
45ae0a26e7e08e6a0c5849b4752331849546f2283aacb04b740d45e5ca1d92d2,2019-01,North Wales Police,North Wales Police,-2.972803,53.056985,On or near Dean Road,W01000415,Wrexham 007C,Burglary,Investigation complete; no suspect identified,
386e8bcc5d02b36018e2b34ad5fa1a6e460482e50cd4010d1d7eb8a68308ec14,2019-01,North Wales Police,North Wales Police,-2.972803,53.056985,On or near Dean Road,W01000415,Wrexham 007C,Criminal damage and arson,Investigation complete; no suspect identified,
639156374e908150708b361f6816ec8cc0a08a1f4a2a200b8cc7f67d4e68af11,2019-01,North Wales Police,North Wales Police,-2.971113,53.054787,On or near Coopers Close,W01000415,Wrexham 007C,Drugs,Offender given a drugs possession warning,
9e7c01401337eac139beb55189f76bc6d3b90b70430564b321404488fd666e63,2019-01,North Wales Police,North Wales Police,-2.971113,53.054787,On or near Coopers Close,W01000415,Wrexham 007C,Drugs,Under investigation,
7ab2c757c30f099f7139173719092abeca42b7b1170b46d0a4422c9dd58e8dd9,2019-01,North Wales Police,North Wales Police,-2.978508,53.051266,On or near Hullah Lane,W01000415,Wrexham 007C,Public order,Investigation complete; no suspect identified,
681b63656e5900eb193b25072bec8121c0fd7642f966df1b5412c16397020b91,2019-01,North Wales Police,North Wales Police,-2.970094,53.055254,On or near Supermarket,W01000415,Wrexham 007C,Shoplifting,Awaiting court outcome,
a80a0e385e641849b8f83fb4c8565e745609d8304d72c9868ee7ed288f91bd52,2019-01,North Wales Police,North Wales Police,-2.970853,53.059167,On or near Brecon Close,W01000415,Wrexham 007C,Shoplifting,Awaiting court outcome,
1cf723fcb7a441c55e1a20035dcae19555526be44bccbf210682539d43334a8f,2019-01,North Wales Police,North Wales Police,-2.970853,53.059167,On or near Brecon Close,W01000415,Wrexham 007C,Shoplifting,Investigation complete; no suspect identified,
96c15e3653828d88ba1a216c6497ac6f0d8dd16cd5631be20a36c58d1496eaf4,2019-01,North Wales Police,North Wales Police,-2.973056,53.052964,On or near St Davids' Court,W01000415,Wrexham 007C,Vehicle crime,Under investigation,
8b67752d22f095dcad8572f15911a57e4b64bb3568dde09eef77d9fe1c762997,2019-01,North Wales Police,North Wales Police,-2.973946,53.055366,On or near Sports/Recreation Area,W01000415,Wrexham 007C,Violence and sexual offences,Action to be taken by another organisation,
cb1d0670e12fa60a5286445d5b74190d86ca4681756bd12538bfcbb8d5105cf4,2019-01,North Wales Police,North Wales Police,-2.973946,53.055366,On or near Sports/Recreation Area,W01000415,Wrexham 007C,Violence and sexual offences,Unable to prosecute suspect,
fc4d65129d5436de73cf95d92676e64d6a23e5085f0a1db06f0fca9d3ac13486,2019-01,North Wales Police,North Wales Police,-2.971113,53.054787,On or near Coopers Close,W01000415,Wrexham 007C,Violence and sexual offences,Under investigation,
244d7a817bd3d9664277224f42ec68360286b6f1df8bf983251c6490204a2296,2019-01,North Wales Police,North Wales Police,-2.965950,53.060771,On or near The Triangle,W01000415,Wrexham 007C,Violence and sexual offences,Offender otherwise dealt with,
8b9fe0a036d88e24c5d112608a042fbb4f96712380ab95d686ce6d92da39e46d,2019-01,North Wales Police,North Wales Police,-2.965160,53.061479,On or near Mere Crescent,W01000415,Wrexham 007C,Violence and sexual offences,Under investigation,
f2503fbef184b3042b4775928d1675c70df6140ad607a64ed4fe961fa7839435,2019-01,North Wales Police,North Wales Police,-2.973946,53.055366,On or near Sports/Recreation Area,W01000415,Wrexham 007C,Other crime,Unable to prosecute suspect,
bd6aa812d780b649fcf5388acd23e7855d0cbac8689f22e594bebf34960ff48a,2019-01,North Wales Police,North Wales Police,-2.964605,53.058013,On or near Blantern Way,W01000416,Wrexham 007D,Burglary,Under investigation,
7cb91f118021aca813890e8c93388b0e8c0c2d621cb66bfda9b07620e61b375d,2019-01,North Wales Police,North Wales Police,-2.961603,53.058559,On or near Erlas Park Road,W01000416,Wrexham 007D,Burglary,Investigation complete; no suspect identified,
2b44066731c099122e257186253135e5994cb5973d8b7d6e2568bb90eb1291f4,2019-01,North Wales Police,North Wales Police,-2.965896,53.057715,On or near Rhodfa Goulbourne,W01000416,Wrexham 007D,Burglary,Under investigation,
f55d455c3e35447e60aaf8308fd6ff39f00a25e05b33c20f467413e185e64d7f,2019-01,North Wales Police,North Wales Police,-2.961603,53.058559,On or near Erlas Park Road,W01000416,Wrexham 007D,Criminal damage and arson,Offender fined,
,2019-01,North Wales Police,North Wales Police,-2.993777,53.064569,On or near Ael-Y-Bryn,W01000368,Wrexham 008A,Anti-social behaviour,,
84d7e6e3cea7d08852af78370cec9cb75f097b4517fc0104b262395a483f9aa9,2019-01,North Wales Police,North Wales Police,-2.990699,53.061772,On or near Village Court,W01000368,Wrexham 008A,Violence and sexual offences,Unable to prosecute suspect,
d04c82c8383290f7cdc5e5a5654158c42cee3bb8c411ddc17997dd87bde11af0,2019-01,North Wales Police,North Wales Police,-2.995875,53.061720,On or near Sandringham Road,W01000368,Wrexham 008A,Violence and sexual offences,Action to be taken by another organisation,
247d0cc5f06691e2148198f5b23719b4b88b1eb1681148f0fddf6aec7e9384b5,2019-01,North Wales Police,North Wales Police,-2.994070,53.063677,On or near Ffordd Gwynedd,W01000368,Wrexham 008A,Violence and sexual offences,Unable to prosecute suspect,
76d32d12c15e3dd6c8dbe78d7739a3d13e20b84bda344b8e1df55bb5d34c60f7,2019-01,North Wales Police,North Wales Police,-2.994070,53.063677,On or near Ffordd Gwynedd,W01000368,Wrexham 008A,Violence and sexual offences,Under investigation,
d5da99e07543f0876c5f8d0aa97b1a29acb17ee97b15678c85df1f79f9adf062,2019-01,North Wales Police,North Wales Police,-2.994070,53.063677,On or near Ffordd Gwynedd,W01000368,Wrexham 008A,Other crime,Under investigation,
,2019-01,North Wales Police,North Wales Police,-2.994087,53.054687,On or near Llysy Coed,W01000371,Wrexham 008B,Anti-social behaviour,,
,2019-01,North Wales Police,North Wales Police,-2.993343,53.054109,On or near Acton Road,W01000371,Wrexham 008B,Anti-social behaviour,,
cc903a4b374a54f5143f7c229c34c3e0c65d6fefd7624be126cfb66b36cc9dda,2019-01,North Wales Police,North Wales Police,-2.999251,53.052172,On or near Spring Gardens,W01000371,Wrexham 008B,Bicycle theft,Investigation complete; no suspect identified,
421f1170cb941d7ce7c45997e48e3ce575c28d8137e61210049f5deca181d3d2,2019-01,North Wales Police,North Wales Police,-2.994087,53.054687,On or near Llysy Coed,W01000371,Wrexham 008B,Burglary,Under investigation,
9705f283746ba247d41381f1a97746d9b391da98d41860b39f9a3b05b29fbb7f,2019-01,North Wales Police,North Wales Police,-2.998332,53.053726,On or near St James Court,W01000371,Wrexham 008B,Criminal damage and arson,Investigation complete; no suspect identified,
135d62a711697fd310edaf96c5fb3e5b51aff48bdaf2b28f17a1d7b0cc9c3a60,2019-01,North Wales Police,North Wales Police,-2.998271,53.054985,On or near Walnut Street,W01000371,Wrexham 008B,Other theft,Under investigation,
316aea9eafdfa8208926b80c158130afec542b381710e33c302ff7c9cdd3d0b4,2019-01,North Wales Police,North Wales Police,-2.992902,53.053106,On or near Foster Road,W01000371,Wrexham 008B,Other theft,Investigation complete; no suspect identified,
cca8190ff9fbfb0f0300c80fd50a851b10f678b31c00408d62d23836e08edffd,2019-01,North Wales Police,North Wales Police,-2.994087,53.054687,On or near Llysy Coed,W01000371,Wrexham 008B,Public order,Investigation complete; no suspect identified,
77584916c881673a0f19206b3ff5e7a7603e0649361e510b9a12b48e68deeb41,2019-01,North Wales Police,North Wales Police,-2.996608,53.052742,On or near Rhossddu Road,W01000371,Wrexham 008B,Violence and sexual offences,Unable to prosecute suspect,
ad9ef41f399e2a8b8923a6bbba80e58163b93cc6b837a53efa116c304f41381d,2019-01,North Wales Police,North Wales Police,-2.994397,53.052590,On or near Cross Street,W01000371,Wrexham 008B,Violence and sexual offences,Under investigation,
38be2f9a468ec7433fead222302357e1d1bd01bb2b2a3b10be68eb659950f6f6,2019-01,North Wales Police,North Wales Police,-2.994397,53.052590,On or near Cross Street,W01000371,Wrexham 008B,Violence and sexual offences,Under investigation,
,2019-01,North Wales Police,North Wales Police,-2.996495,53.047170,On or near Stryt Y Dug,W01000372,Wrexham 008C,Anti-social behaviour,,
,2019-01,North Wales Police,North Wales Police,-2.996495,53.047170,On or near Stryt Y Dug,W01000372,Wrexham 008C,Anti-social behaviour,,
,2019-01,North Wales Police,North Wales Police,-2.996495,53.047170,On or near Stryt Y Dug,W01000372,Wrexham 008C,Anti-social behaviour,,
,2019-01,North Wales Police,North Wales Police,-2.996495,53.047170,On or near Stryt Y Dug,W01000372,Wrexham 008C,Anti-social behaviour,,
,2019-01,North Wales Police,North Wales Police,-3.004516,53.057251,On or near Fleming Drive,W01000372,Wrexham 008C,Anti-social behaviour,,
,2019-01,North Wales Police,North Wales Police,-2.999148,53.048379,On or near Caxton Place,W01000372,Wrexham 008C,Anti-social behaviour,,
,2019-01,North Wales Police,North Wales Police,-2.991541,53.045189,On or near Yorke Street,W01000372,Wrexham 008C,Anti-social behaviour,,
,2019-01,North Wales Police,North Wales Police,-2.997208,53.047056,On or near Stryt Y Rhaglaw,W01000372,Wrexham 008C,Anti-social behaviour,,
,2019-01,North Wales Police,North Wales Police,-2.997208,53.047056,On or near Stryt Y Rhaglaw,W01000372,Wrexham 008C,Anti-social behaviour,,
,2019-01,North Wales Police,North Wales Police,-2.996307,53.048097,On or near Stryt Y Brenin,W01000372,Wrexham 008C,Anti-social behaviour,,
,2019-01,North Wales Police,North Wales Police,-2.996307,53.048097,On or near Stryt Y Brenin,W01000372,Wrexham 008C,Anti-social behaviour,,
,2019-01,North Wales Police,North Wales Police,-3.008411,53.057290,On or near Supermarket,W01000372,Wrexham 008C,Anti-social behaviour,,
,2019-01,North Wales Police,North Wales Police,-2.996953,53.048955,On or near Grosvenor Road,W01000372,Wrexham 008C,Anti-social behaviour,,
,2019-01,North Wales Police,North Wales Police,-2.996564,53.047601,On or near Stryt Yr Arglwydd,W01000372,Wrexham 008C,Anti-social behaviour,,
,2019-01,North Wales Police,North Wales Police,-2.995471,53.047403,On or near Stryt Egerton,W01000372,Wrexham 008C,Anti-social behaviour,,
,2019-01,North Wales Police,North Wales Police,-2.996495,53.047170,On or near Stryt Y Dug,W01000372,Wrexham 008C,Anti-social behaviour,,
,2019-01,North Wales Police,North Wales Police,-2.995471,53.047403,On or near Stryt Egerton,W01000372,Wrexham 008C,Anti-social behaviour,,
,2019-01,North Wales Police,North Wales Police,-2.996564,53.047601,On or near Stryt Yr Arglwydd,W01000372,Wrexham 008C,Anti-social behaviour,,
d232af64f6d2069eae5e8c93c9067012e3ef50c4cd4ceba54a82940b867b3eab,2019-01,North Wales Police,North Wales Police,-2.996953,53.048955,On or near Grosvenor Road,W01000372,Wrexham 008C,Burglary,Investigation complete; no suspect identified,
945232ffabfebce653cd6fc269da883e97424835dba58713e93f604ebe08d25e,2019-01,North Wales Police,North Wales Police,-2.992464,53.045091,On or near Stryt Fawr,W01000372,Wrexham 008C,Burglary,Under investigation,
834c5ec6872c2c8c2e3822fecf368dd102a8bea742146dee2231f62b14417c9b,2019-01,North Wales Police,North Wales Police,-2.997208,53.047056,On or near Stryt Y Rhaglaw,W01000372,Wrexham 008C,Burglary,Investigation complete; no suspect identified,
9de8c455814685d376e9bcdaa87f147c4a0e1bd4e1ff20465c830ac27d68742c,2019-01,North Wales Police,North Wales Police,-2.992464,53.045091,On or near Stryt Fawr,W01000372,Wrexham 008C,Criminal damage and arson,Investigation complete; no suspect identified,
7d5f34508097530386ecedaf68d99b88200d2f4ebe969c5067e3d9427feae1ff,2019-01,North Wales Police,North Wales Police,-2.994262,53.046739,On or near Supermarket,W01000372,Wrexham 008C,Criminal damage and arson,Offender sent to prison,
75c7e30bd3ec04c652854fb507d8ef20e7ce730a8ed0d671a6270559655864e6,2019-01,North Wales Police,North Wales Police,-2.994906,53.048792,On or near Rhossddu Road,W01000372,Wrexham 008C,Criminal damage and arson,Under investigation,
dbb2cba206cfdcb5c5241913c2f1f71cff0417ce4b60db011811e7373209ee6c,2019-01,North Wales Police,North Wales Police,-2.996495,53.047170,On or near Stryt Y Dug,W01000372,Wrexham 008C,Criminal damage and arson,Under investigation,
bccd9351055ca86d90221fbc983eccbba356f9e75b87a53f827fb0e6f90b0067,2019-01,North Wales Police,North Wales Police,-2.993193,53.046316,On or near Shopping Area,W01000372,Wrexham 008C,Criminal damage and arson,Investigation complete; no suspect identified,
55b08c9d2ef9d962e77ac2b1680c188bd4b186ac088e90675b0026c2c6fa5daf,2019-01,North Wales Police,North Wales Police,-2.994906,53.048792,On or near Rhossddu Road,W01000372,Wrexham 008C,Criminal damage and arson,Unable to prosecute suspect,
93f11dc87aa2546774ce024e3ee9571b22fab4d5af8809255b92c7622d4a96da,2019-01,North Wales Police,North Wales Police,-2.997208,53.047056,On or near Stryt Y Rhaglaw,W01000372,Wrexham 008C,Criminal damage and arson,Under investigation,
b186d1eff2fc9dabc90409b82683577a634f261526ce2d74866777698c1a355e,2019-01,North Wales Police,North Wales Police,-2.995471,53.047403,On or near Stryt Egerton,W01000372,Wrexham 008C,Drugs,Under investigation,
428fbae6d0889f07aeee9811023922b780dc10d77cd84cd4c2e232161b24e6ef,2019-01,North Wales Police,North Wales Police,-2.995376,53.050397,On or near Rhossddu Road,W01000372,Wrexham 008C,Drugs,Under investigation,
0c31c168e586a10dc6fc4a47b6dc3d585ab7d22912ae680b3865dd18cf810a34,2019-01,North Wales Police,North Wales Police,-3.008411,53.057290,On or near Supermarket,W01000372,Wrexham 008C,Other theft,Investigation complete; no suspect identified,
0f6946b10cfd8ecebcb642bb879488bf902dae9d4e474988a4d2d751fb7e1b89,2019-01,North Wales Police,North Wales Police,-2.994262,53.046739,On or near Supermarket,W01000372,Wrexham 008C,Other theft,Unable to prosecute suspect,
27a9e41a96317564448e73003ff5e109bc84c4cae4fde951a7485349c5024f7b,2019-01,North Wales Police,North Wales Police,-2.994869,53.051723,On or near Lorne Street,W01000372,Wrexham 008C,Other theft,Action to be taken by another organisation,
e314190b5610fa5adb80b53acf3e6856453d4a78f3d4ffb35b09353904d16b58,2019-01,North Wales Police,North Wales Police,-2.991541,53.045189,On or near Yorke Street,W01000372,Wrexham 008C,Other theft,Investigation complete; no suspect identified,
867cbc29f9b1a9f0a418ab360c1c75ce1207857c8eaa1e63d6597551732d94a3,2019-01,North Wales Police,North Wales Police,-2.997683,53.051457,On or near Garden Road,W01000372,Wrexham 008C,Other theft,Under investigation,
1d4564f45fca86b7a403aa14491c0b3b6dddb8f7c7ab08de20265e44239c6452,2019-01,North Wales Police,North Wales Police,-2.996307,53.048097,On or near Stryt Y Brenin,W01000372,Wrexham 008C,Other theft,Under investigation,
20d5d635a4234efa78f062303f0ed8aaba48c3addf991f00aad65ba9821ad025,2019-01,North Wales Police,North Wales Police,-2.996495,53.047170,On or near Stryt Y Dug,W01000372,Wrexham 008C,Other theft,Awaiting court outcome,
b5f6fea9f02515c51dc5aefbcba3a39fe494e35faacd26e0afed9e1bd69bdb49,2019-01,North Wales Police,North Wales Police,-2.995471,53.047403,On or near Stryt Egerton,W01000372,Wrexham 008C,Possession of weapons,Under investigation,
bf52dc6e5458ecab2edf0880a67a1e7468637c6b769cfc62868066ea7a0d8d32,2019-01,North Wales Police,North Wales Police,-3.009374,53.053785,On or near Berse Road,W01000372,Wrexham 008C,Public order,Unable to prosecute suspect,
470b5ade774db304248fe7334e9d5595ea0533e7648faeb768fa8d1d80ee3771,2019-01,North Wales Police,North Wales Police,-2.996495,53.047170,On or near Stryt Y Dug,W01000372,Wrexham 008C,Public order,Investigation complete; no suspect identified,
d816405f24ad6790880f21cfafc8263dbe73e764f6660d5a58485d32165bd6f0,2019-01,North Wales Police,North Wales Police,-2.992028,53.046875,On or near Lambpit Street,W01000372,Wrexham 008C,Public order,Unable to prosecute suspect,
625dd24791016ff5272e305e162ab027cc9d215ddc1ea52e2402884a2864ecd6,2019-01,North Wales Police,North Wales Police,-3.001366,53.055255,On or near Maes Yr Onnen,W01000372,Wrexham 008C,Public order,Under investigation,
d34a5e2c69156a34d25390a4e88717967e6e73ed08c390ddf00c0794cbbf9d1b,2019-01,North Wales Police,North Wales Police,-2.996564,53.047601,On or near Stryt Yr Arglwydd,W01000372,Wrexham 008C,Public order,Court case unable to proceed,
6ea48b0b948c9e6db875073ec8a87b94bf896998a2034b4654201db8b20b4e9c,2019-01,North Wales Police,North Wales Police,-2.992028,53.046875,On or near Lambpit Street,W01000372,Wrexham 008C,Public order,Under investigation,
1f376173bbbe3613277ac73b50211271dfd0814ab54724125653cfee5a6adcd0,2019-01,North Wales Police,North Wales Police,-2.997683,53.051457,On or near Garden Road,W01000372,Wrexham 008C,Public order,Under investigation,
d017db8f11d31cbc172b4a2d53dacecc1702011e25da7660337c8b9cab1bf086,2019-01,North Wales Police,North Wales Police,-2.995471,53.047403,On or near Stryt Egerton,W01000372,Wrexham 008C,Public order,Unable to prosecute suspect,
de35cab2a093da7b0315772119895ef99fcd5f00063683b5bc2fc803b9b8ed33,2019-01,North Wales Police,North Wales Police,-3.008411,53.057290,On or near Supermarket,W01000372,Wrexham 008C,Public order,Awaiting court outcome,
78d72eefd818bd4ca7451da557259a643767b1714f099c78a932223e034df92e,2019-01,North Wales Police,North Wales Police,-2.994262,53.046739,On or near Supermarket,W01000372,Wrexham 008C,Public order,Defendant found not guilty,
10ca3e5cfc747cb245d51809bb33ecd71a050722af86ba423898b1f9cae10443,2019-01,North Wales Police,North Wales Police,-2.994262,53.046739,On or near Supermarket,W01000372,Wrexham 008C,Public order,Offender given suspended prison sentence,
2156ca28218e3cb67a05b09e0db4afb5f777668f46c08a7976e4557644c13442,2019-01,North Wales Police,North Wales Police,-2.993193,53.046316,On or near Shopping Area,W01000372,Wrexham 008C,Public order,Under investigation,
b7ecf7d8774c9f0ada0583797fbc1f29491fa0aeff90a07b04a14a97c0a56167,2019-01,North Wales Police,North Wales Police,-2.997208,53.047056,On or near Stryt Y Rhaglaw,W01000372,Wrexham 008C,Public order,Unable to prosecute suspect,
c7fbe49e5d60fad55fe9baabc253f266a56ccbccdaa143fe2557ac86a01b5ac2,2019-01,North Wales Police,North Wales Police,-2.994262,53.046739,On or near Supermarket,W01000372,Wrexham 008C,Public order,Offender sent to prison,
412db24e7971accc501959a348c13f7aeb2da299cb3a9368225db917b475cc67,2019-01,North Wales Police,North Wales Police,-3.008411,53.057290,On or near Supermarket,W01000372,Wrexham 008C,Public order,Awaiting court outcome,
fe8dbad7aaf1b39028459259a6bdf786ec668028406a67cee16e5a14c82bcaf7,2019-01,North Wales Police,North Wales Police,-2.993193,53.046316,On or near Shopping Area,W01000372,Wrexham 008C,Public order,Unable to prosecute suspect,
6012a506b1aa6a794b4160d8d98f3ce6809a094b2f9b85780f416289b85cdaf2,2019-01,North Wales Police,North Wales Police,-3.004516,53.057251,On or near Fleming Drive,W01000372,Wrexham 008C,Shoplifting,Investigation complete; no suspect identified,
2919dabfe502effb414628a603cbbf29b322acdafc2cca5c60ddb3cfc48f9570,2019-01,North Wales Police,North Wales Police,-3.004516,53.057251,On or near Fleming Drive,W01000372,Wrexham 008C,Shoplifting,Investigation complete; no suspect identified,
f72a0aa3b2325f86bf2a47673387abd9cb4b80c67f6b03e0a367f73180201f7a,2019-01,North Wales Police,North Wales Police,-2.997208,53.047056,On or near Stryt Y Rhaglaw,W01000372,Wrexham 008C,Shoplifting,Under investigation,
b6c4717cf568c84a120bf9e2d0e3fce3a840e2fffa90d8da8bbda957edf1bb10,2019-01,North Wales Police,North Wales Police,-3.008411,53.057290,On or near Supermarket,W01000372,Wrexham 008C,Shoplifting,Investigation complete; no suspect identified,
c78b498a561cbf4449841a39390456f99596e26994e4fba029a9b28f4a98ad43,2019-01,North Wales Police,North Wales Police,-3.004516,53.057251,On or near Fleming Drive,W01000372,Wrexham 008C,Shoplifting,Investigation complete; no suspect identified,
9fde760277e0f2dca2cd0db02bbab593af72326657431352a0fa3959b4c8f5cb,2019-01,North Wales Police,North Wales Police,-3.004516,53.057251,On or near Fleming Drive,W01000372,Wrexham 008C,Shoplifting,Unable to prosecute suspect,
d4a45866dea52eb22018728d005c862d15c8b3d583c181bdf3c42473d77c58af,2019-01,North Wales Police,North Wales Police,-2.994262,53.046739,On or near Supermarket,W01000372,Wrexham 008C,Theft from the person,Investigation complete; no suspect identified,
04d079378eb4981b34939b58f584167934e4bfcbab9c72144e76b479aa08d60c,2019-01,North Wales Police,North Wales Police,-2.997224,53.050337,On or near Vernon Street,W01000372,Wrexham 008C,Vehicle crime,Under investigation,
e76dc089652681c10106f6b28b09b055da6f6bbbfcad9894720bad27aa3d3a21,2019-01,North Wales Police,North Wales Police,-2.996495,53.047170,On or near Stryt Y Dug,W01000372,Wrexham 008C,Violence and sexual offences,Awaiting court outcome,
b5b8c9f281e710804fa6d3057b43643c05c46fc1ac91fcaa312cb5fd92c94c74,2019-01,North Wales Police,North Wales Police,-2.996307,53.048097,On or near Stryt Y Brenin,W01000372,Wrexham 008C,Violence and sexual offences,Awaiting court outcome,
caeedb9fa005b02ce299be4899fff1f815aefefc11117e532ce627e41b6f4d49,2019-01,North Wales Police,North Wales Police,-2.997208,53.047056,On or near Stryt Y Rhaglaw,W01000372,Wrexham 008C,Violence and sexual offences,Unable to prosecute suspect,
7483aafffe00614f9668652000765f211319063f44411ec79444939d53cbe477,2019-01,North Wales Police,North Wales Police,-2.994262,53.046739,On or near Supermarket,W01000372,Wrexham 008C,Violence and sexual offences,Unable to prosecute suspect,
09b856f2c488fc39a894de05a125471d907125e4b74957ba1d01baf711d8cfdd,2019-01,North Wales Police,North Wales Police,-2.996495,53.047170,On or near Stryt Y Dug,W01000372,Wrexham 008C,Violence and sexual offences,Awaiting court outcome,
4d056d39a9155a9076ba94517436b5727ee95ace837add659a0d2aec08428660,2019-01,North Wales Police,North Wales Police,-3.005207,53.051672,On or near Lilac Way,W01000372,Wrexham 008C,Violence and sexual offences,Under investigation,
01ebd29c7281f2a053ca841877b9df8c2a8ab16c7c0c94c38d8b4506db7e230f,2019-01,North Wales Police,North Wales Police,-2.995471,53.047403,On or near Stryt Egerton,W01000372,Wrexham 008C,Violence and sexual offences,Under investigation,
d0b598bc5f8a383429acd679bad4b04261d988c3767d21ed3aba3337f6e821ee,2019-01,North Wales Police,North Wales Police,-2.991541,53.045189,On or near Yorke Street,W01000372,Wrexham 008C,Violence and sexual offences,Offender fined,
331f02d502fc994a3ed140a5a9ed03a565cf3b818ca14efef6c31bcd200ef40e,2019-01,North Wales Police,North Wales Police,-2.995471,53.047403,On or near Stryt Egerton,W01000372,Wrexham 008C,Violence and sexual offences,Under investigation,
36a87ae2af59c18b16a1d800dd08742c6aea8da54b6f1b38a8aea6d230a3ff3e,2019-01,North Wales Police,North Wales Police,-2.991541,53.045189,On or near Yorke Street,W01000372,Wrexham 008C,Violence and sexual offences,Unable to prosecute suspect,
24412f190157779a301002bb3cd6602aa34df362c5de0fdd65c51cc89a8d9eb5,2019-01,North Wales Police,North Wales Police,-2.996055,53.047515,On or near Supermarket,W01000372,Wrexham 008C,Violence and sexual offences,Unable to prosecute suspect,
65a2ed829167ae0ebff770af4ac8f5d3db056d26d4b26a9b5f244bface3c5772,2019-01,North Wales Police,North Wales Police,-2.996307,53.048097,On or near Stryt Y Brenin,W01000372,Wrexham 008C,Violence and sexual offences,Investigation complete; no suspect identified,
271b3ce4a9bcd663893f1ac73b7ea76a6fa5ad49102ad2dee453c96375a362bf,2019-01,North Wales Police,North Wales Police,-2.996495,53.047170,On or near Stryt Y Dug,W01000372,Wrexham 008C,Violence and sexual offences,Under investigation,
e300b1fd8a11898ee0508abef3d69de60f570ea1d2bc982a05e2de419f587b01,2019-01,North Wales Police,North Wales Police,-3.009374,53.053785,On or near Berse Road,W01000372,Wrexham 008C,Violence and sexual offences,Unable to prosecute suspect,
6220859687ae2758b1e3134353ad0b1e49954abf07a57cf5c60976d1ed7ec7e2,2019-01,North Wales Police,North Wales Police,-2.995471,53.047403,On or near Stryt Egerton,W01000372,Wrexham 008C,Violence and sexual offences,Under investigation,
a4816406a89f5d30af9b4c1a63c5302d370fc60882a14e5811533246918c9efe,2019-01,North Wales Police,North Wales Police,-2.995376,53.050397,On or near Rhossddu Road,W01000372,Wrexham 008C,Violence and sexual offences,Unable to prosecute suspect,
b247a5c7220a33fcff0eb8b1da9cca9b538866b3365a849e8a9d79955054ee89,2019-01,North Wales Police,North Wales Police,-2.996495,53.047170,On or near Stryt Y Dug,W01000372,Wrexham 008C,Violence and sexual offences,Under investigation,
cf3d9106be5992c14ece3fffcc168ab6a7bb39ffd3db180d5c5416267b9b5dda,2019-01,North Wales Police,North Wales Police,-2.992464,53.045091,On or near Stryt Fawr,W01000372,Wrexham 008C,Other crime,Under investigation,
c6a96b19f9dd333110d181b18808fb254c6ef433599572399397909d47cb0977,2019-01,North Wales Police,North Wales Police,-2.991807,53.047685,On or near Stryt Caer,W01000372,Wrexham 008C,Other crime,Under investigation,
225c078ee8b0e7552efeaee24210c2d8a09fe4dee5636fb0a907764f91e7965b,2019-01,North Wales Police,North Wales Police,-2.999525,53.049841,On or near Grosvenor Gardens,W01000372,Wrexham 008C,Other crime,Unable to prosecute suspect,
,2019-01,North Wales Police,North Wales Police,-2.983296,53.069600,On or near Ffordd Llywelyn,W01000387,Wrexham 008D,Anti-social behaviour,,
a383a38877f88fbc0d928071f667f4fafbe6b3da67e10bfc5aa00d08cf8659e4,2019-01,North Wales Police,North Wales Police,-2.988877,53.068251,On or near Gladwyn Road,W01000388,Wrexham 008E,Other theft,Under investigation,
9ceb9d26da1e2b6cc26e139f81e73cdd056081496d051d01787cedcd57cd19c7,2019-01,North Wales Police,North Wales Police,-2.989391,53.068516,On or near Rossett Way,W01000388,Wrexham 008E,Violence and sexual offences,Unable to prosecute suspect,
,2019-01,North Wales Police,North Wales Police,-2.999624,53.061850,On or near Northleigh Grove,W01000422,Wrexham 008F,Anti-social behaviour,,
70429f65a724be8b68fef8e53e926fe460fa163ec75abf5307f660e534a1bbd9,2019-01,North Wales Police,North Wales Police,-3.002584,53.059515,On or near Clarendon Avenue,W01000422,Wrexham 008F,Burglary,Offender otherwise dealt with,
623c9d369bb469a55ff32daca8e4b4899a560bcb1af108df236aed07a573b136,2019-01,North Wales Police,North Wales Police,-3.002219,53.061127,On or near Bryn-A-Glyn,W01000422,Wrexham 008F,Burglary,Under investigation,
7d999b6059ecc72b7df6e6c90571a3cc2d1de672c5c909142ba7e547256b9278,2019-01,North Wales Police,North Wales Police,-3.003712,53.059254,On or near Weston Drive,W01000422,Wrexham 008F,Burglary,Awaiting court outcome,
9d7a6318f281b8af8c1d12ecf791ee8f4c115cae5371c24990e2d6d0e4ea81f9,2019-01,North Wales Police,North Wales Police,-2.992708,53.057638,On or near Eneurys Road,W01000422,Wrexham 008F,Burglary,Under investigation,
eb0e04086ff5b620b54ba12acc9af84ae94cb91610acb9cfb1b9b80558d58aa6,2019-01,North Wales Police,North Wales Police,-3.001353,53.056631,On or near Stansty Road,W01000422,Wrexham 008F,Criminal damage and arson,Investigation complete; no suspect identified,
51b9238df131f5d4e27c3f236d19219d621049d826f7ffeca5142bd9c2eff86d,2019-01,North Wales Police,North Wales Police,-2.997800,53.056526,On or near Wynn Avenue,W01000422,Wrexham 008F,Vehicle crime,Investigation complete; no suspect identified,
2f69436c1768e53fa63256ec47c0829a23306fb12b52fd5a1ea85311bda12dd9,2019-01,North Wales Police,North Wales Police,-2.997800,53.056526,On or near Wynn Avenue,W01000422,Wrexham 008F,Violence and sexual offences,Under investigation,
a61f5d1601955d5a5c43882f2bea80c3751caaf1d63c02a77d7c6331faefa68c,2019-01,North Wales Police,North Wales Police,-2.996773,53.057290,On or near East Avenue,W01000422,Wrexham 008F,Violence and sexual offences,Under investigation,
63569b91e3e1b65a52efccafbaa32bebd66b7b44b933f0ee35f82c59157c01b8,2019-01,North Wales Police,North Wales Police,-2.996773,53.057290,On or near East Avenue,W01000422,Wrexham 008F,Violence and sexual offences,Under investigation,
b9e89b27de372a50d300c19d290c6139fc7bc38c24b6b124e257b7f265eb464c,2019-01,North Wales Police,North Wales Police,-2.999430,53.060575,On or near Southleigh Drive,W01000422,Wrexham 008F,Violence and sexual offences,Formal action is not in the public interest,
bbe208245afbf794bdbac4bae123dee42f094333f4206c13da92978f02906b71,2019-01,North Wales Police,North Wales Police,-2.999078,53.056974,On or near Morgan Avenue,W01000422,Wrexham 008F,Violence and sexual offences,Under investigation,
12f117bb9b81799bb731caa5cf764a78e32ff36f4f3067ad1ebd3c994e141497,2019-01,North Wales Police,North Wales Police,-2.996773,53.057290,On or near East Avenue,W01000422,Wrexham 008F,Violence and sexual offences,Unable to prosecute suspect,
279b9970f51b881b8275531d898feab9bc63524efd84aebb7b1320c3ff6052f7,2019-01,North Wales Police,North Wales Police,-2.996773,53.057290,On or near East Avenue,W01000422,Wrexham 008F,Violence and sexual offences,Under investigation,
6386f5cea366c20fc4a6ca0fcdb74b1c9e432d727b46427fe30baa29b3112b90,2019-01,North Wales Police,North Wales Police,-2.996773,53.057290,On or near East Avenue,W01000422,Wrexham 008F,Other crime,Under investigation,
,2019-01,North Wales Police,North Wales Police,-2.984465,53.062606,On or near Acton Gardens,W01000341,Wrexham 009A,Anti-social behaviour,,
,2019-01,North Wales Police,North Wales Police,-2.977047,53.059251,On or near Aldford Way,W01000341,Wrexham 009A,Anti-social behaviour,,
,2019-01,North Wales Police,North Wales Police,-2.982057,53.064981,On or near Heol Dinas,W01000341,Wrexham 009A,Anti-social behaviour,,
,2019-01,North Wales Police,North Wales Police,-2.976496,53.057296,On or near Sports/Recreation Area,W01000341,Wrexham 009A,Anti-social behaviour,,
,2019-01,North Wales Police,North Wales Police,-2.977047,53.059251,On or near Aldford Way,W01000341,Wrexham 009A,Anti-social behaviour,,
,2019-01,North Wales Police,North Wales Police,-2.979859,53.056262,On or near Oswald Way,W01000341,Wrexham 009A,Anti-social behaviour,,
,2019-01,North Wales Police,North Wales Police,-2.977047,53.059251,On or near Aldford Way,W01000341,Wrexham 009A,Anti-social behaviour,,
7b727eec5706eda38a4e95618fe0c37c8abf39934dbb22c6bf824b1f8a77bde5,2019-01,North Wales Police,North Wales Police,-2.980512,53.058728,On or near Stratford Close,W01000341,Wrexham 009A,Criminal damage and arson,Further investigation is not in the public interest,
1118bbec0a23ca6719b9c0fd30efd8176773e5f54fb637473b7e9bd314ad8928,2019-01,North Wales Police,North Wales Police,-2.982057,53.064981,On or near Heol Dinas,W01000341,Wrexham 009A,Criminal damage and arson,Under investigation,
53727e8ba7dcd79f357c4deaf5dc5a50d0eced721c36969a4832b0d6a835788d,2019-01,North Wales Police,North Wales Police,-2.976496,53.057296,On or near Sports/Recreation Area,W01000341,Wrexham 009A,Criminal damage and arson,Under investigation,
68500989e164db2319235e06c896ee5649e9bd2bdc1a71e55604d438848c92a2,2019-01,North Wales Police,North Wales Police,-2.983706,53.056149,On or near Marsh Crescent,W01000341,Wrexham 009A,Drugs,Under investigation,
2534b6e669d3ef82eec5e5c9defbc0f777a02d85afb0870cc989ccf5d76a21a8,2019-01,North Wales Police,North Wales Police,-2.978946,53.058768,On or near Avon Close,W01000341,Wrexham 009A,Other theft,Unable to prosecute suspect,
19ad3db8fe7fabca886cc9cead7a9055d6d3b38f62c55301ca7ddcd14f79e7b5,2019-01,North Wales Police,North Wales Police,-2.981609,53.055789,On or near The Hawthorns,W01000341,Wrexham 009A,Public order,Investigation complete; no suspect identified,
f67a47e1d1645adf261b3cdc384e70068eb7f937b0ededdb921ab43f6d1f3d2f,2019-01,North Wales Police,North Wales Police,-2.979859,53.056262,On or near Oswald Way,W01000341,Wrexham 009A,Public order,Unable to prosecute suspect,
96d7666429e255e9b31b80b7bdca042c6616cbbe10cb44f8a5a3bbaead1bc87e,2019-01,North Wales Police,North Wales Police,-2.983706,53.056149,On or near Marsh Crescent,W01000341,Wrexham 009A,Shoplifting,Under investigation,
fb4e235fa9dcb45da32c5b8784aa6b3ed7ba2bef0b1d661aa393374d1b2e73a3,2019-01,North Wales Police,North Wales Police,-2.983706,53.056149,On or near Marsh Crescent,W01000341,Wrexham 009A,Shoplifting,Investigation complete; no suspect identified,
80143865a4b69130e1fa5909832bac4215bd924e51fc4574f09401a9c27ef32f,2019-01,North Wales Police,North Wales Police,-2.982792,53.060552,On or near Acton Hall Walks,W01000341,Wrexham 009A,Violence and sexual offences,Under investigation,
cff3cecd954c4babb932fb4a516eb48209df6bc3ef932a3f2423b84522763e99,2019-01,North Wales Police,North Wales Police,-2.978946,53.058768,On or near Avon Close,W01000341,Wrexham 009A,Violence and sexual offences,Action to be taken by another organisation,
7b7bfd79f66165d785656c4250fb2097373fcc9322086e89d19bb395b94a1b53,2019-01,North Wales Police,North Wales Police,-2.982057,53.064981,On or near Heol Dinas,W01000341,Wrexham 009A,Violence and sexual offences,Formal action is not in the public interest,
1bc963ce93b303f9681078e821fd196c59d262084cff252b8778aff4c34db473,2019-01,North Wales Police,North Wales Police,-2.983706,53.056149,On or near Marsh Crescent,W01000341,Wrexham 009A,Violence and sexual offences,Unable to prosecute suspect,
72e8dd4e86676a4cb7b2fa137a09997d44ac43ba40e04ccb158b366c749dd6d3,2019-01,North Wales Police,North Wales Police,-2.982057,53.064981,On or near Heol Dinas,W01000341,Wrexham 009A,Violence and sexual offences,Formal action is not in the public interest,
,2019-01,North Wales Police,North Wales Police,-2.982525,53.058010,On or near Ffordd Gwilym,W01000342,Wrexham 009B,Anti-social behaviour,,
,2019-01,North Wales Police,North Wales Police,-2.986040,53.060346,On or near Grange Close,W01000342,Wrexham 009B,Anti-social behaviour,,
,2019-01,North Wales Police,North Wales Police,-2.984652,53.059674,On or near Pedestrian Subway,W01000342,Wrexham 009B,Anti-social behaviour,,
,2019-01,North Wales Police,North Wales Police,-2.986706,53.056187,On or near Yale Grove,W01000342,Wrexham 009B,Anti-social behaviour,,
a175a0d337f9d086252514a2117c7389e3e42b5c3bc3867cd569372e52165416,2019-01,North Wales Police,North Wales Police,-2.987470,53.055677,On or near The Beeches,W01000342,Wrexham 009B,Burglary,Investigation complete; no suspect identified,
834b64118c497e04312d6b7954fcfa3930162d2b2851162d432d515701df0867,2019-01,North Wales Police,North Wales Police,-2.989331,53.059401,On or near Derwent Crescent,W01000342,Wrexham 009B,Criminal damage and arson,Under investigation,
869d261de24d1ca2f32fa1d58637fa002f015beb804d5f24616e8cbbe984f6a2,2019-01,North Wales Police,North Wales Police,-2.989331,53.059401,On or near Derwent Crescent,W01000342,Wrexham 009B,Criminal damage and arson,Formal action is not in the public interest,
14ae80362c5677e6114a6a224651f23c39e0644064ba06990febce7812a83a0f,2019-01,North Wales Police,North Wales Police,-2.989009,53.056437,On or near Neville Crescent,W01000342,Wrexham 009B,Drugs,Unable to prosecute suspect,
fe07cc075e086e9034842e7f6b4ae8dfc6b42f4da855e5c0e76cc49713015dd6,2019-01,North Wales Police,North Wales Police,-2.989331,53.059401,On or near Derwent Crescent,W01000342,Wrexham 009B,Public order,Formal action is not in the public interest,
1b99029e9e459e5790e6a07164146ca7f7fbf4b54385d6982d01abf69cd10899,2019-01,North Wales Police,North Wales Police,-2.982525,53.058010,On or near Ffordd Gwilym,W01000342,Wrexham 009B,Violence and sexual offences,Formal action is not in the public interest,
323acca12c07379709c8687add61e05f989092410f00d2b0b7ae116c4c2e986d,2019-01,North Wales Police,North Wales Police,-2.982525,53.058010,On or near Ffordd Gwilym,W01000342,Wrexham 009B,Violence and sexual offences,Under investigation,
c699f9a7f951b304b5c39dd0088dfe176618ff101d9cf2b18fff36c5d9a3cd07,2019-01,North Wales Police,North Wales Police,-2.982525,53.058010,On or near Ffordd Gwilym,W01000342,Wrexham 009B,Violence and sexual offences,Under investigation,
78a86bdccc7994fa58ff73639f7f2002935216cad5f986eb45a7823aa83a2040,2019-01,North Wales Police,North Wales Police,-2.986040,53.060346,On or near Grange Close,W01000342,Wrexham 009B,Violence and sexual offences,Unable to prosecute suspect,
b120cf50b908e88de4bd8a385703f95aba07d7615b5579cef68a5c34a06e4cc9,2019-01,North Wales Police,North Wales Police,-2.989009,53.056437,On or near Neville Crescent,W01000342,Wrexham 009B,Violence and sexual offences,Unable to prosecute suspect,
175a2b2dbacc38467f43db6ce7def442fd61560cc5e2d5c740f863b7ddef82bf,2019-01,North Wales Police,North Wales Police,-2.986706,53.056187,On or near Yale Grove,W01000342,Wrexham 009B,Other crime,Under investigation,
,2019-01,North Wales Police,North Wales Police,-2.988667,53.049303,On or near A5152,W01000393,Wrexham 009C,Anti-social behaviour,,
,2019-01,North Wales Police,North Wales Police,-2.989332,53.049045,On or near Police Station,W01000393,Wrexham 009C,Anti-social behaviour,,
,2019-01,North Wales Police,North Wales Police,-2.991638,53.046815,On or near Stryt Caer,W01000393,Wrexham 009C,Anti-social behaviour,,
,2019-01,North Wales Police,North Wales Police,-2.984758,53.051232,On or near Kerry Place,W01000393,Wrexham 009C,Anti-social behaviour,,
,2019-01,North Wales Police,North Wales Police,-2.988048,53.048957,On or near Petrol Station,W01000393,Wrexham 009C,Anti-social behaviour,,
03f02892bb93d27f8e063e609544ceec93cd20e170c522167453ec056f65f552,2019-01,North Wales Police,North Wales Police,-2.986246,53.052361,On or near Park Avenue,W01000393,Wrexham 009C,Burglary,Investigation complete; no suspect identified,
4fd37ec105335046972189e03f457133217cb6541b96fd8a0b0ca1a278cbcf31,2019-01,North Wales Police,North Wales Police,-2.983285,53.053384,On or near Russell Grove,W01000393,Wrexham 009C,Burglary,Investigation complete; no suspect identified,
779bcfdf3c4d27fdfd52e94aeb3d82bd346020a898d2a86bd34c89118e1c32fe,2019-01,North Wales Police,North Wales Police,-2.988667,53.049303,On or near A5152,W01000393,Wrexham 009C,Burglary,Investigation complete; no suspect identified,
fda3a1d1863fb49418c3851d99026c0bf7b6b9a27ff42eedd51962fc0aa240b5,2019-01,North Wales Police,North Wales Police,-2.989332,53.049045,On or near Police Station,W01000393,Wrexham 009C,Criminal damage and arson,Investigation complete; no suspect identified,
709c39c171d15e8d81493ffca7485d8082fc91f26bd858a8c3b5054d129a6f22,2019-01,North Wales Police,North Wales Police,-2.986705,53.053526,On or near Westminster Close,W01000393,Wrexham 009C,Criminal damage and arson,Investigation complete; no suspect identified,
de3340a6854d497cb618c845e3849aab334cbf269c8a28269d3879174b4d18e3,2019-01,North Wales Police,North Wales Police,-2.986246,53.052361,On or near Park Avenue,W01000393,Wrexham 009C,Drugs,Offender given a caution,
cd7ab236fd5c071fb520b67dbc666e5c69ce110ea83af99181ed44dca268586c,2019-01,North Wales Police,North Wales Police,-2.986246,53.052361,On or near Park Avenue,W01000393,Wrexham 009C,Possession of weapons,Offender given a caution,
507645fe7fe22d4f7a8e75a4c1d744eb7d1fe4c7bad8c92c20851cdba7f81fc0,2019-01,North Wales Police,North Wales Police,-2.989332,53.049045,On or near Police Station,W01000393,Wrexham 009C,Public order,Awaiting court outcome,
70a41ce63f1006729aef3be992a1b9fdb7da35ac2b1b0bec500f854649f6cfa4,2019-01,North Wales Police,North Wales Police,-2.991638,53.046815,On or near Stryt Caer,W01000393,Wrexham 009C,Public order,Under investigation,
64d160e5a703511dfc4498538ffac97991a14e21cef27b08756d3cffc7afa328,2019-01,North Wales Police,North Wales Police,-2.984758,53.051232,On or near Kerry Place,W01000393,Wrexham 009C,Shoplifting,Offender given conditional discharge,
ed46d7b4ca5c465914b308240a8d47027aa4593c6b2b41c2ae1763c3bbb1ed6f,2019-01,North Wales Police,North Wales Police,-2.984758,53.051232,On or near Kerry Place,W01000393,Wrexham 009C,Shoplifting,Awaiting court outcome,
be1b7abddb6dde0d61ba3660dc3efecc0682d5d35b73730df1856bc76bd0cde6,2019-01,North Wales Police,North Wales Police,-2.984758,53.051232,On or near Kerry Place,W01000393,Wrexham 009C,Shoplifting,Awaiting court outcome,
3f4d9c60f496a95b22675a00f8d897979487e75d6afa02221bada458d7fddc6b,2019-01,North Wales Police,North Wales Police,-2.984766,53.055502,On or near Beechlands,W01000393,Wrexham 009C,Vehicle crime,Investigation complete; no suspect identified,
072948810f52f0b94fad70d57f5273c34076219052b4c2e872e40772e94ae7cb,2019-01,North Wales Police,North Wales Police,-2.989332,53.049045,On or near Police Station,W01000393,Wrexham 009C,Violence and sexual offences,Investigation complete; no suspect identified,
1cca9bbecf0011c4cb6eca355485be0eabd846eeb0efdbb8da915c5bd48357c4,2019-01,North Wales Police,North Wales Police,-2.984766,53.055502,On or near Beechlands,W01000393,Wrexham 009C,Violence and sexual offences,Unable to prosecute suspect,
23fc8e60bf6373ecbf04d9634e684a87b7f6a09bb85ecf55203d9ca2ecb421c0,2019-01,North Wales Police,North Wales Police,-2.984766,53.055502,On or near Beechlands,W01000393,Wrexham 009C,Violence and sexual offences,Unable to prosecute suspect,
1edadec9eee46534aaf1f206e61ea5a08d69cce10a4eed4987c294674f21e5cf,2019-01,North Wales Police,North Wales Police,-2.982442,53.053040,On or near Ffordd Edgeworth,W01000393,Wrexham 009C,Violence and sexual offences,Unable to prosecute suspect,
13c8962d6fd80d7459259ca9574963afee5668786283491299336f640758001f,2019-01,North Wales Police,North Wales Police,-2.980056,53.053096,On or near Ffordd Maelor,W01000393,Wrexham 009C,Violence and sexual offences,Action to be taken by another organisation,
32ebdf38c74ec17c2832a5dc6d52cef88f3d61c2498c683156f19caf381b22a2,2019-01,North Wales Police,North Wales Police,-2.982442,53.053040,On or near Ffordd Edgeworth,W01000393,Wrexham 009C,Violence and sexual offences,Under investigation,
27c75905dab2d01c8550d69a3f3d253715a7e4c179360b8f56418d261871cf8b,2019-01,North Wales Police,North Wales Police,-2.983285,53.053384,On or near Russell Grove,W01000393,Wrexham 009C,Violence and sexual offences,Unable to prosecute suspect,
31701f2f1984ab50819f0edc6fec39c08d78cea65fe1862277542815c7ba1f33,2019-01,North Wales Police,North Wales Police,-2.984758,53.051232,On or near Kerry Place,W01000393,Wrexham 009C,Other crime,Investigation complete; no suspect identified,
,2019-01,North Wales Police,North Wales Police,-2.969580,53.050988,On or near Sports/Recreation Area,W01000352,Wrexham 010A,Anti-social behaviour,,
,2019-01,North Wales Police,North Wales Police,-2.972076,53.051849,On or near Almond Grove,W01000352,Wrexham 010A,Anti-social behaviour,,
,2019-01,North Wales Police,North Wales Police,-2.972076,53.051849,On or near Almond Grove,W01000352,Wrexham 010A,Anti-social behaviour,,
99d1b800e1172f2bb82afd229d170124a702b291fcaa16d2f93b9e9e9e8ef7df,2019-01,North Wales Police,North Wales Police,-2.966951,53.055486,On or near Yr Hen Erddi,W01000352,Wrexham 010A,Burglary,Investigation complete; no suspect identified,
e68a8a6e4f7d4dc93ec6b7571717e1aaa2b828c3bb9f3dc10ccf9f14b9a40c52,2019-01,North Wales Police,North Wales Police,-2.966951,53.055486,On or near Yr Hen Erddi,W01000352,Wrexham 010A,Burglary,Investigation complete; no suspect identified,
5fcfb3f90c8e6995be99f5b781d9a0e07e5c77ece2d4ed0c449d26a28489bd68,2019-01,North Wales Police,North Wales Police,-2.970474,53.052275,On or near Rose Grove,W01000352,Wrexham 010A,Criminal damage and arson,Under investigation,
9589b0a7c7724a6ea5a65b533575ae735e9e11da214f0a62de4332095b6955f9,2019-01,North Wales Police,North Wales Police,-2.969580,53.050988,On or near Sports/Recreation Area,W01000352,Wrexham 010A,Other theft,Under investigation,
925013fe0b562bef59c07b22d6ad8fedbab4c56750d2776ebec9f55e155123a3,2019-01,North Wales Police,North Wales Police,-2.969693,53.052686,On or near Woodland Grove,W01000352,Wrexham 010A,Other theft,Investigation complete; no suspect identified,
673e00c41a0387cedc9ba0fa4604539fb5a24fe9a57e3bf663eb48b942271360,2019-01,North Wales Police,North Wales Police,-2.971047,53.053179,On or near Petrol Station,W01000352,Wrexham 010A,Other theft,Investigation complete; no suspect identified,
23ad62066d94bb9a3f9520d1ca7423b7b8d55ae29e4b3ff602ca75c6c54b8a4b,2019-01,North Wales Police,North Wales Police,-2.969580,53.050988,On or near Sports/Recreation Area,W01000352,Wrexham 010A,Violence and sexual offences,Action to be taken by another organisation,
0f397b5833c29d5973b76ec1e524f029357046b2d00934304c2f1e3e674787cb,2019-01,North Wales Police,North Wales Police,-2.971811,53.051338,On or near Holly Grove,W01000352,Wrexham 010A,Violence and sexual offences,Formal action is not in the public interest,
72b739cabb247d4f51addd3d8ed2c5bf386fcfd481db98b2d8d48fd9ed82ea86,2019-01,North Wales Police,North Wales Police,-2.972076,53.051849,On or near Almond Grove,W01000352,Wrexham 010A,Violence and sexual offences,Action to be taken by another organisation,
,2019-01,North Wales Police,North Wales Police,-2.967607,53.046806,On or near Tryweryn Place,W01000353,Wrexham 010B,Anti-social behaviour,,
,2019-01,North Wales Police,North Wales Police,-2.967607,53.046806,On or near Tryweryn Place,W01000353,Wrexham 010B,Anti-social behaviour,,
,2019-01,North Wales Police,North Wales Police,-2.967884,53.048512,On or near Ernest Parry Road,W01000353,Wrexham 010B,Anti-social behaviour,,
,2019-01,North Wales Police,North Wales Police,-2.967607,53.046806,On or near Tryweryn Place,W01000353,Wrexham 010B,Anti-social behaviour,,
5021eefb1d720f8b1c3615538eecebe511502809f58606beeac4b177f4ea8058,2019-01,North Wales Police,North Wales Police,-2.970533,53.046252,On or near Burnham Gardens,W01000353,Wrexham 010B,Bicycle theft,Under investigation,
b18ac888a92821b62871e3803920b208fc6b94fcad556f8b5d0440df56c0c34a,2019-01,North Wales Police,North Wales Police,-2.969556,53.045253,On or near Havard Way,W01000353,Wrexham 010B,Criminal damage and arson,Investigation complete; no suspect identified,
d8e67d95c3a1ecf6c71c01b6b9ac5d60048a20ef010b25e51a8dc75f93e30d35,2019-01,North Wales Police,North Wales Police,-2.967607,53.046806,On or near Tryweryn Place,W01000353,Wrexham 010B,Criminal damage and arson,Unable to prosecute suspect,
66daffdb3129c15e39a7f6382dc509e2a258aa55348f13f72402e9e891776811,2019-01,North Wales Police,North Wales Police,-2.970533,53.046252,On or near Burnham Gardens,W01000353,Wrexham 010B,Public order,Unable to prosecute suspect,
4eaa9f0a19ed53dfab2f3d6f463d5027f9765d4199ebcec20a125ebb295dab7c,2019-01,North Wales Police,North Wales Police,-2.970704,53.047212,On or near Kingsley Circle,W01000353,Wrexham 010B,Shoplifting,Investigation complete; no suspect identified,
92a7994ef9e067c6ba198e4e5b594c7eadc104aeb82345659440c60b3d5e1d7f,2019-01,North Wales Police,North Wales Police,-2.969556,53.045253,On or near Havard Way,W01000353,Wrexham 010B,Violence and sexual offences,Unable to prosecute suspect,
7ce6a3ee4b44f1fb250e94144993cb603d624171f501f3f79c5e6f15b20be161,2019-01,North Wales Police,North Wales Police,-2.970533,53.046252,On or near Burnham Gardens,W01000353,Wrexham 010B,Violence and sexual offences,Unable to prosecute suspect,
da4abb804a4602ce79522be08a593f17ac9fc15d6f06bd0dcb84a67dcab09e86,2019-01,North Wales Police,North Wales Police,-2.970533,53.046252,On or near Burnham Gardens,W01000353,Wrexham 010B,Violence and sexual offences,Unable to prosecute suspect,
70ae728026c9ff017f67dc2d8577048a3bf3b4decd8624c77b845f45d1eabb02,2019-01,North Wales Police,North Wales Police,-2.970533,53.046252,On or near Burnham Gardens,W01000353,Wrexham 010B,Violence and sexual offences,Unable to prosecute suspect,
69d5b23436152b925033d2df88dd80ab08524390a37c3a39dad9cbdb4315f022,2019-01,North Wales Police,North Wales Police,-2.967884,53.048512,On or near Ernest Parry Road,W01000353,Wrexham 010B,Violence and sexual offences,Unable to prosecute suspect,
565713bbbf037d785a98abb84d7dd38c1270275d3bbfe63cbeb42bae308b585f,2019-01,North Wales Police,North Wales Police,-2.969556,53.045253,On or near Havard Way,W01000353,Wrexham 010B,Violence and sexual offences,Unable to prosecute suspect,
638f347a57e2ce077be297200e13d1d910a24c23fec0d59699735fc505a7b46b,2019-01,North Wales Police,North Wales Police,-2.966429,53.045521,On or near Bryn Eglwys Road,W01000353,Wrexham 010B,Violence and sexual offences,Court case unable to proceed,
5299ea40b661224bd6b9b927ee4e5c48d09dbea1bef4c961f9ad6e44cd5fe1e1,2019-01,North Wales Police,North Wales Police,-2.967884,53.048512,On or near Ernest Parry Road,W01000353,Wrexham 010B,Violence and sexual offences,Under investigation,
ec32aa797ae829103855fe6a6a93d93dde6f612de45d54260951727704635bf8,2019-01,North Wales Police,North Wales Police,-2.969556,53.045253,On or near Havard Way,W01000353,Wrexham 010B,Violence and sexual offences,Unable to prosecute suspect,
6210e5ae27953c5cee568be5daa9c5c835d114da8d6266ebdf2f70e728fc2f43,2019-01,North Wales Police,North Wales Police,-2.966429,53.045521,On or near Bryn Eglwys Road,W01000353,Wrexham 010B,Violence and sexual offences,Unable to prosecute suspect,
cb64c8e8f552f78fdd0e658b375ae1a40f2af8584542875b60941d03dff9186e,2019-01,North Wales Police,North Wales Police,-2.969556,53.045253,On or near Havard Way,W01000353,Wrexham 010B,Violence and sexual offences,Under investigation,
,2019-01,North Wales Police,North Wales Police,-2.972341,53.041095,On or near Supermarket,W01000413,Wrexham 010C,Anti-social behaviour,,
,2019-01,North Wales Police,North Wales Police,-2.972341,53.041095,On or near Supermarket,W01000413,Wrexham 010C,Anti-social behaviour,,
,2019-01,North Wales Police,North Wales Police,-2.972341,53.041095,On or near Supermarket,W01000413,Wrexham 010C,Anti-social behaviour,,
,2019-01,North Wales Police,North Wales Police,-2.972341,53.041095,On or near Supermarket,W01000413,Wrexham 010C,Anti-social behaviour,,
,2019-01,North Wales Police,North Wales Police,-2.972341,53.041095,On or near Supermarket,W01000413,Wrexham 010C,Anti-social behaviour,,
629b5004bb5c2f7df700834c1f07b66cd4abec6f8cd802b2ebe1f22d05f7064c,2019-01,North Wales Police,North Wales Police,-2.972341,53.041095,On or near Supermarket,W01000413,Wrexham 010C,Criminal damage and arson,Investigation complete; no suspect identified,
61ea735bc11fc2ce132920fc956e7d2ccc270cbd57056b45675026d86f3a2b7e,2019-01,North Wales Police,North Wales Police,-2.972341,53.041095,On or near Supermarket,W01000413,Wrexham 010C,Criminal damage and arson,Investigation complete; no suspect identified,
bc290ee1e1b4ad58dc4a5fcc3ffd97a2b476a6fa5782ac49a5964a5f9e825fa2,2019-01,North Wales Police,North Wales Police,-2.972341,53.041095,On or near Supermarket,W01000413,Wrexham 010C,Criminal damage and arson,Investigation complete; no suspect identified,
d19e7bf1d2367f42b3a13b555e01fa3dbdafcea79c116db91742b23e0a09c490,2019-01,North Wales Police,North Wales Police,-2.972341,53.041095,On or near Supermarket,W01000413,Wrexham 010C,Criminal damage and arson,Action to be taken by another organisation,
8772844e0fb9b57649e035d8921c7e94b55d4fa8b85bbcad6e010ac20608c06c,2019-01,North Wales Police,North Wales Police,-2.971582,53.043816,On or near Prince Charles Road,W01000413,Wrexham 010C,Criminal damage and arson,Unable to prosecute suspect,
bddc7e8baf7df8b40f7ff6adf578652b80e5010887c497d92a84da0962016d38,2019-01,North Wales Police,North Wales Police,-2.971582,53.043816,On or near Prince Charles Road,W01000413,Wrexham 010C,Public order,Under investigation,
35e4e5487d01a7beaf588ac58dd542dc20f225656d641c5657d8923e6201d0ed,2019-01,North Wales Police,North Wales Police,-2.971582,53.043816,On or near Prince Charles Road,W01000413,Wrexham 010C,Vehicle crime,Investigation complete; no suspect identified,
233802d6673d22a9f9611d530a5110022232906b6376622267b0ff59677721ec,2019-01,North Wales Police,North Wales Police,-2.971582,53.043816,On or near Prince Charles Road,W01000413,Wrexham 010C,Violence and sexual offences,Under investigation,
d73adcc00e0be3cd814bf17a047a0e848e38355404e8d6a6f71692de340ee18e,2019-01,North Wales Police,North Wales Police,-2.971582,53.043816,On or near Prince Charles Road,W01000413,Wrexham 010C,Violence and sexual offences,Under investigation,
be168d1cb244a9de2217d2da25df0e164ea9949deae2ee4eb36ad898e7466686,2019-01,North Wales Police,North Wales Police,-2.971582,53.043816,On or near Prince Charles Road,W01000413,Wrexham 010C,Violence and sexual offences,Under investigation,
86a493585977be5aa70c08957ab63d1418d4bbd9dda3361c5fd5eb1db19baa21,2019-01,North Wales Police,North Wales Police,-2.972341,53.041095,On or near Supermarket,W01000413,Wrexham 010C,Violence and sexual offences,Awaiting court outcome,
b39d4ada43b43f84416e9497f01b866cd1fd924b96f8f685582b686e97016a80,2019-01,North Wales Police,North Wales Police,-2.972341,53.041095,On or near Supermarket,W01000413,Wrexham 010C,Violence and sexual offences,Unable to prosecute suspect,
661ea39528bc32deea5df725dfac6107ca803dcf165b4f276901da9257cec3e4,2019-01,North Wales Police,North Wales Police,-2.972341,53.041095,On or near Supermarket,W01000413,Wrexham 010C,Violence and sexual offences,Unable to prosecute suspect,
5a34488f07845b6e1a631aa9984be4d044693099ae7fa90bd0c629665d625ef8,2019-01,North Wales Police,North Wales Police,-2.971582,53.043816,On or near Prince Charles Road,W01000413,Wrexham 010C,Violence and sexual offences,Under investigation,
c4401c6bb56c27c5004d16b0ca8a619cbf43d48e4b92ceecbf8c47bdd9da5eff,2019-01,North Wales Police,North Wales Police,-2.972341,53.041095,On or near Supermarket,W01000413,Wrexham 010C,Violence and sexual offences,Awaiting court outcome,
d37bbf389f11183c190bc3a85d14c35fd0f3a1d3b6c44176bd3e2fe00bcaf8b2,2019-01,North Wales Police,North Wales Police,-2.971582,53.043816,On or near Prince Charles Road,W01000413,Wrexham 010C,Violence and sexual offences,Under investigation,
ed226d9f2f5d7f645b174d7d80f2d9cae7698360bac58a84dc1b36d6646e3137,2019-01,North Wales Police,North Wales Police,-2.971582,53.043816,On or near Prince Charles Road,W01000413,Wrexham 010C,Violence and sexual offences,Under investigation,
a927b5e00e0be033a3e15788e8dd1c7a00369c7bd53c40c4f2366bffd28c06c3,2019-01,North Wales Police,North Wales Police,-2.972341,53.041095,On or near Supermarket,W01000413,Wrexham 010C,Violence and sexual offences,Unable to prosecute suspect,
60af74dc03b4842c3101cfd88fc466a9fb56a51e3df57f5b925470a29ac1e15a,2019-01,North Wales Police,North Wales Police,-2.971582,53.043816,On or near Prince Charles Road,W01000413,Wrexham 010C,Violence and sexual offences,Under investigation,
,2019-01,North Wales Police,North Wales Police,-2.965154,53.043203,On or near Arenig Road,W01000414,Wrexham 010D,Anti-social behaviour,,
,2019-01,North Wales Police,North Wales Police,-2.968269,53.041065,On or near Anthony Eden Drive,W01000414,Wrexham 010D,Anti-social behaviour,,
,2019-01,North Wales Police,North Wales Police,-2.968269,53.041065,On or near Anthony Eden Drive,W01000414,Wrexham 010D,Anti-social behaviour,,
,2019-01,North Wales Police,North Wales Police,-2.965154,53.043203,On or near Arenig Road,W01000414,Wrexham 010D,Anti-social behaviour,,
c32a056e717ba461cfaba1450b8eec26a92032f173903de4ca3ad9f9b8c0f044,2019-01,North Wales Police,North Wales Police,-2.968269,53.041065,On or near Anthony Eden Drive,W01000414,Wrexham 010D,Criminal damage and arson,Unable to prosecute suspect,
52cc54c7633ce410ea699cdcaf0d78aac721060f488c60cf3c25e8ef8ca0f11e,2019-01,North Wales Police,North Wales Police,-2.968269,53.041065,On or near Anthony Eden Drive,W01000414,Wrexham 010D,Criminal damage and arson,Under investigation,
d393704c0b6e659d6ec3a6b95ee8456657582bba51f6e8dbbc22a8a9b4720434,2019-01,North Wales Police,North Wales Police,-2.968269,53.041065,On or near Anthony Eden Drive,W01000414,Wrexham 010D,Criminal damage and arson,Investigation complete; no suspect identified,
65247e9a84cc0a37b68eb72c4c92223725208d03b821723b1584d731b6f7fc81,2019-01,North Wales Police,North Wales Police,-2.968269,53.041065,On or near Anthony Eden Drive,W01000414,Wrexham 010D,Other theft,Unable to prosecute suspect,
15905d51a040c475f655a7ef3d99de0abd81082ec970bb888c031e5b1c3d8ac7,2019-01,North Wales Police,North Wales Police,-2.968269,53.041065,On or near Anthony Eden Drive,W01000414,Wrexham 010D,Other theft,Unable to prosecute suspect,
66d5bf2891e3d22df1f5612e36b5bbef88f55ac48054ed32b8298f598e9f778f,2019-01,North Wales Police,North Wales Police,-2.968269,53.041065,On or near Anthony Eden Drive,W01000414,Wrexham 010D,Other theft,Under investigation,
08ba30d997138b92d8ffcc8f9a009188e945bef17d7b33d3ac168c4579fcdc90,2019-01,North Wales Police,North Wales Police,-2.968269,53.041065,On or near Anthony Eden Drive,W01000414,Wrexham 010D,Public order,Investigation complete; no suspect identified,
8f7d4757855610136b8bfcfae5dc0b3862f050ae1e8d368dfc50fd6a3086c50b,2019-01,North Wales Police,North Wales Police,-2.968269,53.041065,On or near Anthony Eden Drive,W01000414,Wrexham 010D,Violence and sexual offences,Unable to prosecute suspect,
4dd9ba2be05c11e4f8b62d93cfb87de31d79358e346e6a04984eb7caa382369c,2019-01,North Wales Police,North Wales Police,-2.968269,53.041065,On or near Anthony Eden Drive,W01000414,Wrexham 010D,Violence and sexual offences,Unable to prosecute suspect,
2d7a6a8dccd2543516908c7a8eb6402107b000151482949589f84031fcffedf7,2019-01,North Wales Police,North Wales Police,-2.968269,53.041065,On or near Anthony Eden Drive,W01000414,Wrexham 010D,Violence and sexual offences,Unable to prosecute suspect,
1f791b8889ae22393a8b168072c39edeaed7b269db31baf0282d64bc70fcc665,2019-01,North Wales Police,North Wales Police,-2.968269,53.041065,On or near Anthony Eden Drive,W01000414,Wrexham 010D,Violence and sexual offences,Unable to prosecute suspect,
34b526020b615ca205201638d3324cd73e280831bc6e965a0adb89a578d5369d,2019-01,North Wales Police,North Wales Police,-2.968269,53.041065,On or near Anthony Eden Drive,W01000414,Wrexham 010D,Violence and sexual offences,Under investigation,
2872431582dcc87fbe330bbe0ce09454418c2d0613c48160995986b96ce46a30,2019-01,North Wales Police,North Wales Police,-2.968269,53.041065,On or near Anthony Eden Drive,W01000414,Wrexham 010D,Violence and sexual offences,Unable to prosecute suspect,
17494aae6d49e75625008bbbc7cef3c27ade57e966bb50c04291ca2f16843917,2019-01,North Wales Police,North Wales Police,-2.968269,53.041065,On or near Anthony Eden Drive,W01000414,Wrexham 010D,Violence and sexual offences,Further investigation is not in the public interest,
,2019-01,North Wales Police,North Wales Police,-2.976914,53.050074,On or near Moorland Avenue,W01000425,Wrexham 010E,Anti-social behaviour,,
,2019-01,North Wales Police,North Wales Police,-2.973241,53.047920,On or near Cranford Road,W01000425,Wrexham 010E,Anti-social behaviour,,
,2019-01,North Wales Police,North Wales Police,-2.979812,53.050248,On or near Archer'S Way,W01000425,Wrexham 010E,Anti-social behaviour,,
,2019-01,North Wales Police,North Wales Police,-2.979794,53.049439,On or near Trevenna Way,W01000425,Wrexham 010E,Anti-social behaviour,,
,2019-01,North Wales Police,North Wales Police,-2.979794,53.049439,On or near Trevenna Way,W01000425,Wrexham 010E,Anti-social behaviour,,
aaab66bcdde63c376dc8fb5bf4afbcc96160542f5285d525bd8eadc8e3c2631e,2019-01,North Wales Police,North Wales Police,-2.979129,53.048393,On or near West Circle,W01000425,Wrexham 010E,Burglary,Investigation complete; no suspect identified,
fdcfc956fbe56252d72d888ed304cf976af94ca78b0594cc7db2d65efa28c922,2019-01,North Wales Police,North Wales Police,-2.976914,53.050074,On or near Moorland Avenue,W01000425,Wrexham 010E,Burglary,Investigation complete; no suspect identified,
7096401f17f8584997fac7d5079e364e726cc714dcd8fad17262f9294e26bdda,2019-01,North Wales Police,North Wales Police,-2.978968,53.050525,On or near Churton Drive,W01000425,Wrexham 010E,Criminal damage and arson,Unable to prosecute suspect,
76e342c04bf04119093c5a803bee803f07395a265aa2c230b2dfe97532fa9fbe,2019-01,North Wales Police,North Wales Police,-2.980130,53.045832,On or near Meadow Lea,W01000425,Wrexham 010E,Criminal damage and arson,Investigation complete; no suspect identified,
7e0659b9c3604d3d2d8f5e1bddc12a0a9f6560dded537fef0260cc91583c6f23,2019-01,North Wales Police,North Wales Police,-2.973482,53.049374,On or near Broxton Road,W01000425,Wrexham 010E,Criminal damage and arson,Under investigation,
90a362edd2476ac87e0ff74e2478091eb595b154305917f858671ae84f1db548,2019-01,North Wales Police,North Wales Police,-2.975100,53.049028,On or near Deva Way,W01000425,Wrexham 010E,Other theft,Unable to prosecute suspect,
db14afd080f2b10adfc7404ac4e4ee4bdc39a94cbe88a65ed8f99599c1e21209,2019-01,North Wales Police,North Wales Police,-2.980912,53.049421,On or near Crossways,W01000425,Wrexham 010E,Other theft,Investigation complete; no suspect identified,
4c3e51f7aa0b2c46f4d8c27ecb1ef11830c140c3322168ba9a94a1a32d0b8fed,2019-01,North Wales Police,North Wales Police,-2.979794,53.049439,On or near Trevenna Way,W01000425,Wrexham 010E,Other theft,Investigation complete; no suspect identified,
75de7ff2fd12803c70ff2e3bd6d1bef3038fb9026cbed8ebaeb039a60da3af71,2019-01,North Wales Police,North Wales Police,-2.982119,53.050013,On or near Hill Crest,W01000425,Wrexham 010E,Public order,Under investigation,
d41a2f3db9bbd3f2baf765d8cd8621f72de9a6a12c6af5ee7d5208aa6fd1192f,2019-01,North Wales Police,North Wales Police,-2.980912,53.049421,On or near Crossways,W01000425,Wrexham 010E,Public order,Unable to prosecute suspect,
0e96faeb0f66a54dd91b598b721a9d71cdee3338b656e2ebff2223a100b40780,2019-01,North Wales Police,North Wales Police,-2.980130,53.045832,On or near Meadow Lea,W01000425,Wrexham 010E,Public order,Unable to prosecute suspect,
a0d837f3d95e7aed36444043f84493da331403f1d2176b67962b3de70a30ae88,2019-01,North Wales Police,North Wales Police,-2.972133,53.047767,On or near Rosewood Avenue,W01000425,Wrexham 010E,Violence and sexual offences,Unable to prosecute suspect,
859a62f03c6a58c4fdc76256d60cf4e801b426086c7dde5f5b4b9ac0c8046530,2019-01,North Wales Police,North Wales Police,-2.978219,53.048400,On or near Garner Road,W01000425,Wrexham 010E,Violence and sexual offences,Under investigation,
0c8608afd03610f95c4e10a3852ae6393c2ef5a4d86576fde3ed70624a308002,2019-01,North Wales Police,North Wales Police,-2.973482,53.049374,On or near Broxton Road,W01000425,Wrexham 010E,Violence and sexual offences,Unable to prosecute suspect,
b77f1b4727fa3793d2fa5610632c04e9d807cabd21e28066b116b3edbe7232d7,2019-01,North Wales Police,North Wales Police,-2.980912,53.049421,On or near Crossways,W01000425,Wrexham 010E,Violence and sexual offences,Unable to prosecute suspect,
c62e9135e28d4846477540a81f1765ed8f203e41ae40a03f728010e697c5b572,2019-01,North Wales Police,North Wales Police,-2.976914,53.050074,On or near Moorland Avenue,W01000425,Wrexham 010E,Violence and sexual offences,Unable to prosecute suspect,
319ea53e3c7f59f0af5884a8b640e40b6d51908b4b8f5b70e071ec1ff3a96235,2019-01,North Wales Police,North Wales Police,-2.972133,53.047767,On or near Rosewood Avenue,W01000425,Wrexham 010E,Violence and sexual offences,Unable to prosecute suspect,
56fc0b9a745568132b90a630a4be4ec3e795c412d0ad6f20b437984b2378e006,2019-01,North Wales Police,North Wales Police,-2.972133,53.047767,On or near Rosewood Avenue,W01000425,Wrexham 010E,Violence and sexual offences,Unable to prosecute suspect,
7c653aec5a1733ec064712b29c58debab45bd46c3d7d4e788767f97a33350bef,2019-01,North Wales Police,North Wales Police,-2.978219,53.048400,On or near Garner Road,W01000425,Wrexham 010E,Violence and sexual offences,Under investigation,
c81ff0c39dfd437b50a6d1529a86d7c0a6aa23d83b4d733aae8ebfaca563a79a,2019-01,North Wales Police,North Wales Police,-2.981675,53.047545,On or near Montgomery Road,W01000425,Wrexham 010E,Violence and sexual offences,Under investigation,
3d204395496cd58cd81fa2489674da8127e19aeee206e14440adaad9070e4137,2019-01,North Wales Police,North Wales Police,-2.972133,53.047767,On or near Rosewood Avenue,W01000425,Wrexham 010E,Violence and sexual offences,Under investigation,
18c5fee26b6700dd1cdf4676ea8f007c5feb45000039c8d7ebf25167cb3ddd0d,2019-01,North Wales Police,North Wales Police,-2.979794,53.049439,On or near Trevenna Way,W01000425,Wrexham 010E,Violence and sexual offences,Unable to prosecute suspect,
d925da0ba9c2ecea9fcc036ac69997e43f7349ad689e72ed188ad025baef36e2,2019-01,North Wales Police,North Wales Police,-2.972133,53.047767,On or near Rosewood Avenue,W01000425,Wrexham 010E,Violence and sexual offences,Unable to prosecute suspect,
20369bdf448bc2be60027886c49bde9245d6bc6cb6c9501d642c400b4f47f283,2019-01,North Wales Police,North Wales Police,-2.979794,53.049439,On or near Trevenna Way,W01000425,Wrexham 010E,Violence and sexual offences,Under investigation,
ffa0ab1e4a28e3bfebd3b2f77e145a071de2079b5d1b6d557d5576d76b3ca686,2019-01,North Wales Police,North Wales Police,-2.974014,53.049801,On or near Ferndale,W01000425,Wrexham 010E,Violence and sexual offences,Action to be taken by another organisation,
12ec8ccfe00957eefaa7e65191f50de4308d75a0fbf6a819b78ca861a7ca8da8,2019-01,North Wales Police,North Wales Police,-2.976457,53.048990,On or near Wynnstay Avenue,W01000425,Wrexham 010E,Violence and sexual offences,Unable to prosecute suspect,
84cf6cea3752d1c8959a87daf69c33a89b7f26a88824954090546a0f6d54fbec,2019-01,North Wales Police,North Wales Police,-2.978968,53.050525,On or near Churton Drive,W01000425,Wrexham 010E,Violence and sexual offences,Action to be taken by another organisation,
5db6011061d009f536b04dab0659bf9528a4a1785ea79fca4767d9819c4ca55a,2019-01,North Wales Police,North Wales Police,-2.974014,53.049801,On or near Ferndale,W01000425,Wrexham 010E,Violence and sexual offences,Action to be taken by another organisation,
1d9207c8aaa9bd9c975c3038fee63fcf0daf3f50b4c6eb949549267ed575e420,2019-01,North Wales Police,North Wales Police,-2.980130,53.045832,On or near Meadow Lea,W01000425,Wrexham 010E,Violence and sexual offences,Under investigation,
136bd508b39295e6a5a455799fba65eeac638ea575f1510588db62802958505a,2019-01,North Wales Police,North Wales Police,-2.976457,53.048990,On or near Wynnstay Avenue,W01000425,Wrexham 010E,Violence and sexual offences,Unable to prosecute suspect,
df612d1c13d978e50f2cc9603f210f283ef3df13447abaa51e18ba461fa7a8b7,2019-01,North Wales Police,North Wales Police,-2.980514,53.047635,On or near St Giles Crescent,W01000425,Wrexham 010E,Violence and sexual offences,Unable to prosecute suspect,
1b6823bb46c1e361a84de8a78dd70bafb3f8d43af825bfce2fe18c66b0dd8399,2019-01,North Wales Police,North Wales Police,-2.976457,53.048990,On or near Wynnstay Avenue,W01000425,Wrexham 010E,Violence and sexual offences,Unable to prosecute suspect,
62a98da3b03304a4b6818741c58a025b4b539bd0ee520b342ef6d60c1696777a,2019-01,North Wales Police,North Wales Police,-2.981675,53.047545,On or near Montgomery Road,W01000425,Wrexham 010E,Violence and sexual offences,Action to be taken by another organisation,
4d81985b6686d366f194552272a5ea3e19003f93d26855ca036f586fd140d36d,2019-01,North Wales Police,North Wales Police,-2.979794,53.049439,On or near Trevenna Way,W01000425,Wrexham 010E,Violence and sexual offences,Under investigation,
203021a8c00c50210ad3c6dc47446fa864ef6f2b10e5c7df39b6f8156ef3b0b0,2019-01,North Wales Police,North Wales Police,-2.977999,53.049894,On or near Cheshire View,W01000425,Wrexham 010E,Other crime,Unable to prosecute suspect,
3a97d82aa93cab4dd04d17c164d7be5d2bbf70599d82163c25eaf4d5ad0d37c6,2019-01,North Wales Police,North Wales Police,-2.977999,53.049894,On or near Cheshire View,W01000425,Wrexham 010E,Other crime,Under investigation,
,2019-01,North Wales Police,North Wales Police,-3.008973,53.041752,On or near Centenary Road,W01000349,Wrexham 011A,Anti-social behaviour,,
,2019-01,North Wales Police,North Wales Police,-3.008280,53.043367,On or near Ruthin Road,W01000349,Wrexham 011A,Anti-social behaviour,,
,2019-01,North Wales Police,North Wales Police,-3.010804,53.047957,On or near Croesnewydd Road,W01000349,Wrexham 011A,Anti-social behaviour,,
,2019-01,North Wales Police,North Wales Police,-3.010195,53.046164,On or near Hospital,W01000349,Wrexham 011A,Anti-social behaviour,,
30fd9d10fe0e8bb4edbc3bafeb68c93ce6ca9deefc0d2c10194039d4287bfd95,2019-01,North Wales Police,North Wales Police,-3.010805,53.039084,On or near Daisybank Close,W01000349,Wrexham 011A,Drugs,Formal action is not in the public interest,
de53060e9504c09e6975d8a7977302c517c52cab2df7334b40909fa3b63e4bf6,2019-01,North Wales Police,North Wales Police,-3.010804,53.047957,On or near Croesnewydd Road,W01000349,Wrexham 011A,Other theft,Unable to prosecute suspect,
38b0e7998ea470abc575b22138b4ba15f655b5579cb9585ee04eb05dca8a25ed,2019-01,North Wales Police,North Wales Police,-3.010805,53.039084,On or near Daisybank Close,W01000349,Wrexham 011A,Other theft,Under investigation,
354b16627050efc255a7a54714b3d49f25b063c3d8a6d6fdd96063a44cb4778f,2019-01,North Wales Police,North Wales Police,-3.010804,53.047957,On or near Croesnewydd Road,W01000349,Wrexham 011A,Other theft,Investigation complete; no suspect identified,
e366069b08d0de436d1b6556961cc777ca178cc4f30d5dc2d7123e46b27beea0,2019-01,North Wales Police,North Wales Police,-3.007878,53.051712,On or near Yale Park,W01000349,Wrexham 011A,Other theft,Investigation complete; no suspect identified,
54c84d2e40e34a958c59f9342b71e1d5169714dc0855a66fd070e165db0c9264,2019-01,North Wales Police,North Wales Police,-3.007878,53.051712,On or near Yale Park,W01000349,Wrexham 011A,Other theft,Under investigation,
5669ad9b69a34fcc67ac20eb0d75dbc2524689125a43004609b4d96a3c03d97d,2019-01,North Wales Police,North Wales Police,-3.008280,53.043367,On or near Ruthin Road,W01000349,Wrexham 011A,Other theft,Investigation complete; no suspect identified,
8b6724484b587771e436f50fe452170cc9715b278de1da142c47bca79b9a159c,2019-01,North Wales Police,North Wales Police,-3.010804,53.047957,On or near Croesnewydd Road,W01000349,Wrexham 011A,Public order,Formal action is not in the public interest,
5a6c8ac7494fde6f077ad9ead4bee1c1d49c3eaad53ba98cc19b396578c23ffd,2019-01,North Wales Police,North Wales Police,-3.010195,53.046164,On or near Hospital,W01000349,Wrexham 011A,Public order,Awaiting court outcome,
b052c994f64c9582b1fc087556243d1bf9721a8d35338675d423c4f1d507b65c,2019-01,North Wales Police,North Wales Police,-3.010804,53.047957,On or near Croesnewydd Road,W01000349,Wrexham 011A,Public order,Awaiting court outcome,
4ceeace18123013e9886cbfc9272c73f4e6b80cfd491e5b485e4ebafc9427214,2019-01,North Wales Police,North Wales Police,-3.010804,53.047957,On or near Croesnewydd Road,W01000349,Wrexham 011A,Public order,Unable to prosecute suspect,
b857195fc8a8002103e94c5f8bed5941e3cdd72030c04b752b383a011225ce0c,2019-01,North Wales Police,North Wales Police,-3.007878,53.051712,On or near Yale Park,W01000349,Wrexham 011A,Robbery,Under investigation,
e9aef5d33a7493cba93917e93522c7f3515baeb78216e710372cc095dcaf6917,2019-01,North Wales Police,North Wales Police,-3.008280,53.043367,On or near Ruthin Road,W01000349,Wrexham 011A,Shoplifting,Unable to prosecute suspect,
ec3968b9ee4a1863bb90d6ea4a39c35156b962a6707c9265a94d3734e424f463,2019-01,North Wales Police,North Wales Police,-3.008280,53.043367,On or near Ruthin Road,W01000349,Wrexham 011A,Shoplifting,Awaiting court outcome,
06cc7b4352a8ca45bdee4780396421ea8b91ddc2aae750d243dde1a48f0237e3,2019-01,North Wales Police,North Wales Police,-3.008280,53.043367,On or near Ruthin Road,W01000349,Wrexham 011A,Shoplifting,Investigation complete; no suspect identified,
1fbf50b3d0f204ac352895361842abe1d572c51e58fb7eac7eba62c3a6090970,2019-01,North Wales Police,North Wales Police,-3.010195,53.046164,On or near Hospital,W01000349,Wrexham 011A,Vehicle crime,Investigation complete; no suspect identified,
a743231ee1684542cfd27a2d170e9c495adf692e96dcd5c3463f98c31beeaed8,2019-01,North Wales Police,North Wales Police,-3.019896,53.044472,On or near Trem Y Llyn,W01000349,Wrexham 011A,Vehicle crime,Investigation complete; no suspect identified,
4144ac8ea7f3dff319c091dc0bbe6c882a220c01410641754c557f920e53ded1,2019-01,North Wales Police,North Wales Police,-3.010804,53.047957,On or near Croesnewydd Road,W01000349,Wrexham 011A,Violence and sexual offences,Further investigation is not in the public interest,
7003ab6b99149faa49c28ce0961785cf6e56e5480f8097ec7b10932b5804d7b2,2019-01,North Wales Police,North Wales Police,-3.010804,53.047957,On or near Croesnewydd Road,W01000349,Wrexham 011A,Violence and sexual offences,Unable to prosecute suspect,
007b72786f74fdae242d0d764101bd56a3e1120b83afe8a6f359328e030915b4,2019-01,North Wales Police,North Wales Police,-3.010804,53.047957,On or near Croesnewydd Road,W01000349,Wrexham 011A,Violence and sexual offences,Under investigation,
2d70f55647615e1a7127b37a682b894d2ec5b1c3fd7e9c61cbf16d3027ac75fc,2019-01,North Wales Police,North Wales Police,-3.010804,53.047957,On or near Croesnewydd Road,W01000349,Wrexham 011A,Violence and sexual offences,Unable to prosecute suspect,
25b617a540ae13b9f69168d8842a3bbc23bcb241c6e7aac211fd11678398a969,2019-01,North Wales Police,North Wales Police,-3.012586,53.043150,On or near Sports/Recreation Area,W01000349,Wrexham 011A,Violence and sexual offences,Formal action is not in the public interest,
4d9b2f5d46c8fb14c1280c8a6afa901287979d6c0f70e831c20f65a755540ded,2019-01,North Wales Police,North Wales Police,-3.010447,53.051834,On or near Belvedere Drive,W01000349,Wrexham 011A,Violence and sexual offences,Unable to prosecute suspect,
bc6274f49e970aa84131d39bb00c70245ac16aac212437dd6fe8368ab0021167,2019-01,North Wales Police,North Wales Police,-3.010195,53.046164,On or near Hospital,W01000349,Wrexham 011A,Violence and sexual offences,Unable to prosecute suspect,
de32cbb48417a1eb58bf3cac03d624c8fe52af9281d620552328e387565d55a6,2019-01,North Wales Police,North Wales Police,-3.010195,53.046164,On or near Hospital,W01000349,Wrexham 011A,Violence and sexual offences,Under investigation,
ec72dac3fa1e2a827e4a337d47c0fffaaf62b09fc85c7575ac402b06d6dab21f,2019-01,North Wales Police,North Wales Police,-3.011012,53.049852,On or near Ellice Way,W01000349,Wrexham 011A,Violence and sexual offences,Under investigation,
a057df7bbd7903b55ddac67ffd8accfaf8f4f80f135ec01b8c21113a7877e133,2019-01,North Wales Police,North Wales Police,-3.010195,53.046164,On or near Hospital,W01000349,Wrexham 011A,Violence and sexual offences,Under investigation,
3dc3d4bd98786801189815b33124cf150765fcdda9de34e595cea0b85226400e,2019-01,North Wales Police,North Wales Police,-3.010195,53.046164,On or near Hospital,W01000349,Wrexham 011A,Violence and sexual offences,Further investigation is not in the public interest,
e4ec75c6c8409c95517f2c8eb0acba4d86a6a2d7d26ab8ff0970f612fd55ccb9,2019-01,North Wales Police,North Wales Police,-3.010804,53.047957,On or near Croesnewydd Road,W01000349,Wrexham 011A,Violence and sexual offences,Unable to prosecute suspect,
888080cbf5a780bb59d7a7a51931f7c7c0d68dc960c43446b4cebc93a9bcfa9a,2019-01,North Wales Police,North Wales Police,-3.010804,53.047957,On or near Croesnewydd Road,W01000349,Wrexham 011A,Violence and sexual offences,Under investigation,
dccbcbd273c464e4977371e1c269a4bac05ee642a75abb0ab57db81e1c771dd8,2019-01,North Wales Police,North Wales Police,-3.012586,53.043150,On or near Sports/Recreation Area,W01000349,Wrexham 011A,Violence and sexual offences,Formal action is not in the public interest,
b20b02777971870a780e5e6e90ddf1f49f7dca19b6a8849fa079a3d5cf95e850,2019-01,North Wales Police,North Wales Police,-3.010195,53.046164,On or near Hospital,W01000349,Wrexham 011A,Violence and sexual offences,Under investigation,
006c9d8cbdc929685b68d3dc786522ec067bbe2b6f9fa34717955a9e689c14c0,2019-01,North Wales Police,North Wales Police,-3.010195,53.046164,On or near Hospital,W01000349,Wrexham 011A,Violence and sexual offences,Under investigation,
9eed3d0505bc461c116881538bd1e96f820b6edfb14c9596aee54072ea9d80b2,2019-01,North Wales Police,North Wales Police,-3.010195,53.046164,On or near Hospital,W01000349,Wrexham 011A,Violence and sexual offences,Under investigation,
bcd591f730f8985abaade53a42c79f84b8bad9ef5f752489947a5cb89da925b6,2019-01,North Wales Police,North Wales Police,-3.010195,53.046164,On or near Hospital,W01000349,Wrexham 011A,Violence and sexual offences,Unable to prosecute suspect,
afb1bd771e3be2e81064e4c2828e72498a70acdb9d18cf6a30885b28ce2ea2e3,2019-01,North Wales Police,North Wales Police,-3.010804,53.047957,On or near Croesnewydd Road,W01000349,Wrexham 011A,Violence and sexual offences,Unable to prosecute suspect,
89b4fb2963e51089ef35ab54cf3de9c6bbd46fdf992f3604348d62e859a43baa,2019-01,North Wales Police,North Wales Police,-3.012586,53.043150,On or near Sports/Recreation Area,W01000349,Wrexham 011A,Violence and sexual offences,Under investigation,
e12091163ab23d5e69ae9b93ed14a2554f139e42c8b00bf5ab1b67a9b3301010,2019-01,North Wales Police,North Wales Police,-3.010195,53.046164,On or near Hospital,W01000349,Wrexham 011A,Other crime,Under investigation,
cf9e6d4b08b03468d574f1054f2ebb477707af44c5788ad08bb81187b4428a2e,2019-01,North Wales Police,North Wales Police,-3.009416,53.052419,On or near Gloucester Drive,W01000349,Wrexham 011A,Other crime,Unable to prosecute suspect,
,2019-01,North Wales Police,North Wales Police,-3.004746,53.050489,On or near Primrose Way,W01000350,Wrexham 011B,Anti-social behaviour,,
,2019-01,North Wales Police,North Wales Police,-2.996083,53.046122,On or near Stryt Yr Allt,W01000350,Wrexham 011B,Anti-social behaviour,,
,2019-01,North Wales Police,North Wales Police,-2.997331,53.046561,On or near Shopping Area,W01000350,Wrexham 011B,Anti-social behaviour,,
,2019-01,North Wales Police,North Wales Police,-3.004174,53.049595,On or near Maesgwyn Road,W01000350,Wrexham 011B,Anti-social behaviour,,
,2019-01,North Wales Police,North Wales Police,-2.996083,53.046122,On or near Stryt Yr Allt,W01000350,Wrexham 011B,Anti-social behaviour,,
,2019-01,North Wales Police,North Wales Police,-2.996340,53.044996,On or near Well Place,W01000350,Wrexham 011B,Anti-social behaviour,,
,2019-01,North Wales Police,North Wales Police,-3.004746,53.050489,On or near Primrose Way,W01000350,Wrexham 011B,Anti-social behaviour,,
,2019-01,North Wales Police,North Wales Police,-2.995168,53.045922,On or near Stryt Y Priordy,W01000350,Wrexham 011B,Anti-social behaviour,,
,2019-01,North Wales Police,North Wales Police,-3.001367,53.045664,On or near Bradley Road,W01000350,Wrexham 011B,Anti-social behaviour,,
,2019-01,North Wales Police,North Wales Police,-3.002367,53.045664,On or near Cobden Road,W01000350,Wrexham 011B,Anti-social behaviour,,
,2019-01,North Wales Police,North Wales Police,-2.994435,53.045164,On or near Stryt Yr Abad,W01000350,Wrexham 011B,Anti-social behaviour,,
,2019-01,North Wales Police,North Wales Police,-3.002035,53.046161,On or near Watery Road,W01000350,Wrexham 011B,Anti-social behaviour,,
,2019-01,North Wales Police,North Wales Police,-2.996083,53.046122,On or near Stryt Yr Allt,W01000350,Wrexham 011B,Anti-social behaviour,,
,2019-01,North Wales Police,North Wales Police,-3.000606,53.048223,On or near Union Road,W01000350,Wrexham 011B,Anti-social behaviour,,
077109b60bb9f6d6b271808f07199fa6838c06f8f4f09eece92a644c66bede26,2019-01,North Wales Police,North Wales Police,-2.996083,53.046122,On or near Stryt Yr Allt,W01000350,Wrexham 011B,Burglary,Under investigation,
dfd9c180b04af781234d5b3d615eebec6e7b37968f6babc215494f909d11b2fe,2019-01,North Wales Police,North Wales Police,-3.014473,53.047305,On or near Further/Higher Educational Building,W01000350,Wrexham 011B,Criminal damage and arson,Investigation complete; no suspect identified,
2d8a7d3905e3111f451623e18963ebd2a0ed205088d3fe76590f6ae56c9007af,2019-01,North Wales Police,North Wales Police,-3.005328,53.045981,On or near Dolydd Road,W01000350,Wrexham 011B,Criminal damage and arson,Offender given community sentence,
a8f282df2febb0aaf172de2aba02448904be79f1691a14d6014683faf5d61502,2019-01,North Wales Police,North Wales Police,-3.003633,53.043640,On or near Gibson Street,W01000350,Wrexham 011B,Criminal damage and arson,Unable to prosecute suspect,
573b3bfbfc03a3d94f645c6319c6e938cd1c9d6f08003be01c66246b44469d6c,2019-01,North Wales Police,North Wales Police,-2.996083,53.046122,On or near Stryt Yr Allt,W01000350,Wrexham 011B,Criminal damage and arson,Investigation complete; no suspect identified,
ec8fd521d9c9e37286a451fdd3b96bf23703cb1263838911a360b0925e7ff6ff,2019-01,North Wales Police,North Wales Police,-3.004746,53.050489,On or near Primrose Way,W01000350,Wrexham 011B,Criminal damage and arson,Investigation complete; no suspect identified,
896d606c6addec03eb3e1dfb5461ae67ffb07b38e98b0579a8ffa1e600e70efe,2019-01,North Wales Police,North Wales Police,-2.994023,53.044772,On or near Town Hill,W01000350,Wrexham 011B,Criminal damage and arson,Formal action is not in the public interest,
00232d80237913353644b58efb851a7234e059ea5dc60ea1b4196439d39832f7,2019-01,North Wales Police,North Wales Police,-2.997331,53.046561,On or near Shopping Area,W01000350,Wrexham 011B,Criminal damage and arson,Investigation complete; no suspect identified,
a9f3aaed037415b067a16d4bf0f71d1c53e0e2b5d6046e3ca81da67897fcb365,2019-01,North Wales Police,North Wales Police,-2.998727,53.045650,On or near Parking Area,W01000350,Wrexham 011B,Drugs,Under investigation,
25419b98155f592189e1865c2dca967aaf4a6ca2381ff5feadd5b30be69dc323,2019-01,North Wales Police,North Wales Police,-3.003649,53.044979,On or near Llys David Lord,W01000350,Wrexham 011B,Drugs,Offender given a caution,
1dd55c744916e46872fffa6fff37ed648d3f50bce2f3ff27e1eea8a5326f0ff3,2019-01,North Wales Police,North Wales Police,-2.994023,53.044772,On or near Town Hill,W01000350,Wrexham 011B,Drugs,Offender given a caution,
a39a481c199ec591ac6fa88dcfe62549f5a29643bc4ec561686fe4de63e6e887,2019-01,North Wales Police,North Wales Police,-3.003649,53.044979,On or near Llys David Lord,W01000350,Wrexham 011B,Drugs,Offender given a caution,
76ee95ebb3f1b2473ef22a8af0277b0b8c055e6a25402d67baca129566fb02bb,2019-01,North Wales Police,North Wales Police,-3.002713,53.045158,On or near Bright Street,W01000350,Wrexham 011B,Other theft,Under investigation,
7bffa71c47bc779890cb8500f697597f3a04039f5bbd63add3c61ea117be6e4b,2019-01,North Wales Police,North Wales Police,-3.003633,53.043640,On or near Gibson Street,W01000350,Wrexham 011B,Other theft,Investigation complete; no suspect identified,
0db7e35dc627ab732727212354999979065014c7fb37ef621238e6a2d96a1f6a,2019-01,North Wales Police,North Wales Police,-2.998727,53.045650,On or near Parking Area,W01000350,Wrexham 011B,Other theft,Awaiting court outcome,
4ddf23c72f58a85b6cef242558ad6f704955d7fb9deca96bd5ebf85086c2e8db,2019-01,North Wales Police,North Wales Police,-3.004174,53.049595,On or near Maesgwyn Road,W01000350,Wrexham 011B,Public order,Under investigation,
60bcad0c09f3afb926dc2e7d78093a101fd0941fbba99de035f57fe2c67dfb96,2019-01,North Wales Police,North Wales Police,-2.996083,53.046122,On or near Stryt Yr Allt,W01000350,Wrexham 011B,Public order,Under investigation,
1993907bcc828fcea8d2f858369012196b0c6dc8c24ca35318bb65640087ed56,2019-01,North Wales Police,North Wales Police,-2.994023,53.044772,On or near Town Hill,W01000350,Wrexham 011B,Public order,Awaiting court outcome,
fb2f2fefdec35dd153983a8ffd144463fb111fb0b5b6aabdc374d4f1a8582577,2019-01,North Wales Police,North Wales Police,-2.994023,53.044772,On or near Town Hill,W01000350,Wrexham 011B,Public order,Under investigation,
2e9c108db7794054cb5e8e654a39e58a794349ebbd7283b4e7ed94299c4c7000,2019-01,North Wales Police,North Wales Police,-3.000606,53.048223,On or near Union Road,W01000350,Wrexham 011B,Public order,Unable to prosecute suspect,
3f2113ae9e7341c64dee7598ea15fb61b1753a59ae7dc1b791add211ca93c51b,2019-01,North Wales Police,North Wales Police,-2.994023,53.044772,On or near Town Hill,W01000350,Wrexham 011B,Public order,Offender given a caution,
de6af647e044aad086ccb5ecee7e05347ab4692ca3e40fb1121339acf406d579,2019-01,North Wales Police,North Wales Police,-3.000789,53.044527,On or near Ffordd Bellevue,W01000350,Wrexham 011B,Public order,Unable to prosecute suspect,
6c259d80a21622d7c3ca5575dceb60cff70107cbb6c27ed30b57076a6a8c5978,2019-01,North Wales Police,North Wales Police,-2.994292,53.045462,On or near Shopping Area,W01000350,Wrexham 011B,Public order,Unable to prosecute suspect,
13c942f803acf54c51cf4ff3629fa11faa08182d7ea44a388b4f202620c2b9f3,2019-01,North Wales Police,North Wales Police,-2.998727,53.045650,On or near Parking Area,W01000350,Wrexham 011B,Public order,Unable to prosecute suspect,
4476fae6b97ad19ba6d049a92775199ec644679846b50ff55db254f2de01525a,2019-01,North Wales Police,North Wales Police,-2.998727,53.045650,On or near Parking Area,W01000350,Wrexham 011B,Robbery,Under investigation,
d09decfa78471e4c7d56794fed24cdbe47f6ab11af0ac3bb9c0de55aae389f20,2019-01,North Wales Police,North Wales Police,-2.996773,53.045019,On or near Brewery Place,W01000350,Wrexham 011B,Robbery,Awaiting court outcome,
6c0f5ece1b151da69ae7131ff2ae5cf618e3af16ab9e6b296725ac041b64694a,2019-01,North Wales Police,North Wales Police,-3.001367,53.045664,On or near Bradley Road,W01000350,Wrexham 011B,Robbery,Unable to prosecute suspect,
a1b8ec1feed462eda015b2cb905c70581628a936d877b149b3ef0cb3909982cc,2019-01,North Wales Police,North Wales Police,-2.994292,53.045462,On or near Shopping Area,W01000350,Wrexham 011B,Shoplifting,Investigation complete; no suspect identified,
4d8b9153075ab3e6f8ec3b38cc1079a351928260245ae8a29a32c77886605989,2019-01,North Wales Police,North Wales Police,-2.998727,53.045650,On or near Parking Area,W01000350,Wrexham 011B,Shoplifting,Formal action is not in the public interest,
0a00220d7265402275d0273596176502155dcefdb949ac6bab94c49eeccd0a04,2019-01,North Wales Police,North Wales Police,-2.998727,53.045650,On or near Parking Area,W01000350,Wrexham 011B,Shoplifting,Investigation complete; no suspect identified,
b1f1387f95b3b96ba26d9f6ad9b9d427fd7e090f6274bb6a7b9bae44a9922b36,2019-01,North Wales Police,North Wales Police,-2.998727,53.045650,On or near Parking Area,W01000350,Wrexham 011B,Shoplifting,Investigation complete; no suspect identified,
d9ec0d2e976606f54a3660bf73ca62e5ddbcd0b38b1b71e0316570b8ba67aafd,2019-01,North Wales Police,North Wales Police,-2.998727,53.045650,On or near Parking Area,W01000350,Wrexham 011B,Shoplifting,Offender given suspended prison sentence,
fc5685f5b66ed714c39cc409bd15df672d5cde3064a909ce8baee0b429f9f70e,2019-01,North Wales Police,North Wales Police,-3.002035,53.046161,On or near Watery Road,W01000350,Wrexham 011B,Shoplifting,Offender given a caution,
dfdc79c5a23184d069ec874aa360923f6b4267d7432af749a1c8ea62a61c9f09,2019-01,North Wales Police,North Wales Police,-2.994292,53.045462,On or near Shopping Area,W01000350,Wrexham 011B,Shoplifting,Investigation complete; no suspect identified,
1bc03e4eea467271d497736bbb8612c925c788c8794798a3bf3f24579b9676ce,2019-01,North Wales Police,North Wales Police,-2.996083,53.046122,On or near Stryt Yr Allt,W01000350,Wrexham 011B,Shoplifting,Offender given a caution,
565fa20ed13b2e386fa94ccf1b5888da0cc0978d35543aa6ac216051a380f41d,2019-01,North Wales Police,North Wales Police,-2.998727,53.045650,On or near Parking Area,W01000350,Wrexham 011B,Shoplifting,Offender given suspended prison sentence,
da7f28e438f9420f430de553987a22910c6bcefb0e1ff296771a0d1e57f19e85,2019-01,North Wales Police,North Wales Police,-2.996340,53.044996,On or near Well Place,W01000350,Wrexham 011B,Shoplifting,Further investigation is not in the public interest,
3fa2f2392d8b8087ce2237394e70bd931162a0fd4223bd6e095e27ef3e024b8c,2019-01,North Wales Police,North Wales Police,-3.000606,53.048223,On or near Union Road,W01000350,Wrexham 011B,Shoplifting,Investigation complete; no suspect identified,
a4dbded1f6658f3e851dd46084c89d74bc664245cf632929ff374a8b6ac9f486,2019-01,North Wales Police,North Wales Police,-2.994292,53.045462,On or near Shopping Area,W01000350,Wrexham 011B,Shoplifting,Investigation complete; no suspect identified,
77076782516b37ead3d9ea97ed011b5e23882f73fad30c15f9a3403aa3737f37,2019-01,North Wales Police,North Wales Police,-2.998727,53.045650,On or near Parking Area,W01000350,Wrexham 011B,Shoplifting,Under investigation,
a6fc752db675d358b191aac715bf40d59e8cc3f07d1f8a2ab474e99c79373ac6,2019-01,North Wales Police,North Wales Police,-2.994292,53.045462,On or near Shopping Area,W01000350,Wrexham 011B,Shoplifting,Unable to prosecute suspect,
cc0a0a289027b6d3a4cc0afc20db47fbf593faab4958c4e721ea643996d30cef,2019-01,North Wales Police,North Wales Police,-2.994292,53.045462,On or near Shopping Area,W01000350,Wrexham 011B,Shoplifting,Investigation complete; no suspect identified,
06eafeea5be6f5fececf533dd2c6bf37b39a2a0fd3df0bb6bd6547fcbec4f056,2019-01,North Wales Police,North Wales Police,-2.997331,53.046561,On or near Shopping Area,W01000350,Wrexham 011B,Shoplifting,Under investigation,
b1122cd9d1ca128d1d2d0944df4a35bb2f0882f0d2b89ba75ae50891d3c67bfb,2019-01,North Wales Police,North Wales Police,-3.002035,53.046161,On or near Watery Road,W01000350,Wrexham 011B,Shoplifting,Under investigation,
8669039a11c7b83af448f3694c8c2b61c1573fe591c3aceaec499fdef9c71dcb,2019-01,North Wales Police,North Wales Police,-2.998727,53.045650,On or near Parking Area,W01000350,Wrexham 011B,Shoplifting,Offender given suspended prison sentence,
e5192d37b7c972d4b5ec0451fb9512029f4854676b0a4db54870c99e8bfe856d,2019-01,North Wales Police,North Wales Police,-2.994292,53.045462,On or near Shopping Area,W01000350,Wrexham 011B,Shoplifting,Investigation complete; no suspect identified,
daea794966b5353be9b2ce6d825db00002766147eab96841c5d04b6c68ce44f9,2019-01,North Wales Police,North Wales Police,-2.994023,53.044772,On or near Town Hill,W01000350,Wrexham 011B,Theft from the person,Investigation complete; no suspect identified,
9e166b679c88ad5b2166a93161c00c58f6ad8c1b761a78e1f7b0ee132e74051c,2019-01,North Wales Police,North Wales Police,-2.995168,53.045922,On or near Stryt Y Priordy,W01000350,Wrexham 011B,Theft from the person,Under investigation,
46e720081f8edf8de7cb1b92290e9a28cac9b110adcc6b9db9afcc1d41a0252e,2019-01,North Wales Police,North Wales Police,-2.995168,53.045922,On or near Stryt Y Priordy,W01000350,Wrexham 011B,Violence and sexual offences,Under investigation,
f0c34d8787c7d73239958255fc573f0f7db1ffed23658c9d8e343738e025bc1f,2019-01,North Wales Police,North Wales Police,-2.994023,53.044772,On or near Town Hill,W01000350,Wrexham 011B,Violence and sexual offences,Investigation complete; no suspect identified,
948afbb72bf7dfb78dfa12992c1b0b91cdb6acb683f0c560c25f32b4d143a71f,2019-01,North Wales Police,North Wales Police,-2.995224,53.045122,On or near Vicarage Hill,W01000350,Wrexham 011B,Violence and sexual offences,Formal action is not in the public interest,
c20ae39c4709b53c3a2d84eaeb823613b692a1b6aa95f8ed0626b3dfa1675514,2019-01,North Wales Police,North Wales Police,-2.994023,53.044772,On or near Town Hill,W01000350,Wrexham 011B,Violence and sexual offences,Unable to prosecute suspect,
7d1704f5a95ce51a535f1e8935c47a29d9eee3ae8eebd58d774271954e70f3e0,2019-01,North Wales Police,North Wales Police,-2.998727,53.045650,On or near Parking Area,W01000350,Wrexham 011B,Violence and sexual offences,Unable to prosecute suspect,
354925bd8fe90cd423abe4f0fecc4216752a382346df0e33bf427390503d534a,2019-01,North Wales Police,North Wales Police,-3.007899,53.048143,On or near Bron-Y-Nant,W01000350,Wrexham 011B,Violence and sexual offences,Further investigation is not in the public interest,
14da6ea596442ee70c50b24d51973a458ee9753694360322c30394e9534dce67,2019-01,North Wales Police,North Wales Police,-2.994435,53.045164,On or near Stryt Yr Abad,W01000350,Wrexham 011B,Violence and sexual offences,Unable to prosecute suspect,
2f0a61d605a2644577513b9eb3d7aa51dab2dc93bb02e4ec73205afaf3c64c14,2019-01,North Wales Police,North Wales Police,-3.004174,53.049595,On or near Maesgwyn Road,W01000350,Wrexham 011B,Violence and sexual offences,Investigation complete; no suspect identified,
f8e75a75b15ce96978f6839b60a37c6a7e1a90f565bd1d18ce3f12b24917edb9,2019-01,North Wales Police,North Wales Police,-3.004174,53.049595,On or near Maesgwyn Road,W01000350,Wrexham 011B,Violence and sexual offences,Investigation complete; no suspect identified,
53e788987ee1febe8b2a540641c42d0532808794c9fa39c7c50c66864107a12d,2019-01,North Wales Police,North Wales Police,-3.002367,53.045664,On or near Cobden Road,W01000350,Wrexham 011B,Violence and sexual offences,Unable to prosecute suspect,
d3dc9b3a2bff9901da078ffcc0861f35f57eb1ba52038c8906df7dd7976ce474,2019-01,North Wales Police,North Wales Police,-3.007899,53.048143,On or near Bron-Y-Nant,W01000350,Wrexham 011B,Violence and sexual offences,Further investigation is not in the public interest,
385a37928778bbaa9d73e0d61025d47678f15097750586efada7c31f7a7ab3b4,2019-01,North Wales Police,North Wales Police,-3.001367,53.045664,On or near Bradley Road,W01000350,Wrexham 011B,Violence and sexual offences,Under investigation,
3b72e4a5b91639fe73f6cf2c788b0ab99693d6a3649336983788624e3db802d2,2019-01,North Wales Police,North Wales Police,-2.998111,53.044837,On or near Pentre Felin,W01000350,Wrexham 011B,Violence and sexual offences,Local resolution,
97b4666bb7975603fc0c69a28bd996d077756bf7f9b030ab8cf7f5ce3a935f34,2019-01,North Wales Police,North Wales Police,-2.997331,53.046561,On or near Shopping Area,W01000350,Wrexham 011B,Violence and sexual offences,Under investigation,
ad2dd8ae59db77305599995fc38ce1e8d44c375d7934019b6c4a49bf49e8e39b,2019-01,North Wales Police,North Wales Police,-2.994023,53.044772,On or near Town Hill,W01000350,Wrexham 011B,Violence and sexual offences,Under investigation,
2ec175ea2ed6b19c3b70976240dd6c49687134e1b02c54a7c1371f5c5e63e7e0,2019-01,North Wales Police,North Wales Police,-2.994023,53.044772,On or near Town Hill,W01000350,Wrexham 011B,Violence and sexual offences,Formal action is not in the public interest,
3481559542e74fde8679de0222b54af874f3c4634c2ebf2d8370ca7877661a25,2019-01,North Wales Police,North Wales Police,-3.001367,53.045664,On or near Bradley Road,W01000350,Wrexham 011B,Violence and sexual offences,Under investigation,
0ae5be43b92b4a72d450bfdb9805f9ecff1097790abbb32bf90f6a903a98db5d,2019-01,North Wales Police,North Wales Police,-3.005328,53.045981,On or near Dolydd Road,W01000350,Wrexham 011B,Violence and sexual offences,Unable to prosecute suspect,
396bff0e450cad4d8f8e8ff6588ac1d93d09f6e7e56177699b1b0f34ae2fac6d,2019-01,North Wales Police,North Wales Police,-3.004746,53.050489,On or near Primrose Way,W01000350,Wrexham 011B,Violence and sexual offences,Under investigation,
816dc30a705afdfd0cd15caa947a222de88c10c9e62aa41855ce9574942341de,2019-01,North Wales Police,North Wales Police,-3.007899,53.048143,On or near Bron-Y-Nant,W01000350,Wrexham 011B,Violence and sexual offences,Unable to prosecute suspect,
a18a337aa1c8d5de9098fb66076bdb3dd4073e93d7439b3f0bd9a950f8605c61,2019-01,North Wales Police,North Wales Police,-3.002940,53.044644,On or near Villiers Street,W01000350,Wrexham 011B,Violence and sexual offences,Under investigation,
5c9412926434b15d1cde7691cb8b31e5d193d767344f578be8ac14f2ca5638e7,2019-01,North Wales Police,North Wales Police,-3.002367,53.045664,On or near Cobden Road,W01000350,Wrexham 011B,Violence and sexual offences,Offender sent to prison,
13cc42152c6683770c0f9f4306c45ee1669a91885771cce28231e8f94f024ec7,2019-01,North Wales Police,North Wales Police,-2.994023,53.044772,On or near Town Hill,W01000350,Wrexham 011B,Violence and sexual offences,Under investigation,
04da35f2ee766257a4f12314cd422fee11dd663393e01314fd3a2bf41d3612fa,2019-01,North Wales Police,North Wales Police,-3.004746,53.050489,On or near Primrose Way,W01000350,Wrexham 011B,Violence and sexual offences,Investigation complete; no suspect identified,
dea8c7939006e2af6a6ae955d4399fb75b918e66d5d39fc2466e6fc2af9a7fb0,2019-01,North Wales Police,North Wales Police,-2.997331,53.046561,On or near Shopping Area,W01000350,Wrexham 011B,Violence and sexual offences,Unable to prosecute suspect,
669f6d08a6868948e30d986829e6370b5a90750de0ab3d051a3d728dd4d73295,2019-01,North Wales Police,North Wales Police,-2.994023,53.044772,On or near Town Hill,W01000350,Wrexham 011B,Violence and sexual offences,Unable to prosecute suspect,
395bf3e1e37ba790a475b3f05c606a1d3518dbbdfca9e65b250511b6628ae45a,2019-01,North Wales Police,North Wales Police,-2.994435,53.045164,On or near Stryt Yr Abad,W01000350,Wrexham 011B,Violence and sexual offences,Unable to prosecute suspect,
ad5e5129e7e4b288eb7e2cb8775e4168813f3a90fd637eafa9f40112fcb402ac,2019-01,North Wales Police,North Wales Police,-3.004746,53.050489,On or near Primrose Way,W01000350,Wrexham 011B,Violence and sexual offences,Investigation complete; no suspect identified,
35ead8ae5cf82a6aac9fce6c5e811c67d1e94c94bf40a5c6ed5c9fac2dae8363,2019-01,North Wales Police,North Wales Police,-3.002035,53.046161,On or near Watery Road,W01000350,Wrexham 011B,Violence and sexual offences,Unable to prosecute suspect,
7f998de6510fe5434aa74f0d25be73e6e64f32c6af6ac916ad715e8c74c36a92,2019-01,North Wales Police,North Wales Police,-3.004746,53.050489,On or near Primrose Way,W01000350,Wrexham 011B,Other crime,Under investigation,
,2019-01,North Wales Police,North Wales Police,-2.993341,53.041713,On or near Madiera Hill,W01000365,Wrexham 011C,Anti-social behaviour,,
,2019-01,North Wales Police,North Wales Police,-2.993783,53.034976,On or near Sontley Road,W01000365,Wrexham 011C,Anti-social behaviour,,
,2019-01,North Wales Police,North Wales Police,-2.992535,53.041692,On or near Maes Yr Ysgubor,W01000365,Wrexham 011C,Anti-social behaviour,,
e478951e3afcdd50210a403c21748d1b8b70321f3ad3e9442622180a5f0d7fee,2019-01,North Wales Police,North Wales Police,-2.996145,53.039783,On or near Trevor Street,W01000365,Wrexham 011C,Drugs,Offender given a drugs possession warning,
3794a3ded06e3ecf454656357198af53b3cc0b2ed5f7f7a5bc0d9c43a383bfbf,2019-01,North Wales Police,North Wales Police,-2.990341,53.042295,On or near Salop Road,W01000365,Wrexham 011C,Other theft,Under investigation,
da7c8cc95b64ad0bdfe93fcb4c6a40f8090079fd310fc22a569b7957aa9a0d2e,2019-01,North Wales Police,North Wales Police,-2.994460,53.041721,On or near Supermarket,W01000365,Wrexham 011C,Shoplifting,Awaiting court outcome,
510bcc07b91b325e1a3d5f0ce5ee0d9b6a681730a6078c49064c924ff0af0acc,2019-01,North Wales Police,North Wales Police,-2.991233,53.041514,On or near Supermarket,W01000365,Wrexham 011C,Shoplifting,Awaiting court outcome,
1b3c73a90602afe34bcebb61fa98f839fe3056ac8c33a92b56ecce4e5cd7c4bc,2019-01,North Wales Police,North Wales Police,-2.994460,53.041721,On or near Supermarket,W01000365,Wrexham 011C,Shoplifting,Awaiting court outcome,
f2e50b0a2b54291f93d3897aff7636c34094d94b4708c1346e1d72e35419c324,2019-01,North Wales Police,North Wales Police,-2.992626,53.039175,On or near Rhodfa Huntroyde,W01000365,Wrexham 011C,Vehicle crime,Under investigation,
e42a46f2a955a3899354d2394d7741dbf8c599eb36ae1149b90cfcd4abda50e6,2019-01,North Wales Police,North Wales Police,-2.994812,53.040846,On or near Talbot Road,W01000365,Wrexham 011C,Violence and sexual offences,Unable to prosecute suspect,
f21c52e9004aeadc4457c48264fcedf740821d6f8b9e38cd846bf0a09f87e82e,2019-01,North Wales Police,North Wales Police,-2.996145,53.039783,On or near Trevor Street,W01000365,Wrexham 011C,Violence and sexual offences,Under investigation,
9c4cfd0fa7d16a39fbe41196fc311fa195d278e3743cb14c4513ce1503519bad,2019-01,North Wales Police,North Wales Police,-2.992535,53.041692,On or near Maes Yr Ysgubor,W01000365,Wrexham 011C,Violence and sexual offences,Action to be taken by another organisation,
5f66334cbfcbe560db4ce601c990ac63324a40d9d866c085951cd31a403fe1dd,2019-01,North Wales Police,North Wales Police,-2.991550,53.039076,On or near Bennion'S Road,W01000365,Wrexham 011C,Violence and sexual offences,Unable to prosecute suspect,
b37044a39ad891ab6858e0daf12d2a1f56b52251bc0f3d324189b0df42f9ef3a,2019-01,North Wales Police,North Wales Police,-2.993405,53.038026,On or near Percy Road,W01000365,Wrexham 011C,Violence and sexual offences,Unable to prosecute suspect,
d5ade85c3929988d3f44849847033569596d206286b71a4b5f0394c5ce929907,2019-01,North Wales Police,North Wales Police,-2.993783,53.034976,On or near Sontley Road,W01000365,Wrexham 011C,Violence and sexual offences,Unable to prosecute suspect,
2e8e4470edc364dbcaea8065d715a1f87b13a9fd400d5812b35538a17e53b7d7,2019-01,North Wales Police,North Wales Police,-2.993783,53.034976,On or near Sontley Road,W01000365,Wrexham 011C,Violence and sexual offences,Unable to prosecute suspect,
,2019-01,North Wales Police,North Wales Police,-2.996373,53.041894,On or near Colemere Street,W01000402,Wrexham 011D,Anti-social behaviour,,
,2019-01,North Wales Police,North Wales Police,-3.004092,53.041595,On or near Alexandra Road,W01000402,Wrexham 011D,Anti-social behaviour,,
,2019-01,North Wales Police,North Wales Police,-2.998699,53.039304,On or near Ffordd Y Tylwyth Teg,W01000402,Wrexham 011D,Anti-social behaviour,,
,2019-01,North Wales Police,North Wales Police,-3.003539,53.038984,On or near Ruabon Road,W01000402,Wrexham 011D,Anti-social behaviour,,
,2019-01,North Wales Police,North Wales Police,-3.003539,53.038984,On or near Ruabon Road,W01000402,Wrexham 011D,Anti-social behaviour,,
,2019-01,North Wales Police,North Wales Police,-2.995678,53.044741,On or near Glan Yr Afon,W01000402,Wrexham 011D,Anti-social behaviour,,
,2019-01,North Wales Police,North Wales Police,-3.003539,53.038984,On or near Ruabon Road,W01000402,Wrexham 011D,Anti-social behaviour,,
,2019-01,North Wales Police,North Wales Police,-2.997097,53.040944,On or near Wellington Road,W01000402,Wrexham 011D,Anti-social behaviour,,
,2019-01,North Wales Police,North Wales Police,-2.993100,53.044843,On or near Stryt Yr Eglwys,W01000402,Wrexham 011D,Anti-social behaviour,,
,2019-01,North Wales Police,North Wales Police,-3.003539,53.038984,On or near Ruabon Road,W01000402,Wrexham 011D,Anti-social behaviour,,
ee51caa4bb4d620e8b84dee7b7c9bdf134f37d93ab63d0edf62b96b190645bfa,2019-01,North Wales Police,North Wales Police,-2.996373,53.041894,On or near Colemere Street,W01000402,Wrexham 011D,Burglary,Investigation complete; no suspect identified,
ccc7e556e6b99f200c962c8244f154f8c0aa1203ac8a917de54e656c39ba95ba,2019-01,North Wales Police,North Wales Police,-2.991516,53.044074,On or near Stryt Y Bryn,W01000402,Wrexham 011D,Burglary,Investigation complete; no suspect identified,
19a1a4177cda3933b5d4fd1b6b75d6295a70663af783d8d037a3dc666e60bb78,2019-01,North Wales Police,North Wales Police,-3.002383,53.041205,On or near Victoria Road,W01000402,Wrexham 011D,Criminal damage and arson,Investigation complete; no suspect identified,
562df8a24f8e7c05cbc851377418684340ddff072ac4098498edfa656174b3e9,2019-01,North Wales Police,North Wales Police,-3.003764,53.040313,On or near Empress Road,W01000402,Wrexham 011D,Criminal damage and arson,Awaiting court outcome,
c7ebe8dba894a1834afb3b92734c2d4b1236a35348273b15d7ffb0eed85ecede,2019-01,North Wales Police,North Wales Police,-3.003764,53.040313,On or near Empress Road,W01000402,Wrexham 011D,Criminal damage and arson,Under investigation,
af45d16315d2e263e005c23787eaa9b2c1b727e19c18b8351ae04f2d0fbff3e3,2019-01,North Wales Police,North Wales Police,-3.003764,53.040313,On or near Empress Road,W01000402,Wrexham 011D,Criminal damage and arson,Under investigation,
51d4294cb7131afc6696a0c8d36de2cd88d5ba44615408e2d177f5832d055e46,2019-01,North Wales Police,North Wales Police,-2.999156,53.039695,On or near Ffordd Belmont,W01000402,Wrexham 011D,Criminal damage and arson,Unable to prosecute suspect,
8b4c9b91d65818359b2c08d4b70f264e94b0f853b62a0c3c6ff6d88b474b7a73,2019-01,North Wales Police,North Wales Police,-3.002383,53.041205,On or near Victoria Road,W01000402,Wrexham 011D,Criminal damage and arson,Offender given community sentence,
943ab40b798e4c1549bab3eb1e03e54317702c8df1b30c73a8fa743de1aea2bd,2019-01,North Wales Police,North Wales Police,-3.000190,53.040567,On or near Edward Street,W01000402,Wrexham 011D,Criminal damage and arson,Investigation complete; no suspect identified,
a204a55251846ff7ee81cc3c5a67ce85bf11eeab789d1928a1d3187b143564b4,2019-01,North Wales Police,North Wales Police,-2.995678,53.044741,On or near Glan Yr Afon,W01000402,Wrexham 011D,Drugs,Offender given a caution,
4d50bbb725b0960ea27e45f7f868a6ff8f98a6df7e12bdaba0b113d49edb05ee,2019-01,North Wales Police,North Wales Police,-2.995678,53.044741,On or near Glan Yr Afon,W01000402,Wrexham 011D,Drugs,Under investigation,
14b48b5d141e7703470516f234fddcc62b66fc979231f37a118dbbe7c569987c,2019-01,North Wales Police,North Wales Police,-2.999156,53.039695,On or near Ffordd Belmont,W01000402,Wrexham 011D,Other theft,Investigation complete; no suspect identified,
529f2980155878b782131763c6f89c45187c43f9a62fd78ae4fc8ea38643883f,2019-01,North Wales Police,North Wales Police,-2.995678,53.044741,On or near Glan Yr Afon,W01000402,Wrexham 011D,Other theft,Unable to prosecute suspect,
5ba548f7d26153940b3fc06d6c158a1d92e11058725302baddcc49430a7d3400,2019-01,North Wales Police,North Wales Police,-2.991794,53.045142,On or near Stryt Fawr,W01000402,Wrexham 011D,Other theft,Investigation complete; no suspect identified,
7c7c9ebf27aef59b2993026c2f5ec35c28382f5e0a33e4e3b2de8a3b677e0e49,2019-01,North Wales Police,North Wales Police,-2.991794,53.045142,On or near Stryt Fawr,W01000402,Wrexham 011D,Public order,Under investigation,
c1e2a9ac4f8caad952f4b6ecad1bbcde1810f11f62e908414da88c80d21da52b,2019-01,North Wales Police,North Wales Police,-2.995678,53.044741,On or near Glan Yr Afon,W01000402,Wrexham 011D,Public order,Offender otherwise dealt with,
9ab436d16f28df3343c29803b2ed45cd3f61df523eb38a613ecbb9d03d29f66c,2019-01,North Wales Police,North Wales Police,-2.995678,53.044741,On or near Glan Yr Afon,W01000402,Wrexham 011D,Public order,Unable to prosecute suspect,
6a6c0f5bb30f8a38199bd34e3486e0d9652d0d3054015a77333de64fe10d6730,2019-01,North Wales Police,North Wales Police,-2.997228,53.041482,On or near Ruabon Road,W01000402,Wrexham 011D,Public order,Unable to prosecute suspect,
1d6e5e383ba89987b442158e99199f28873011b5be1b0e1eb0eead463ea22341,2019-01,North Wales Police,North Wales Police,-2.996373,53.041894,On or near Colemere Street,W01000402,Wrexham 011D,Public order,Unable to prosecute suspect,
0707c1d1402930f426b73ddbe6e54ea625bcacd480bc44ed5e7be6f0b80ccb69,2019-01,North Wales Police,North Wales Police,-2.993100,53.044843,On or near Stryt Yr Eglwys,W01000402,Wrexham 011D,Public order,Unable to prosecute suspect,
bb3db2472f4559a38462e2ab81b378eac1de4fc6a9f4a89acf7ef3460c29ff95,2019-01,North Wales Police,North Wales Police,-2.991516,53.044074,On or near Stryt Y Bryn,W01000402,Wrexham 011D,Shoplifting,Investigation complete; no suspect identified,
c7c45794dbe65d0973c3a31b97f466ef6cbc800ebf08197223b844173e4d1b0f,2019-01,North Wales Police,North Wales Police,-2.991516,53.044074,On or near Stryt Y Bryn,W01000402,Wrexham 011D,Shoplifting,Under investigation,
fa72c0b6a5a61c5003719b9d844b2431501837141675cfed9509763a7841269b,2019-01,North Wales Police,North Wales Police,-2.991794,53.045142,On or near Stryt Fawr,W01000402,Wrexham 011D,Theft from the person,Unable to prosecute suspect,
310e3c0d452a28c4c0f44f9c642da337b1146e8ace58646ef5ec9fb7b4e91bf9,2019-01,North Wales Police,North Wales Police,-2.999156,53.039695,On or near Ffordd Belmont,W01000402,Wrexham 011D,Violence and sexual offences,Unable to prosecute suspect,
d2242caaaa2a6231c50751d09daae93c0c7380a45bb9364f8c2f64faabf3873e,2019-01,North Wales Police,North Wales Police,-2.999156,53.039695,On or near Ffordd Belmont,W01000402,Wrexham 011D,Violence and sexual offences,Unable to prosecute suspect,
00bb3e463a699cb2c8096fe1c3d3d135fd789ad4205f0096fe13ff11595d2794,2019-01,North Wales Police,North Wales Police,-3.002383,53.041205,On or near Victoria Road,W01000402,Wrexham 011D,Violence and sexual offences,Unable to prosecute suspect,
850e569eef1fcacada3ce30bc92d74de7e3dd91e6646a6a0cbd26da2bdff31f4,2019-01,North Wales Police,North Wales Police,-2.993100,53.044843,On or near Stryt Yr Eglwys,W01000402,Wrexham 011D,Violence and sexual offences,Investigation complete; no suspect identified,
a2678b41725fa65d2902efd4b7a3df73be6f07c55b35c04aafa2e9bd6365855c,2019-01,North Wales Police,North Wales Police,-2.993100,53.044843,On or near Stryt Yr Eglwys,W01000402,Wrexham 011D,Violence and sexual offences,Further investigation is not in the public interest,
0047f9e996117f46f8399f94c0c2264f87985d5856460027c074c9d8e2733317,2019-01,North Wales Police,North Wales Police,-2.991516,53.044074,On or near Stryt Y Bryn,W01000402,Wrexham 011D,Violence and sexual offences,Formal action is not in the public interest,
944c1edbd4d9dd055780e06e27ed0d6b5a0b35fe9ca3fdedb5d2d5072be04335,2019-01,North Wales Police,North Wales Police,-2.996507,53.042531,On or near Pen-Y-Bryn,W01000402,Wrexham 011D,Violence and sexual offences,Unable to prosecute suspect,
5476f016e3c424a0efc4e840142ab41eb78393bf91960531d08013b5272a066f,2019-01,North Wales Police,North Wales Police,-3.003764,53.040313,On or near Empress Road,W01000402,Wrexham 011D,Violence and sexual offences,Unable to prosecute suspect,
0d8eb5c9d4015f15fdaa8da64f54371e5ce3f53132a2aaedff535b53a2886e71,2019-01,North Wales Police,North Wales Police,-3.003539,53.038984,On or near Ruabon Road,W01000402,Wrexham 011D,Violence and sexual offences,Unable to prosecute suspect,
35514ef5976493c5d6b67167f28efbbd9fefaa344eb6874a82a20e70811e9e0a,2019-01,North Wales Police,North Wales Police,-3.003764,53.040313,On or near Empress Road,W01000402,Wrexham 011D,Violence and sexual offences,Unable to prosecute suspect,
1dfd9264122222d5228c9439736c30068b349425df022423f12f7bc25e283205,2019-01,North Wales Police,North Wales Police,-2.993100,53.044843,On or near Stryt Yr Eglwys,W01000402,Wrexham 011D,Violence and sexual offences,Under investigation,
fc31d9c3df76560fca86497eb7b293d771262e309ee96ba416fac983aa2d6d5c,2019-01,North Wales Police,North Wales Police,-3.002383,53.041205,On or near Victoria Road,W01000402,Wrexham 011D,Violence and sexual offences,Awaiting court outcome,
0ddba7b6ac24c1fba3005e514229cd63bc4ff3d0d7fc34b7b6a8699fdb1e3c09,2019-01,North Wales Police,North Wales Police,-2.995678,53.044741,On or near Glan Yr Afon,W01000402,Wrexham 011D,Violence and sexual offences,Under investigation,
e396901281f8a353b22dd9fe8bbfd84ea50e2cfc3789d35d89f148c687db86e9,2019-01,North Wales Police,North Wales Police,-2.991794,53.045142,On or near Stryt Fawr,W01000402,Wrexham 011D,Violence and sexual offences,Unable to prosecute suspect,
405302f08538904b40c3b0728f7977a5a32833e7066629acefacd71b5410641b,2019-01,North Wales Police,North Wales Police,-2.991516,53.044074,On or near Stryt Y Bryn,W01000402,Wrexham 011D,Violence and sexual offences,Formal action is not in the public interest,
ba9b4e618384d02c7da5bbf6ddf7a60344e7d0a0a6e07abe7f7a65642f7363e8,2019-01,North Wales Police,North Wales Police,-2.991794,53.045142,On or near Stryt Fawr,W01000402,Wrexham 011D,Violence and sexual offences,Investigation complete; no suspect identified,
850b594caad89a72d6723a3cb4b362b4b8a59d4a09cb14be6bdccde2eb63e91a,2019-01,North Wales Police,North Wales Police,-2.995678,53.044741,On or near Glan Yr Afon,W01000402,Wrexham 011D,Violence and sexual offences,Under investigation,
9f2513f7fa022ffbc14be7c82941fe3bf413c4cbb33833145b73b670bdaf1b7a,2019-01,North Wales Police,North Wales Police,-3.003764,53.040313,On or near Empress Road,W01000402,Wrexham 011D,Violence and sexual offences,Unable to prosecute suspect,
bf9ff6c491214aa2708c55a4cc10f8b5f032758f9a3b829dbc7e70a74dd0115b,2019-01,North Wales Police,North Wales Police,-3.005947,53.041175,On or near Further/Higher Educational Building,W01000402,Wrexham 011D,Violence and sexual offences,Under investigation,
d1c99d419f1ac6587a869476d38fc6f7031a651900e128bf91efd98705a4569c,2019-01,North Wales Police,North Wales Police,-2.991516,53.044074,On or near Stryt Y Bryn,W01000402,Wrexham 011D,Violence and sexual offences,Investigation complete; no suspect identified,
b5116b5b46f63301a0e915c065f959daf4c6c87c1e53d4c79d3c68e214ce3f0d,2019-01,North Wales Police,North Wales Police,-2.991516,53.044074,On or near Stryt Y Bryn,W01000402,Wrexham 011D,Violence and sexual offences,Investigation complete; no suspect identified,
,2019-01,North Wales Police,North Wales Police,-2.991710,53.034975,On or near Gwydr Way,W01000381,Wrexham 012A,Anti-social behaviour,,
,2019-01,North Wales Police,North Wales Police,-2.989140,53.039347,On or near Dol Y Ffawydd,W01000381,Wrexham 012A,Anti-social behaviour,,
5049631c32f2c8b8a424dc9f201c2058e81888ef6172721294a8e72acf7e9554,2019-01,North Wales Police,North Wales Police,-2.990310,53.036371,On or near Stockwell Grove,W01000381,Wrexham 012A,Possession of weapons,Under investigation,
714007b98af2336d292578642f5aeb32b7396c9e38d02d9cd9e5769a854c229a,2019-01,North Wales Police,North Wales Police,-2.992405,53.035365,On or near Waterloo Close,W01000381,Wrexham 012A,Robbery,Under investigation,
9396130f2b6c3b63c3becea40999e76bf812929c2baa655f3132559a1923a21a,2019-01,North Wales Police,North Wales Police,-2.991569,53.035992,On or near Gwydyr Way,W01000381,Wrexham 012A,Violence and sexual offences,Under investigation,
3374f72c3b6f06666f90166caedcf58f69a790af07a127b33e461d0617664589,2019-01,North Wales Police,North Wales Police,-2.988807,53.037813,On or near Stuart Way,W01000381,Wrexham 012A,Violence and sexual offences,Under investigation,
0b5edbcbfb994740ab10312f357a48450f93ead45d310718a79b7ed6fda5fd40,2019-01,North Wales Police,North Wales Police,-2.989140,53.039347,On or near Dol Y Ffawydd,W01000381,Wrexham 012A,Violence and sexual offences,Unable to prosecute suspect,
,2019-01,North Wales Police,North Wales Police,-2.984846,53.038754,On or near Nelson Street,W01000382,Wrexham 012B,Anti-social behaviour,,
,2019-01,North Wales Police,North Wales Police,-2.989663,53.040692,On or near Petrol Station,W01000382,Wrexham 012B,Anti-social behaviour,,
,2019-01,North Wales Police,North Wales Police,-2.988430,53.040234,On or near Haig Road,W01000382,Wrexham 012B,Anti-social behaviour,,
660ba4e2fe1ac05f74b280789b2f205b5f1cb206b615279778d92bff6346c08d,2019-01,North Wales Police,North Wales Police,-2.983421,53.035089,On or near Thomas Court,W01000382,Wrexham 012B,Criminal damage and arson,Investigation complete; no suspect identified,
012846dc4bd65ed8d6ab8ad9033452947cf85339755d96623cd16ca4f28efa7b,2019-01,North Wales Police,North Wales Police,-2.982954,53.035551,On or near Hackett Court,W01000382,Wrexham 012B,Other theft,Unable to prosecute suspect,
1422f739c731d1fca8a0163abd6f46fdf3a07e3e3f46f5eb2fcac5faf3d7c51d,2019-01,North Wales Police,North Wales Police,-2.989663,53.040692,On or near Petrol Station,W01000382,Wrexham 012B,Public order,Further investigation is not in the public interest,
33b1cd6d55d0741bc774beedf55308b65a041009a694f9f7596f98206c60d539,2019-01,North Wales Police,North Wales Police,-2.989663,53.040692,On or near Petrol Station,W01000382,Wrexham 012B,Public order,Under investigation,
48a5411705dab02b3f9645a855d748061f59f8a1997e00aa782e6d9d46818790,2019-01,North Wales Police,North Wales Police,-2.984846,53.038754,On or near Nelson Street,W01000382,Wrexham 012B,Shoplifting,Formal action is not in the public interest,
5f7c1d3df732284105728f234f114a67bdb54529eb9fb3e8e3e2477acfd9dc9e,2019-01,North Wales Police,North Wales Police,-2.989663,53.040692,On or near Petrol Station,W01000382,Wrexham 012B,Violence and sexual offences,Unable to prosecute suspect,
68b122b7a98c07ab748e8752d3226b0c0e422146380a1f41fc776599de5b1f7b,2019-01,North Wales Police,North Wales Police,-2.981781,53.035786,On or near Bell Court,W01000382,Wrexham 012B,Violence and sexual offences,Awaiting court outcome,
c000905a11b80d9a1df61999f4233dfe51491c80dcbfd2adf5e9212e10893c1e,2019-01,North Wales Police,North Wales Police,-2.984846,53.038754,On or near Nelson Street,W01000382,Wrexham 012B,Violence and sexual offences,Unable to prosecute suspect,
,2019-01,North Wales Police,North Wales Police,-2.966840,53.035863,On or near Eastfield Court,W01000423,Wrexham 012D,Anti-social behaviour,,
,2019-01,North Wales Police,North Wales Police,-2.976620,53.041006,On or near Parking Area,W01000423,Wrexham 012D,Anti-social behaviour,,
,2019-01,North Wales Police,North Wales Police,-2.968160,53.036886,On or near Tan Y Coed,W01000423,Wrexham 012D,Anti-social behaviour,,
,2019-01,North Wales Police,North Wales Police,-2.967054,53.038765,On or near Coed-Y-Bryn,W01000423,Wrexham 012D,Anti-social behaviour,,
,2019-01,North Wales Police,North Wales Police,-2.968160,53.036886,On or near Tan Y Coed,W01000423,Wrexham 012D,Anti-social behaviour,,
,2019-01,North Wales Police,North Wales Police,-2.966840,53.035863,On or near Eastfield Court,W01000423,Wrexham 012D,Anti-social behaviour,,
,2019-01,North Wales Police,North Wales Police,-2.967054,53.038765,On or near Coed-Y-Bryn,W01000423,Wrexham 012D,Anti-social behaviour,,
,2019-01,North Wales Police,North Wales Police,-2.976620,53.041006,On or near Parking Area,W01000423,Wrexham 012D,Anti-social behaviour,,
,2019-01,North Wales Police,North Wales Police,-2.972837,53.040606,On or near Queensway,W01000423,Wrexham 012D,Anti-social behaviour,,
426529a53a10a8480f093a46356c57bd3fb8d6c3a8806e1ffccfbf3da9027316,2019-01,North Wales Police,North Wales Police,-2.966151,53.034403,On or near Brook Close,W01000423,Wrexham 012D,Burglary,Under investigation,
8a83f3a2151dbd93e396a3b8ac0ebc76b21561bd54b2c083394e7f71dbb1c717,2019-01,North Wales Police,North Wales Police,-2.976620,53.041006,On or near Parking Area,W01000423,Wrexham 012D,Criminal damage and arson,Investigation complete; no suspect identified,
2f42eff1c7ec7cbad1a4a2bf66493c438272cab9f73015ce8c4331e4922e1d34,2019-01,North Wales Police,North Wales Police,-2.968160,53.036886,On or near Tan Y Coed,W01000423,Wrexham 012D,Criminal damage and arson,Investigation complete; no suspect identified,
69bdca0c18c10abfb2a97a0b6167f65b0c0d7c78f19780e1813a53b6a35f7121,2019-01,North Wales Police,North Wales Police,-2.968160,53.036886,On or near Tan Y Coed,W01000423,Wrexham 012D,Criminal damage and arson,Investigation complete; no suspect identified,
3ec4d19e779424cd6d9c4ad951d9bab88bc5e373c9f2828c8afcb273de1e57e8,2019-01,North Wales Police,North Wales Police,-2.968160,53.036886,On or near Tan Y Coed,W01000423,Wrexham 012D,Criminal damage and arson,Under investigation,
43ab6408beb7b15e77dd043cd514d91b8bae59a5fb973bc4ef74dcb4161d462f,2019-01,North Wales Police,North Wales Police,-2.968160,53.036886,On or near Tan Y Coed,W01000423,Wrexham 012D,Drugs,Offender given a drugs possession warning,
608fbaac69402e2eee711e4832a594a78f88af369290edc27fb0266b871c1340,2019-01,North Wales Police,North Wales Police,-2.976620,53.041006,On or near Parking Area,W01000423,Wrexham 012D,Other theft,Investigation complete; no suspect identified,
0533084c8e6a83aaf2a878edc51681ce63aebd168944d985a459bdb364dc642d,2019-01,North Wales Police,North Wales Police,-2.976620,53.041006,On or near Parking Area,W01000423,Wrexham 012D,Other theft,Unable to prosecute suspect,
e9d5fc193e509b88fa35fdcf1932b7febeb92f57e1cdee452b69b55656ca71a2,2019-01,North Wales Police,North Wales Police,-2.976620,53.041006,On or near Parking Area,W01000423,Wrexham 012D,Other theft,Unable to prosecute suspect,
6dff5c6b5d242912c5d2f4ebf9a566d5b1d2e5d13fad483a9385f9835e4887f9,2019-01,North Wales Police,North Wales Police,-2.966151,53.034403,On or near Brook Close,W01000423,Wrexham 012D,Other theft,Investigation complete; no suspect identified,
7a1df391aa8d2e54eeb2987e410173d46913be9de6170b04f5ce6d8c61473aaa,2019-01,North Wales Police,North Wales Police,-2.967407,53.035885,On or near Westfield Court,W01000423,Wrexham 012D,Other theft,Unable to prosecute suspect,
126fe6c2097bb70ada4fbad058bed20beaa17cd86c65286304591ba56bd9d1f6,2019-01,North Wales Police,North Wales Police,-2.976620,53.041006,On or near Parking Area,W01000423,Wrexham 012D,Other theft,Unable to prosecute suspect,
f41cb7d4042ee36f8f0418618d682192b4e703942a5108e0392cbbac234a3e6a,2019-01,North Wales Police,North Wales Police,-2.978102,53.039277,On or near Rubery Way,W01000423,Wrexham 012D,Public order,Awaiting court outcome,
7c8fdbc57bac206b2233f81fc2fa5520cf085fbd33028a2ed173b0c939715b39,2019-01,North Wales Police,North Wales Police,-2.976620,53.041006,On or near Parking Area,W01000423,Wrexham 012D,Public order,Further investigation is not in the public interest,
1faf73cbb500d0004539b938229f5006ac89791654434485088248198b7768b5,2019-01,North Wales Police,North Wales Police,-2.976620,53.041006,On or near Parking Area,W01000423,Wrexham 012D,Public order,Awaiting court outcome,
df697be97d382f0c9a95fa6363b6cb3eb7bb32a9ab31178f61ebe5104cad429c,2019-01,North Wales Police,North Wales Police,-2.967054,53.038765,On or near Coed-Y-Bryn,W01000423,Wrexham 012D,Vehicle crime,Investigation complete; no suspect identified,
63a9f6b3adcaa89c5768a36a4c337402296232280f24827742c93b3c84183161,2019-01,North Wales Police,North Wales Police,-2.965850,53.037615,On or near Pentre Gwyn,W01000423,Wrexham 012D,Violence and sexual offences,Further investigation is not in the public interest,
e09b5a948251ca5fe596f124a16a3d18f32d0ceae3677938b95615adef8aa302,2019-01,North Wales Police,North Wales Police,-2.965850,53.037615,On or near Pentre Gwyn,W01000423,Wrexham 012D,Violence and sexual offences,Further investigation is not in the public interest,
a72cb7226d67e15b14155184c58f25069cd354befa53629b8f86f641197ea3c5,2019-01,North Wales Police,North Wales Police,-2.976620,53.041006,On or near Parking Area,W01000423,Wrexham 012D,Violence and sexual offences,Unable to prosecute suspect,
4ccfef4690cc17a299dd6e8c2a39500b5d59e19754b583ae923b264af4465fe4,2019-01,North Wales Police,North Wales Police,-2.972837,53.040606,On or near Queensway,W01000423,Wrexham 012D,Violence and sexual offences,Unable to prosecute suspect,
4aea27b220c1013cef29196858981fe0a66c2c6fe4826f63890a6593c1536f4d,2019-01,North Wales Police,North Wales Police,-2.979778,53.039533,On or near Clwyd Wen,W01000423,Wrexham 012D,Violence and sexual offences,Awaiting court outcome,
2797806c4a350e89f50c5d1b43e4bb2368bfcb725f8ea17c15991ac79f1ea440,2019-01,North Wales Police,North Wales Police,-2.967054,53.038765,On or near Coed-Y-Bryn,W01000423,Wrexham 012D,Violence and sexual offences,Formal action is not in the public interest,
0c5589694cc3b7fe09625a4d193a1ea26790b5d9885bbe225bcd58d0d439c154,2019-01,North Wales Police,North Wales Police,-2.966605,53.035362,On or near Faircroft Court,W01000423,Wrexham 012D,Violence and sexual offences,Unable to prosecute suspect,
a7ece7bd7215f507094d71e26228fe6a8b98664e6ed3776cf9dd79871b4865c0,2019-01,North Wales Police,North Wales Police,-2.976620,53.041006,On or near Parking Area,W01000423,Wrexham 012D,Violence and sexual offences,Unable to prosecute suspect,
046e1961ef1d27844629ae3686ced0f11f54d72d028c831966e362d734ee7237,2019-01,North Wales Police,North Wales Police,-2.967054,53.038765,On or near Coed-Y-Bryn,W01000423,Wrexham 012D,Violence and sexual offences,Investigation complete; no suspect identified,
579c39a894c6df3ae9974a3566e3ea4365a7f301827c3855cf407b8e6a2af6e9,2019-01,North Wales Police,North Wales Police,-2.981074,53.039477,On or near Connor Crescent,W01000423,Wrexham 012D,Violence and sexual offences,Under investigation,
db5277761e64691d32d356848d6f673f703becfa409d70f19839e7bef5ecd37f,2019-01,North Wales Police,North Wales Police,-2.978102,53.039277,On or near Rubery Way,W01000423,Wrexham 012D,Violence and sexual offences,Under investigation,
3bb39ee77852dcc0d733ce697e9ce01b53fbbc2aeacfb14e6dada7b3ef47fed7,2019-01,North Wales Police,North Wales Police,-2.976620,53.041006,On or near Parking Area,W01000423,Wrexham 012D,Violence and sexual offences,Unable to prosecute suspect,
18ef3f5c8f11c9bff118c9a4e4a3a42591ccc8b41416e7dcaa6c0c3ed3b3ae61,2019-01,North Wales Police,North Wales Police,-2.968160,53.036886,On or near Tan Y Coed,W01000423,Wrexham 012D,Violence and sexual offences,Further investigation is not in the public interest,
893867dd0ecfbe5f2c6edf2633b68839255e5b5e776ef6852c8fe822af7ac253,2019-01,North Wales Police,North Wales Police,-2.968160,53.036886,On or near Tan Y Coed,W01000423,Wrexham 012D,Other crime,Further investigation is not in the public interest,
,2019-01,North Wales Police,North Wales Police,-2.979173,53.036517,On or near Kingsmills Road,W01000424,Wrexham 012E,Anti-social behaviour,,
,2019-01,North Wales Police,North Wales Police,-2.979173,53.036517,On or near Kingsmills Road,W01000424,Wrexham 012E,Anti-social behaviour,,
f7c49199cdf8506d5ba80ba8680cdf2df352d79df00f881614367e9f646a8959,2019-01,North Wales Police,North Wales Police,-2.980520,53.040021,On or near Hampson Avenue,W01000424,Wrexham 012E,Burglary,Investigation complete; no suspect identified,
929ab83a96dafb20401ac6cd5deeff1e4e7845684bc608ed6669c15df019d7d5,2019-01,North Wales Police,North Wales Police,-2.983754,53.040570,On or near Newton Street,W01000424,Wrexham 012E,Burglary,Investigation complete; no suspect identified,
488141be31760501ee2878328c9b4ce88b15b0f56340b1cdb8ca97808aca3c5f,2019-01,North Wales Police,North Wales Police,-2.980870,53.037717,On or near Kings Close,W01000424,Wrexham 012E,Drugs,Offender given a drugs possession warning,
90157aa418a0d1e17274d4125a4daa6fe6b808053bfba7266dec497bf076c796,2019-01,North Wales Police,North Wales Police,-2.985735,53.041084,On or near Derby Road,W01000424,Wrexham 012E,Other theft,Under investigation,
f741c2431992bc69598279804b8422544f35f0e286b2fd388442070f3b4b7c8c,2019-01,North Wales Police,North Wales Police,-2.976395,53.036342,On or near The Orchards,W01000424,Wrexham 012E,Public order,Investigation complete; no suspect identified,
7a37ace1d3b2f5050af5e8cdbe1e040038e5000fb57853c980e141a9dadb6968,2019-01,North Wales Police,North Wales Police,-2.978587,53.038293,On or near Millbank Rise,W01000424,Wrexham 012E,Public order,Offender given a caution,
950dc1d4780dd2dc2e31885ef567a35c749e9d51c518475a1e6bbea250c0bc57,2019-01,North Wales Police,North Wales Police,-2.983895,53.040191,On or near St John'S Street,W01000424,Wrexham 012E,Shoplifting,Investigation complete; no suspect identified,
d471c2a42690ca83c08cc0b33ab0151004aedd2d337c9e1f9c3889164e138df0,2019-01,North Wales Police,North Wales Police,-2.984219,53.039379,On or near Kingsmills Road,W01000424,Wrexham 012E,Violence and sexual offences,Unable to prosecute suspect,
f5cc2ae1d537f24cb515a862bef0f0cca242c6ceae7611f4ffde26d1051da6d6,2019-01,North Wales Police,North Wales Police,-2.981732,53.038869,On or near Warwick Avenue,W01000424,Wrexham 012E,Violence and sexual offences,Unable to prosecute suspect,
caf3d029e773837bfdc9fbb3280799171c66cff0daceff7bdf22ce1c1bf75e05,2019-01,North Wales Police,North Wales Police,-2.978587,53.038293,On or near Millbank Rise,W01000424,Wrexham 012E,Violence and sexual offences,Formal action is not in the public interest,
3c31c6f57e6febcb27303d7a53ee995f01fcf4f152a6759f97ffb618569d505b,2019-01,North Wales Police,North Wales Police,-2.979173,53.036517,On or near Kingsmills Road,W01000424,Wrexham 012E,Violence and sexual offences,Under investigation,
,2019-01,North Wales Police,North Wales Police,-2.985667,53.045327,On or near Manley Road,W01001929,Wrexham 012F,Anti-social behaviour,,
f767df9ea2d1f577881c0fb95372768937d3945e82ba0408ec4698f41310ef3f,2019-01,North Wales Police,North Wales Police,-2.979160,53.041893,On or near Pont Wen,W01001929,Wrexham 012F,Burglary,Investigation complete; no suspect identified,
5a2ed28ee940fe4e91e59e39781ed31031670d8bf57f3e55cdb7b15c40b214c0,2019-01,North Wales Police,North Wales Police,-2.983973,53.044946,On or near Palmer Street,W01001929,Wrexham 012F,Burglary,Under investigation,
7a0e8684f9d34880051318a717f09072d169a6d3939ce9cc401c4173a0537aed,2019-01,North Wales Police,North Wales Police,-2.979160,53.041893,On or near Pont Wen,W01001929,Wrexham 012F,Criminal damage and arson,Investigation complete; no suspect identified,
bdf825ade325ad46cc2d9218e8c3a022a0c471b4b05dbf1ff9bc71c76c0ca32e,2019-01,North Wales Police,North Wales Police,-2.979160,53.041893,On or near Pont Wen,W01001929,Wrexham 012F,Vehicle crime,Investigation complete; no suspect identified,
f49d0edce0889a4e472b11c57078b22f0e6cc3a36801335acb7001739fc516c3,2019-01,North Wales Police,North Wales Police,-2.979160,53.041893,On or near Pont Wen,W01001929,Wrexham 012F,Violence and sexual offences,Awaiting court outcome,
0833d3ec2497c9f698e100da08d91bbd39ffaabf0257992aaa06de589fa39b22,2019-01,North Wales Police,North Wales Police,-2.982574,53.043789,On or near Bernard Road,W01001929,Wrexham 012F,Violence and sexual offences,Offender sent to prison,
948c42b7ac9b5cb07c3e18775a048cdc2fd6b2eec5c8eae9c0023ec39aacb4c0,2019-01,North Wales Police,North Wales Police,-2.979160,53.041893,On or near Pont Wen,W01001929,Wrexham 012F,Violence and sexual offences,Awaiting court outcome,
f1da3a28cbcf7878d84f8bbc87b9c774e395e0797313fc325684561637412941,2019-01,North Wales Police,North Wales Police,-2.979160,53.041893,On or near Pont Wen,W01001929,Wrexham 012F,Violence and sexual offences,Awaiting court outcome,
46bc4d489e49e340fe31fc6bd9f90113287d933f82b28af12eb9d1a5b88cd4ca,2019-01,North Wales Police,North Wales Police,-2.985667,53.045327,On or near Manley Road,W01001929,Wrexham 012F,Violence and sexual offences,Unable to prosecute suspect,
7038ddf6417bb5feae4506f4cd46e3e1155d8ce9c55b17b84aec95f55cf30adf,2019-01,North Wales Police,North Wales Police,-2.979160,53.041893,On or near Pont Wen,W01001929,Wrexham 012F,Violence and sexual offences,Unable to prosecute suspect,
e810ef9fb74f299ba9ca99a20c3cd0b58c33468707667e41ba9c868a3614c439,2019-01,North Wales Police,North Wales Police,-2.985667,53.045327,On or near Manley Road,W01001929,Wrexham 012F,Violence and sexual offences,Unable to prosecute suspect,
d873308d739c75631946b97aa16490aa191f1ff0ba5610d9c1e19e96a0fe73f2,2019-01,North Wales Police,North Wales Police,-2.983973,53.044946,On or near Palmer Street,W01001929,Wrexham 012F,Violence and sexual offences,Under investigation,
19bc566b32e8d55d84bacf29920790daf2cd3c480b400494503b096b715660ec,2019-01,North Wales Police,North Wales Police,-2.979160,53.041893,On or near Pont Wen,W01001929,Wrexham 012F,Violence and sexual offences,Awaiting court outcome,
db7e8257070f42db793ec84cf93719b03f3f3ec4248a2d05f9b387f7adcbcb91,2019-01,North Wales Police,North Wales Police,-2.979160,53.041893,On or near Pont Wen,W01001929,Wrexham 012F,Violence and sexual offences,Investigation complete; no suspect identified,
83c42d7adf37a3c6137f309b4b92316ca85e63d8f241cd9b9e12b1eef2ee1b62,2019-01,North Wales Police,North Wales Police,-2.979160,53.041893,On or near Pont Wen,W01001929,Wrexham 012F,Violence and sexual offences,Awaiting court outcome,
84cf796d9ec9d2ad3e7a728e9561fdddf4337d7e1713f90699cc3716b371f1db,2019-01,North Wales Police,North Wales Police,-2.979160,53.041893,On or near Pont Wen,W01001929,Wrexham 012F,Violence and sexual offences,Unable to prosecute suspect,
fa4b6c0bbcb828b8cdacabc7f2ac530c606c01b0babe12efbc6805ce529774a8,2019-01,North Wales Police,North Wales Police,-2.979160,53.041893,On or near Pont Wen,W01001929,Wrexham 012F,Violence and sexual offences,Awaiting court outcome,
5bdbfb8ba655ba92bbce0bc04ec6ed020976e4ccf95e72084dd8f7dc29693b8f,2019-01,North Wales Police,North Wales Police,-2.979160,53.041893,On or near Pont Wen,W01001929,Wrexham 012F,Violence and sexual offences,Awaiting court outcome,
241f05d152ff25dae4d1f55d225d26a497d84c1cfba6144030a2a66d9e269e44,2019-01,North Wales Police,North Wales Police,-2.979160,53.041893,On or near Pont Wen,W01001929,Wrexham 012F,Violence and sexual offences,Unable to prosecute suspect,
2510afb9e4b4f3d47076b9e357ccd14205febe8b59024d353b53eab2c14f5847,2019-01,North Wales Police,North Wales Police,-2.982574,53.043789,On or near Bernard Road,W01001929,Wrexham 012F,Violence and sexual offences,Investigation complete; no suspect identified,
e004ca846b8292bc12f51d6d89fccc56cae553cb0ecad31ac6648b6611ed9884,2019-01,North Wales Police,North Wales Police,-2.979160,53.041893,On or near Pont Wen,W01001929,Wrexham 012F,Violence and sexual offences,Investigation complete; no suspect identified,
2caa84752f21a6f95774d6ae894e906b415baf7f71d0f0a6636726b7673f0766,2019-01,North Wales Police,North Wales Police,-2.979160,53.041893,On or near Pont Wen,W01001929,Wrexham 012F,Violence and sexual offences,Awaiting court outcome,
d082d2f0d33c4f312f6f295875c7f26732e9beea55f3b60c2b4b503f0755cf36,2019-01,North Wales Police,North Wales Police,-2.979160,53.041893,On or near Pont Wen,W01001929,Wrexham 012F,Violence and sexual offences,Awaiting court outcome,
9e340d73b6ab127c0df758da98116b9cac16f0bc5134a7abf177acad8db5580e,2019-01,North Wales Police,North Wales Police,-2.979160,53.041893,On or near Pont Wen,W01001929,Wrexham 012F,Violence and sexual offences,Awaiting court outcome,
3b97726359dbdb400692250b076fd66c22136e2249ef1c01d50366d21c4e219b,2019-01,North Wales Police,North Wales Police,-2.985667,53.045327,On or near Manley Road,W01001929,Wrexham 012F,Violence and sexual offences,Unable to prosecute suspect,
7e2018d79df84af87e10924abd8db6eac8b9ea57a4c5252c4fc9423228e83510,2019-01,North Wales Police,North Wales Police,-2.979160,53.041893,On or near Pont Wen,W01001929,Wrexham 012F,Violence and sexual offences,Unable to prosecute suspect,
31e3ed909edadcbcf65e4d4f8996b465e98c217e5f806f57bfdb4ef9d11669e7,2019-01,North Wales Police,North Wales Police,-2.983973,53.044946,On or near Palmer Street,W01001929,Wrexham 012F,Violence and sexual offences,Under investigation,
2db9e98e01627f001ddfc32ae6b6ec71f23f088ccc6b0956ac355689bf377fa0,2019-01,North Wales Police,North Wales Police,-2.979160,53.041893,On or near Pont Wen,W01001929,Wrexham 012F,Violence and sexual offences,Awaiting court outcome,
f42ea1cb75e2bdbc9ae7253beaf97ebd381aaf2d1cadc3fdb4395fa4c1a32e01,2019-01,North Wales Police,North Wales Police,-2.979160,53.041893,On or near Pont Wen,W01001929,Wrexham 012F,Violence and sexual offences,Unable to prosecute suspect,
1a944ccbd077de079f59b0b3137c5241b67b11c0147e3cd2af506a690c3e51db,2019-01,North Wales Police,North Wales Police,-2.979160,53.041893,On or near Pont Wen,W01001929,Wrexham 012F,Other crime,Investigation complete; no suspect identified,
b66527c184542452f70a1bc9e60738e1adc729c36e205b047cac2033b00441d6,2019-01,North Wales Police,North Wales Police,-2.979160,53.041893,On or near Pont Wen,W01001929,Wrexham 012F,Other crime,Investigation complete; no suspect identified,
5864c1dff6267650e758d5f6cc953956fe519cb9fc40c5dd51ffe6785c686efd,2019-01,North Wales Police,North Wales Police,-2.979160,53.041893,On or near Pont Wen,W01001929,Wrexham 012F,Other crime,Awaiting court outcome,
425a405b12362475f8811fc844bc6ae0615b1b16ee2883a43df58d78c670b921,2019-01,North Wales Police,North Wales Police,-2.979160,53.041893,On or near Pont Wen,W01001929,Wrexham 012F,Other crime,Investigation complete; no suspect identified,
f2f617323014bfa8530d85c6ad553168f5194d71b3a956539edbeecd5a9d413a,2019-01,North Wales Police,North Wales Police,-2.979160,53.041893,On or near Pont Wen,W01001929,Wrexham 012F,Other crime,Investigation complete; no suspect identified,
472e7017051e685d39f7fbb2d8702f16d55878253aa35872509525cb14de1288,2019-01,North Wales Police,North Wales Police,-2.979160,53.041893,On or near Pont Wen,W01001929,Wrexham 012F,Other crime,Investigation complete; no suspect identified,
d05b12f0d2fe67948caca5cc78c85fb3c74074dd52a6276adcefd72ed9af5961,2019-01,North Wales Police,North Wales Police,-2.979160,53.041893,On or near Pont Wen,W01001929,Wrexham 012F,Other crime,Investigation complete; no suspect identified,
,2019-01,North Wales Police,North Wales Police,-2.990437,53.045836,On or near Parking Area,W01001931,Wrexham 012G,Anti-social behaviour,,
,2019-01,North Wales Police,North Wales Police,-2.985479,53.046246,On or near Crescent Road,W01001931,Wrexham 012G,Anti-social behaviour,,
,2019-01,North Wales Police,North Wales Police,-2.985479,53.046246,On or near Crescent Road,W01001931,Wrexham 012G,Anti-social behaviour,,
,2019-01,North Wales Police,North Wales Police,-2.988107,53.044372,On or near Parking Area,W01001931,Wrexham 012G,Anti-social behaviour,,
,2019-01,North Wales Police,North Wales Police,-2.983301,53.046884,On or near Crescent Close,W01001931,Wrexham 012G,Anti-social behaviour,,
,2019-01,North Wales Police,North Wales Police,-2.987510,53.041087,On or near Albert Street,W01001931,Wrexham 012G,Anti-social behaviour,,
a8420237b159783994c5271350093e90ac52231761e8189f217951403cc00f3a,2019-01,North Wales Police,North Wales Police,-2.983537,53.048716,On or near Wilson Avenue,W01001931,Wrexham 012G,Criminal damage and arson,Investigation complete; no suspect identified,
83fd50483459b1ce18fbbb3797ef653de12f9e81dd2264511d7d3eb9f82b043e,2019-01,North Wales Police,North Wales Police,-2.986051,53.043185,On or near Hightown Road,W01001931,Wrexham 012G,Criminal damage and arson,Investigation complete; no suspect identified,
a15aa85822ccb176341e22f11b555d042844814b401905a9adb54f76051a00cb,2019-01,North Wales Police,North Wales Police,-2.985479,53.046246,On or near Crescent Road,W01001931,Wrexham 012G,Other theft,Under investigation,
ba0f20ec7c255852b61a81302096877e44c74538277c2d18cfa9f4a3f9c7f249,2019-01,North Wales Police,North Wales Police,-2.988107,53.044372,On or near Parking Area,W01001931,Wrexham 012G,Public order,Investigation complete; no suspect identified,
131f9ff8a32d80610fc5f4ec16582006965db8d218b2dfd6b4e1312a6d2c98ee,2019-01,North Wales Police,North Wales Police,-2.987510,53.041087,On or near Albert Street,W01001931,Wrexham 012G,Public order,Investigation complete; no suspect identified,
ba30e30e3fbcbacabaf6c763d97e6c3c9adfc0d361fb201b72e5ff8a7ba99a26,2019-01,North Wales Police,North Wales Police,-2.988698,53.046111,On or near A5152,W01001931,Wrexham 012G,Shoplifting,Awaiting court outcome,
5b3afbc686246a88c8c12cde50f9789ce86fdd83df7462f35351746aeb003ae0,2019-01,North Wales Police,North Wales Police,-2.983537,53.048716,On or near Wilson Avenue,W01001931,Wrexham 012G,Shoplifting,Investigation complete; no suspect identified,
b742956f52b8e34dfc57f4131aad01e6b91ac66c904dabbf4149e9075377ed0d,2019-01,North Wales Police,North Wales Police,-2.988698,53.046111,On or near A5152,W01001931,Wrexham 012G,Shoplifting,Investigation complete; no suspect identified,
88349855abfead9e404abb04b0747cda20faa681f56bb25cf4fc028bad76e13a,2019-01,North Wales Police,North Wales Police,-2.988698,53.046111,On or near A5152,W01001931,Wrexham 012G,Shoplifting,Under investigation,
3e69824637e87e234a737344779acfbb2cdf331824f29070db3bcc4a8f150529,2019-01,North Wales Police,North Wales Police,-2.988698,53.046111,On or near A5152,W01001931,Wrexham 012G,Shoplifting,Unable to prosecute suspect,
ebe0d8a52001dab397e3e9641ba4c7b3e19c6d588a33e06e22a2df767d23d866,2019-01,North Wales Police,North Wales Police,-2.983301,53.046884,On or near Crescent Close,W01001931,Wrexham 012G,Shoplifting,Under investigation,
b8efaaf3fb15adb4eb112df4e657c1eed03b47803f86fc67488ef48434f7da91,2019-01,North Wales Police,North Wales Police,-2.988698,53.046111,On or near A5152,W01001931,Wrexham 012G,Shoplifting,Awaiting court outcome,
9389cf3d10cdb9aeaf053f69be070d1b8b3ccb2d830bc983a8bd5837d5b81d57,2019-01,North Wales Police,North Wales Police,-2.988107,53.044372,On or near Parking Area,W01001931,Wrexham 012G,Shoplifting,Awaiting court outcome,
c68b56e21b344eabfc1a606c5b59ff58abca34402c2b5942d311ec13a2b08750,2019-01,North Wales Police,North Wales Police,-2.988698,53.046111,On or near A5152,W01001931,Wrexham 012G,Shoplifting,Awaiting court outcome,
599afb89a1d346c40f757da2b62227df2645111c08dd99260bccd918f45f2dc2,2019-01,North Wales Police,North Wales Police,-2.988107,53.044372,On or near Parking Area,W01001931,Wrexham 012G,Shoplifting,Investigation complete; no suspect identified,
425d96782b9a366ca37138ffea85786ee62eac3599c08d2b87155f93b788eea7,2019-01,North Wales Police,North Wales Police,-2.983301,53.046884,On or near Crescent Close,W01001931,Wrexham 012G,Vehicle crime,Investigation complete; no suspect identified,
0c97eb748f4b584f797035569ce3e9d61928e9ffc97d0e6857ca8c96dc26341f,2019-01,North Wales Police,North Wales Police,-2.982623,53.047888,On or near Portal Avenue,W01001931,Wrexham 012G,Violence and sexual offences,Defendant found not guilty,
2d75d145e2f9062b9e2b17dd5a47f1dfae16698454b74d6a41039f09ef2bd68b,2019-01,North Wales Police,North Wales Police,-2.982623,53.047888,On or near Portal Avenue,W01001931,Wrexham 012G,Violence and sexual offences,Unable to prosecute suspect,
caec708c457afb43d269f2157b9e3c43631a1ac589948bd57ce3311e37422fe6,2019-01,North Wales Police,North Wales Police,-2.983301,53.046884,On or near Crescent Close,W01001931,Wrexham 012G,Violence and sexual offences,Further investigation is not in the public interest,
f7a94cdbbaa701f6b647b1ef2a29744c9a3b034b8162aef9c88cdf47402a3bae,2019-01,North Wales Police,North Wales Police,-2.988698,53.046111,On or near A5152,W01001931,Wrexham 012G,Violence and sexual offences,Unable to prosecute suspect,
b4165857d8658dcdfd1975d7a598411949999d0c62a1fe4dd9435b8b1ab34902,2019-01,North Wales Police,North Wales Police,-2.988378,53.041242,On or near Bury Street,W01001931,Wrexham 012G,Violence and sexual offences,Further investigation is not in the public interest,
99253244c9f975607378f08b1765ecc622f27f3dfb91c1a05d8045450e58b51f,2019-01,North Wales Police,North Wales Police,-2.991548,53.044820,On or near Yorke Street,W01001931,Wrexham 012G,Violence and sexual offences,Unable to prosecute suspect,
b9043fa568e8853093de64277904a8804a67856560b2d6011104f6f3d4102f5f,2019-01,North Wales Police,North Wales Police,-2.982623,53.047888,On or near Portal Avenue,W01001931,Wrexham 012G,Violence and sexual offences,Defendant found not guilty,
3ac86dfa73f7c4a24abd12dbfc7d4bb4df9e4cd1a9b4c5aa77d630a1e23ba591,2019-01,North Wales Police,North Wales Police,-2.983301,53.046884,On or near Crescent Close,W01001931,Wrexham 012G,Violence and sexual offences,Unable to prosecute suspect,
d683bb18d120564a941e1dad48f890e3948e8ecad09c28109c6ff38d48afcf56,2019-01,North Wales Police,North Wales Police,-2.991548,53.044820,On or near Yorke Street,W01001931,Wrexham 012G,Violence and sexual offences,Awaiting court outcome,
ba5a8e8771072b3e2712adec17f10b24d48382b7d24b47318976d03b2796d4c2,2019-01,North Wales Police,North Wales Police,-3.078126,53.061066,On or near Bus/Coach Station,W01000398,Wrexham 013A,Burglary,Unable to prosecute suspect,
59f5d1f9801275c11bf7ca709cb24bd4bb97dbaa77c2004b987aa530175c2d23,2019-01,North Wales Police,North Wales Police,-3.086247,53.059401,On or near Min-Y-Grug,W01000398,Wrexham 013A,Criminal damage and arson,Local resolution,
d3925714737bc1b740f5c3e88d750498abeeeb58c0911b3921c8be3f3a04b8b3,2019-01,North Wales Police,North Wales Police,-3.086247,53.059401,On or near Min-Y-Grug,W01000398,Wrexham 013A,Criminal damage and arson,Local resolution,
886a2de1528739cea56473dfb7897ec32f6a265db8db8f546e5e7b53b094e37d,2019-01,North Wales Police,North Wales Police,-3.074434,53.047013,On or near Stryt Y Scweiar,W01000398,Wrexham 013A,Other theft,Investigation complete; no suspect identified,
4d2d9d37358323ed370e4a98411a5272636061df22d6d5d177aff8dac08a64cd,2019-01,North Wales Police,North Wales Police,-3.092837,53.059790,On or near Church Road,W01000398,Wrexham 013A,Public order,Under investigation,
2b27f690042035bc3fc21c2c70c73e795fb9d9ce926261f9730037a66f35d584,2019-01,North Wales Police,North Wales Police,-3.078540,53.057331,On or near Nant Lais,W01000398,Wrexham 013A,Violence and sexual offences,Further investigation is not in the public interest,
d6d556b25abf6c9e128487bff2df8134f4e0bcd9aa0b059fae1a2388fa01d14e,2019-01,North Wales Police,North Wales Police,-3.092837,53.059790,On or near Church Road,W01000398,Wrexham 013A,Violence and sexual offences,Unable to prosecute suspect,
462973c87d1c210a1f032645281bd16bc8a312baa73697f0c43cb73182f6edea,2019-01,North Wales Police,North Wales Police,-3.086740,53.060053,On or near Mwyn Ffordd,W01000398,Wrexham 013A,Violence and sexual offences,Awaiting court outcome,
fbc041858a827c760f2e3b054eb8c770907f9aa9f515f46243900f8831d9cdda,2019-01,North Wales Police,North Wales Police,-3.078540,53.057331,On or near Nant Lais,W01000398,Wrexham 013A,Violence and sexual offences,Unable to prosecute suspect,
48fb200672d64c5535ba0f6ace033a881c72c949f0fbb50e97398fab51d55e67,2019-01,North Wales Police,North Wales Police,-3.084257,53.063950,On or near Gegin Road,W01000398,Wrexham 013A,Violence and sexual offences,Under investigation,
,2019-01,North Wales Police,North Wales Police,-3.092479,53.072792,On or near Cefn Lane,W01000399,Wrexham 013B,Anti-social behaviour,,
092a528dc7b9c63c8a60f23a1c12afdee8d9d483c335e597e9d8d440b31aeb8a,2019-01,North Wales Police,North Wales Police,-3.101640,53.073786,On or near Stryt Maelor,W01000399,Wrexham 013B,Violence and sexual offences,Unable to prosecute suspect,
0da3b9a63bb2f2a375efcdf2f46be5e6dd20d1cb55842eddbcabf3174658ce04,2019-01,North Wales Police,North Wales Police,-3.102662,53.072914,On or near Wesley Road,W01000399,Wrexham 013B,Violence and sexual offences,Unable to prosecute suspect,
,2019-01,North Wales Police,North Wales Police,-3.057442,53.000051,On or near Coed-Y-Graig,W01000406,Wrexham 013C,Anti-social behaviour,,
,2019-01,North Wales Police,North Wales Police,-3.067537,53.002127,On or near Bryn Eitha,W01000406,Wrexham 013C,Anti-social behaviour,,
,2019-01,North Wales Police,North Wales Police,-3.067537,53.002127,On or near Bryn Eitha,W01000406,Wrexham 013C,Anti-social behaviour,,
ff2756535783383b362904aa9bc00bdc4f9102f61e4022a70796da19fd4ed5d1,2019-01,North Wales Police,North Wales Police,-3.069729,53.001586,On or near Poplar Road,W01000406,Wrexham 013C,Bicycle theft,Investigation complete; no suspect identified,
be3fc6fe01278c5c2d313dd6361034e0fc783088f491c9315e56c55f6fb217e3,2019-01,North Wales Police,North Wales Police,-3.061123,53.000656,On or near Bryn Afon,W01000406,Wrexham 013C,Burglary,Investigation complete; no suspect identified,
f69db16da49c2499f9df69511dbda56d967aaeab327fb0e7f2cffb5ac00ea566,2019-01,North Wales Police,North Wales Police,-3.058542,53.000562,On or near Trem-Y-Gardden,W01000406,Wrexham 013C,Burglary,Investigation complete; no suspect identified,
4503f8c528b0fb6472b92c9e539f436da65b686e002fe162214303b3c6271b2a,2019-01,North Wales Police,North Wales Police,-3.059496,53.001767,On or near Delfryn,W01000406,Wrexham 013C,Criminal damage and arson,Investigation complete; no suspect identified,
4de8f1410f9a878bffe5c82c20bfa2d10ddf3cf4b011f31d77d179f70d130e28,2019-01,North Wales Police,North Wales Police,-3.062596,52.999357,On or near Ffordd Afoneitha,W01000406,Wrexham 013C,Criminal damage and arson,Investigation complete; no suspect identified,
fe53b9d223e05832ea5f27febf14d6885e039be2d5b80e63556e72a9058cb828,2019-01,North Wales Police,North Wales Police,-3.064689,53.003276,On or near Stryt-Issa,W01000406,Wrexham 013C,Criminal damage and arson,Investigation complete; no suspect identified,
b11e3169d4011d94cd29545c87a70a163fac5d0b2708c1de76b3f1deb8a765a9,2019-01,North Wales Police,North Wales Police,-3.062162,53.000485,On or near Awelfryn,W01000406,Wrexham 013C,Other theft,Under investigation,
c3c469858832c545c76d5ae47e5642fec1059244acc62aa195d94d4d08f51824,2019-01,North Wales Police,North Wales Police,-3.058741,53.001370,On or near Bronalt,W01000406,Wrexham 013C,Other theft,Formal action is not in the public interest,
faa4df378f34e24c9276555dd1a1178efe8e525dfe21cd8f3b87c0a8f5d2b41c,2019-01,North Wales Police,North Wales Police,-3.068107,53.001070,On or near Pont-Yr-Afon,W01000406,Wrexham 013C,Violence and sexual offences,Unable to prosecute suspect,
f1df1369da8ad44e3df2307d0d54b2c414aedef1ab07ca58336ddb8133ff40a4,2019-01,North Wales Police,North Wales Police,-3.067537,53.002127,On or near Bryn Eitha,W01000406,Wrexham 013C,Violence and sexual offences,Further investigation is not in the public interest,
47befbcdb70a568b0f5e982cdacc393bf9f6888b8f9edb0ad841aaf0334a6bb5,2019-01,North Wales Police,North Wales Police,-3.062596,52.999357,On or near Ffordd Afoneitha,W01000406,Wrexham 013C,Violence and sexual offences,Unable to prosecute suspect,
7a140b053e80e8bc5b9a2da00a8e832790bcf1d2e67c69acfa74b3e6388a5612,2019-01,North Wales Police,North Wales Police,-3.068107,53.001070,On or near Pont-Yr-Afon,W01000406,Wrexham 013C,Violence and sexual offences,Under investigation,
2684c5da4d3ec2b564559715e785a1fcb281be9dc86bb9b2ce5996eed1d4d8d6,2019-01,North Wales Police,North Wales Police,-3.057442,53.000051,On or near Coed-Y-Graig,W01000406,Wrexham 013C,Violence and sexual offences,Unable to prosecute suspect,
f6e5074300619a03b22ec6b15ebf884eaf8f952ceead443919a272833897b00f,2019-01,North Wales Police,North Wales Police,-3.057442,53.000051,On or near Coed-Y-Graig,W01000406,Wrexham 013C,Violence and sexual offences,Further investigation is not in the public interest,
0c979913438e8a5d3b549348315f5522d563d3f56182efcfd940bfa9c5afce51,2019-01,North Wales Police,North Wales Police,-3.063722,53.000930,On or near Oakleigh,W01000406,Wrexham 013C,Violence and sexual offences,Unable to prosecute suspect,
89c85b2d48717e9495047a877c83d292b3a62a1cc8144b3a0e4f6b399b13afe9,2019-01,North Wales Police,North Wales Police,-3.057442,53.000051,On or near Coed-Y-Graig,W01000406,Wrexham 013C,Violence and sexual offences,Investigation complete; no suspect identified,
1e2fd929b75b6e01fa4d1e0d0fdb65647f0b50a7658912ff0ccf7f7f19047395,2019-01,North Wales Police,North Wales Police,-3.062596,52.999357,On or near Ffordd Afoneitha,W01000406,Wrexham 013C,Violence and sexual offences,Unable to prosecute suspect,
d03c9b50733af5c5c7971a139916021a88d63c2d379cd5d8154fb72f024ab123,2019-01,North Wales Police,North Wales Police,-3.067537,53.002127,On or near Bryn Eitha,W01000406,Wrexham 013C,Other crime,Further investigation is not in the public interest,
,2019-01,North Wales Police,North Wales Police,-3.060326,52.996735,On or near Copperas Hill,W01000408,Wrexham 013D,Anti-social behaviour,,
,2019-01,North Wales Police,North Wales Police,-3.079190,53.000925,On or near Bridge Street,W01000408,Wrexham 013D,Anti-social behaviour,,
,2019-01,North Wales Police,North Wales Police,-3.060326,52.996735,On or near Copperas Hill,W01000408,Wrexham 013D,Anti-social behaviour,,
30a8c8c502f9c2b370e0e55f3294a0e52956359bc42ad9d0028dfb72c080a3fe,2019-01,North Wales Police,North Wales Police,-3.076493,52.999745,On or near Bro Awelon,W01000408,Wrexham 013D,Criminal damage and arson,Under investigation,
56106d7ccc718cd0da52889255d8c652a88fdcdbfba008c7004f4d850d943196,2019-01,North Wales Police,North Wales Police,-3.070148,52.999263,On or near Stryt Y Neuadd,W01000408,Wrexham 013D,Public order,Further investigation is not in the public interest,
7375b3177fc0c6dc546118843b01adae6a4862fbb54d610c83ec7b95b61c6ea6,2019-01,North Wales Police,North Wales Police,-3.073467,53.000312,On or near Stryt Yr Allt,W01000408,Wrexham 013D,Vehicle crime,Investigation complete; no suspect identified,
59b30663f1110b65d568be4fc8eb548fea921d6b40cba07976244b633cdebe9d,2019-01,North Wales Police,North Wales Police,-3.070148,52.999263,On or near Stryt Y Neuadd,W01000408,Wrexham 013D,Violence and sexual offences,Unable to prosecute suspect,
a90bbdf03744278f0a52fbda5a5f6697d2d18244657c20d86becb98b57afa392,2019-01,North Wales Police,North Wales Police,-3.070148,52.999263,On or near Stryt Y Neuadd,W01000408,Wrexham 013D,Violence and sexual offences,Unable to prosecute suspect,
60a85240a2996b37f85e45a623abe04591e6401a72050091e993a2ff8431da1f,2019-01,North Wales Police,North Wales Police,-3.076493,52.999745,On or near Bro Awelon,W01000408,Wrexham 013D,Violence and sexual offences,Under investigation,
52bfa84216da4632c015cad921200c06d0ac7498f5f7d3871d26455137e71adf,2019-01,North Wales Police,North Wales Police,-3.079190,53.000925,On or near Bridge Street,W01000408,Wrexham 013D,Violence and sexual offences,Unable to prosecute suspect,
296d6a354436bf5fb62e1b1c0a47c330c964fc0499f5ea721fd1deb48bf25c7c,2019-01,North Wales Police,North Wales Police,-3.072699,52.999977,On or near Hill Close,W01000408,Wrexham 013D,Violence and sexual offences,Unable to prosecute suspect,
,2019-01,North Wales Police,North Wales Police,-3.021206,53.033009,On or near Erddig Close,W01000366,Wrexham 014A,Anti-social behaviour,,
,2019-01,North Wales Police,North Wales Police,-3.028112,53.028697,On or near Tudor Court,W01000366,Wrexham 014A,Anti-social behaviour,,
,2019-01,North Wales Police,North Wales Police,-3.029882,53.033518,On or near Kensington Close,W01000366,Wrexham 014A,Anti-social behaviour,,
6c487bc81e488313b4cc4d5a481f38ac92267a305b442c7aeb64de00448d87eb,2019-01,North Wales Police,North Wales Police,-3.022080,53.032147,On or near Langdale Avenue,W01000366,Wrexham 014A,Criminal damage and arson,Investigation complete; no suspect identified,
f2307d065a1afd94d3bd5fe280e49e2d5e9f30ca0d532c1b986a97604eb7956a,2019-01,North Wales Police,North Wales Police,-3.024599,53.033366,On or near Celmar Grove,W01000366,Wrexham 014A,Criminal damage and arson,Investigation complete; no suspect identified,
4146f38704417c7b83e1be1cca8eb43c70ee3b239e5ccfa14d13b784a0312fba,2019-01,North Wales Police,North Wales Police,-3.023939,53.032536,On or near West Grove,W01000366,Wrexham 014A,Criminal damage and arson,Investigation complete; no suspect identified,
30187ae009720c40b3fa5d06075edbc043b2f68c7d60fe143c78972f821a8ac8,2019-01,North Wales Police,North Wales Police,-3.027632,53.032324,On or near Hill Street,W01000366,Wrexham 014A,Criminal damage and arson,Investigation complete; no suspect identified,
e327aea22e3457baf78e3d9eb9911e136c7a9a375e005c9cdff2f4d34b2deea8,2019-01,North Wales Police,North Wales Police,-3.024909,53.030702,On or near School Street,W01000366,Wrexham 014A,Other theft,Investigation complete; no suspect identified,
75394b5bf69e884b303c1553800b80629d8d89ba0a71ee3404fc2fa3bf4da865,2019-01,North Wales Police,North Wales Police,-3.023241,53.030789,On or near Trinity Street,W01000366,Wrexham 014A,Other theft,Investigation complete; no suspect identified,
b06c398b0191a9aec3dfec291a677fe83853075205ade9ff896b676dcb0b9921,2019-01,North Wales Police,North Wales Police,-3.021206,53.033009,On or near Erddig Close,W01000366,Wrexham 014A,Violence and sexual offences,Unable to prosecute suspect,
dc29609af743d80b44084634c50c1bd5a22385a9592b6cb2ca45f216fb3a0cea,2019-01,North Wales Police,North Wales Police,-3.021206,53.033009,On or near Erddig Close,W01000366,Wrexham 014A,Violence and sexual offences,Formal action is not in the public interest,
43216c94748299a77c0001f306f9d9877cc4da79a06069796bf5fb3132c5cdac,2019-01,North Wales Police,North Wales Police,-3.029882,53.033518,On or near Kensington Close,W01000366,Wrexham 014A,Violence and sexual offences,Under investigation,
,2019-01,North Wales Police,North Wales Police,-3.018093,53.034429,On or near Birchwood Close,W01000367,Wrexham 014B,Anti-social behaviour,,
5fef61450c34c85958b1542fe2b419c5c82acc3aaf067b22fd134035f2e0b4fc,2019-01,North Wales Police,North Wales Police,-3.025777,53.032717,On or near Parking Area,W01000367,Wrexham 014B,Criminal damage and arson,Investigation complete; no suspect identified,
cfbab370f0c99c7afa613835a951b9965cfc9d811be9b85c99320e855ce65c17,2019-01,North Wales Police,North Wales Police,-3.015431,53.034101,On or near Meadow Close,W01000367,Wrexham 014B,Vehicle crime,Investigation complete; no suspect identified,
fe9a8f4ff5f19147d745b55c2e201f0b1cb2f7fa974e26448ae4fb52650c544b,2019-01,North Wales Police,North Wales Police,-3.027175,53.033793,On or near Sandringham Close,W01000367,Wrexham 014B,Vehicle crime,Investigation complete; no suspect identified,
74bf9746182fca40faf667cc7508637206db776c6b10cecba9ccde42d79d5c93,2019-01,North Wales Police,North Wales Police,-3.025963,53.032401,On or near Poplar Road,W01000367,Wrexham 014B,Violence and sexual offences,Investigation complete; no suspect identified,
94a0bd31565bfe940bfab57490ecb1cea25a0c72e50fc7703214b403ca47c5ce,2019-01,North Wales Police,North Wales Police,-3.026519,53.031938,On or near High Street,W01000367,Wrexham 014B,Violence and sexual offences,Under investigation,
f7e2f9fe540c0b92fcde32af3a6c068ce0ef94a8312679df8d30550db6241e4f,2019-01,North Wales Police,North Wales Police,-3.025115,53.036238,On or near Bersham Road,W01000367,Wrexham 014B,Other crime,Unable to prosecute suspect,
e80890630a3b3fa6db2e215fb3c83c486958cfd20026a9b47ab2ad0c9a5e6e56,2019-01,North Wales Police,North Wales Police,-3.038662,53.010419,On or near Maes Isaf,W01000385,Wrexham 014C,Criminal damage and arson,Unable to prosecute suspect,
575794bbc65bebc34056b1815c21c1612a4e6c3729002a27b265fd2d9f18a012,2019-01,North Wales Police,North Wales Police,-3.043211,53.009310,On or near High Street,W01000385,Wrexham 014C,Drugs,Unable to prosecute suspect,
0b981e14b318042f1fcea7670e3ea685b4a6cbefe594368525b567e756180f71,2019-01,North Wales Police,North Wales Police,-3.043739,53.008343,On or near Millars Court,W01000385,Wrexham 014C,Public order,Action to be taken by another organisation,
71eb36da5c94b9e3b7519c50d19d9b30b10480dde416431528689b9a33291ad8,2019-01,North Wales Police,North Wales Police,-3.035839,53.009545,On or near Penllwyn,W01000385,Wrexham 014C,Violence and sexual offences,Action to be taken by another organisation,
1656f82891cace3f7bf29cd0cdee8416413a50ea169939c5a6de529aaa0d0f75,2019-01,North Wales Police,North Wales Police,-3.035929,53.005832,On or near Heol Orsaf,W01000385,Wrexham 014C,Violence and sexual offences,Further investigation is not in the public interest,
2cfcdb092b236ce100c5a723640aee9138daae00efb6798aad975514f1e08c71,2019-01,North Wales Police,North Wales Police,-3.037039,53.006757,On or near Linley Avenue,W01000385,Wrexham 014C,Violence and sexual offences,Under investigation,
242123e7ef932543b6c1177bd5aebe1f73e71ab6af4b1d85e2baba056ae7540b,2019-01,North Wales Police,North Wales Police,-3.035929,53.005832,On or near Heol Orsaf,W01000385,Wrexham 014C,Violence and sexual offences,Unable to prosecute suspect,
,2019-01,North Wales Police,North Wales Police,-3.044119,53.014812,On or near Y Ffennant,W01000410,Wrexham 014D,Anti-social behaviour,,
,2019-01,North Wales Police,North Wales Police,-3.052433,53.010388,On or near Stryt Y Dug,W01000410,Wrexham 014D,Anti-social behaviour,,
,2019-01,North Wales Police,North Wales Police,-3.042968,53.012207,On or near Petrol Station,W01000410,Wrexham 014D,Anti-social behaviour,,
3108e84c22c152ed02bb28f804e859b70c38c9ecf9e55e1144fcd845f19a8b1b,2019-01,North Wales Police,North Wales Police,-3.029583,53.008440,On or near Park/Open Space,W01000410,Wrexham 014D,Criminal damage and arson,Investigation complete; no suspect identified,
7cd4a013e5bc50ba2faa4bf8065aa40891d0cd434653f9f5707d7a4cf3da904d,2019-01,North Wales Police,North Wales Police,-3.047694,53.009774,On or near Gutter Hill,W01000410,Wrexham 014D,Other theft,Investigation complete; no suspect identified,
453e3f129fb0e41c12cfac2dfab20bcb2cf145c2471bbd56dc938bedf652b96c,2019-01,North Wales Police,North Wales Police,-3.027276,53.022367,On or near A483,W01000410,Wrexham 014D,Other theft,Investigation complete; no suspect identified,
d73d7055f38733d4380e97e2a7c71e75eb641947ed23deff7f141fa3650b2160,2019-01,North Wales Police,North Wales Police,-3.054975,53.012550,On or near Stryt Y Bedyddwyr,W01000410,Wrexham 014D,Possession of weapons,Offender given suspended prison sentence,
8789bdd76b71fae7739ccc88b3b903ed0f00774ce4d8215a31711036ab8597d6,2019-01,North Wales Police,North Wales Police,-3.054975,53.012550,On or near Stryt Y Bedyddwyr,W01000410,Wrexham 014D,Public order,Investigation complete; no suspect identified,
1f93ddef0c4132fe89439c67ca2a1377b5daad7eb7c5266c636ef5fc2a570f88,2019-01,North Wales Police,North Wales Police,-3.049232,53.010515,On or near Trem Y Parc,W01000410,Wrexham 014D,Violence and sexual offences,Unable to prosecute suspect,
7a6359c1066e2303a1a981e4e0a46324b3f3ac5b9f48a7a5830a303590d7e45f,2019-01,North Wales Police,North Wales Police,-3.051018,53.009780,On or near Gardden Court,W01000410,Wrexham 014D,Violence and sexual offences,Unable to prosecute suspect,
9821d9e41d750c513ecbf0d8d27c60b49a0ddba363b15c752c454c6b8b2f855d,2019-01,North Wales Police,North Wales Police,-3.044626,53.011743,On or near Clawdd Offa,W01000410,Wrexham 014D,Violence and sexual offences,Under investigation,
1f030f535d10cd1d677e46bcc57250a88f6c10ab85961e650bb040b21e0058bc,2019-01,North Wales Police,North Wales Police,-3.051751,53.013595,On or near Llys Derw,W01000410,Wrexham 014D,Violence and sexual offences,Under investigation,
bd50af3dfbfdbe27e47de509cd1ef437dd4ff017a3d1fb92662c69760141a633,2019-01,North Wales Police,North Wales Police,-3.050289,53.012897,On or near Stryt Y Castell,W01000410,Wrexham 014D,Violence and sexual offences,Unable to prosecute suspect,
bb3bc653543e58ae60e1a288f174c2040adaa35aad9ed271365a2dfdf664a3dc,2019-01,North Wales Police,North Wales Police,-3.044567,53.010538,On or near Victoria Avenue,W01000410,Wrexham 014D,Violence and sexual offences,Formal action is not in the public interest,
396452abee0b46da4d8dd694963ba7602d2108bc75cc676a63c256bf57cd1e0c,2019-01,North Wales Police,North Wales Police,-3.044626,53.011743,On or near Clawdd Offa,W01000410,Wrexham 014D,Violence and sexual offences,Under investigation,
409e0190437f39e38df7b7d04263112e190cd8c9f8ab29a878db8b8a88be3c1f,2019-01,North Wales Police,North Wales Police,-3.044567,53.010538,On or near Victoria Avenue,W01000410,Wrexham 014D,Violence and sexual offences,Action to be taken by another organisation,
,2019-01,North Wales Police,North Wales Police,-3.043490,53.002952,On or near Brandie Brook,W01000386,Wrexham 015A,Anti-social behaviour,,
,2019-01,North Wales Police,North Wales Police,-3.043490,53.002952,On or near Brandie Brook,W01000386,Wrexham 015A,Anti-social behaviour,,
,2019-01,North Wales Police,North Wales Police,-3.044732,53.008712,On or near Yale Street,W01000386,Wrexham 015A,Anti-social behaviour,,
,2019-01,North Wales Police,North Wales Police,-3.043490,53.002952,On or near Brandie Brook,W01000386,Wrexham 015A,Anti-social behaviour,,
,2019-01,North Wales Police,North Wales Police,-3.043490,53.002952,On or near Brandie Brook,W01000386,Wrexham 015A,Anti-social behaviour,,
,2019-01,North Wales Police,North Wales Police,-3.043490,53.002952,On or near Brandie Brook,W01000386,Wrexham 015A,Anti-social behaviour,,
,2019-01,North Wales Police,North Wales Police,-3.043490,53.002952,On or near Brandie Brook,W01000386,Wrexham 015A,Anti-social behaviour,,
,2019-01,North Wales Police,North Wales Police,-3.041120,53.006002,On or near Heol Offa,W01000386,Wrexham 015A,Anti-social behaviour,,
f0d1fae0efe431dc267ddb1abf0c69e90e24bf5f43e66ab98a2d7269635bf841,2019-01,North Wales Police,North Wales Police,-3.044447,53.009245,On or near Merlin Street,W01000386,Wrexham 015A,Burglary,Investigation complete; no suspect identified,
ae3558da234442e8f5477e77df8756b77ccb9cfc3d45a67226fd5130a313b351,2019-01,North Wales Police,North Wales Police,-3.043490,53.002952,On or near Brandie Brook,W01000386,Wrexham 015A,Criminal damage and arson,Under investigation,
deefd615890cd8077b5a08d8a570db5c0fa1f70cdbfe8e0242a653c0fd742192,2019-01,North Wales Police,North Wales Police,-3.044002,53.004422,On or near Supermarket,W01000386,Wrexham 015A,Shoplifting,Investigation complete; no suspect identified,
a258714d06404f5477536d472fdc9f81a62f0ec40cde8963c68a9e55aa2abd4b,2019-01,North Wales Police,North Wales Police,-3.044002,53.004422,On or near Supermarket,W01000386,Wrexham 015A,Shoplifting,Awaiting court outcome,
ac95bec155ed58a8fef067ab2426730b9fa9259e289faee3bb956a38260f1d81,2019-01,North Wales Police,North Wales Police,-3.041120,53.006002,On or near Heol Offa,W01000386,Wrexham 015A,Vehicle crime,Investigation complete; no suspect identified,
f6f99b764d5e11224d4b97eb39c2edd364e043113e8e28eaeb31e15873514e60,2019-01,North Wales Police,North Wales Police,-3.045436,53.008868,On or near Bromfield Street,W01000386,Wrexham 015A,Vehicle crime,Investigation complete; no suspect identified,
c299f9d7d88ef7bafff04803ba7ba96bac1a287c027f55f9dc84740090192400,2019-01,North Wales Police,North Wales Police,-3.043490,53.002952,On or near Brandie Brook,W01000386,Wrexham 015A,Violence and sexual offences,Unable to prosecute suspect,
1ba24af1e66dd8d82490e9d5ad330a4f7312f2969e04b126688884fdec6e7d88,2019-01,North Wales Police,North Wales Police,-3.044916,53.007686,On or near Park Mews,W01000386,Wrexham 015A,Violence and sexual offences,Unable to prosecute suspect,
45272c213fec1b931b10a5f56810cebb69e397829f11d5c7fe23789474af3cbb,2019-01,North Wales Police,North Wales Police,-3.038724,53.004899,On or near Sports/Recreation Area,W01000386,Wrexham 015A,Other crime,Unable to prosecute suspect,
,2019-01,North Wales Police,North Wales Police,-3.052661,53.008121,On or near Sports/Recreation Area,W01000405,Wrexham 015B,Anti-social behaviour,,
,2019-01,North Wales Police,North Wales Police,-3.048030,53.005186,On or near Gwynfan,W01000405,Wrexham 015B,Anti-social behaviour,,
,2019-01,North Wales Police,North Wales Police,-3.060008,53.007453,On or near Bryn Glas,W01000405,Wrexham 015B,Anti-social behaviour,,
,2019-01,North Wales Police,North Wales Police,-3.052661,53.008121,On or near Sports/Recreation Area,W01000405,Wrexham 015B,Anti-social behaviour,,
,2019-01,North Wales Police,North Wales Police,-3.057084,53.007335,On or near Stryt Y Gof,W01000405,Wrexham 015B,Anti-social behaviour,,
a9f92b5dfc80206cfdfaae88ed4d6a6221ed740521cf4b93e19eb43f846ab411,2019-01,North Wales Police,North Wales Police,-3.062485,53.005175,On or near Erw Lwyd,W01000405,Wrexham 015B,Burglary,Investigation complete; no suspect identified,
8d2d1ee49744b1a6f0498642cccc1786eac983052b33725b3207c467e42fff27,2019-01,North Wales Police,North Wales Police,-3.052229,53.005653,On or near Erw Las,W01000405,Wrexham 015B,Drugs,Unable to prosecute suspect,
4d02fd9136ba0ead331bb9c9b482aed6fd2cd90b3319dc98f4fcbc78738a798b,2019-01,North Wales Police,North Wales Police,-3.050174,53.008188,On or near Ffordd Dyfed,W01000405,Wrexham 015B,Drugs,Offender given conditional discharge,
93fa5e6856d9ebd88976c6beca87eb8b822260cfe86edf82cbec58fc9481c64a,2019-01,North Wales Police,North Wales Police,-3.052661,53.008121,On or near Sports/Recreation Area,W01000405,Wrexham 015B,Other theft,Investigation complete; no suspect identified,
ecc91cff6328878fce84816331c763e15bfa37e09abbe3d8dc60a23afa63fce2,2019-01,North Wales Police,North Wales Police,-3.052661,53.008121,On or near Sports/Recreation Area,W01000405,Wrexham 015B,Public order,Further investigation is not in the public interest,
b6efa835b42f6c94d3700651e9d9c5de5e467f45129da7c0df9a07c5e4f5b69d,2019-01,North Wales Police,North Wales Police,-3.055995,53.006078,On or near Cae Daniel,W01000405,Wrexham 015B,Public order,Formal action is not in the public interest,
c75d8cf4ffbb33677454612b217600b898ec91db2ebb861bf22fe6f5192ab034,2019-01,North Wales Police,North Wales Police,-3.052017,53.006733,On or near Pen-Y-Wern,W01000405,Wrexham 015B,Vehicle crime,Investigation complete; no suspect identified,
65543936adb384a6532bf1d26b90cf5ea325f6914218c5013251e4edee6264a2,2019-01,North Wales Police,North Wales Police,-3.057084,53.007335,On or near Stryt Y Gof,W01000405,Wrexham 015B,Violence and sexual offences,Unable to prosecute suspect,
99a6fd1418501989e004dfa529dd8eaf0075452e916456ebb85e4d1276dfcc19,2019-01,North Wales Police,North Wales Police,-3.058638,53.005083,On or near Pant Hill,W01000405,Wrexham 015B,Violence and sexual offences,Under investigation,
850c06f91298896e54a464e25c0db00086c3995f67558be714000623ab4dc738,2019-01,North Wales Police,North Wales Police,-3.052661,53.008121,On or near Sports/Recreation Area,W01000405,Wrexham 015B,Violence and sexual offences,Unable to prosecute suspect,
47746972536728d8ce8166f81136dc08243a2ee8ab090cfc373cccdb129986b8,2019-01,North Wales Police,North Wales Police,-3.050174,53.008188,On or near Ffordd Dyfed,W01000405,Wrexham 015B,Violence and sexual offences,Unable to prosecute suspect,
fd623dd3e01e953fea62985c50da5df9bfdf0c7f922695b97479ec499eb201ee,2019-01,North Wales Police,North Wales Police,-3.050174,53.008188,On or near Ffordd Dyfed,W01000405,Wrexham 015B,Other crime,Awaiting court outcome,
,2019-01,North Wales Police,North Wales Police,-3.078021,53.011426,On or near Stryt Yr Lampit,W01000411,Wrexham 015C,Anti-social behaviour,,
,2019-01,North Wales Police,North Wales Police,-3.060671,53.015655,On or near Llwn Einion Road,W01000411,Wrexham 015C,Anti-social behaviour,,
,2019-01,North Wales Police,North Wales Police,-3.062079,53.015921,On or near Maes-Y-Gornel,W01000411,Wrexham 015C,Anti-social behaviour,,
,2019-01,North Wales Police,North Wales Police,-3.061400,53.008906,On or near Maes Glan,W01000411,Wrexham 015C,Anti-social behaviour,,
,2019-01,North Wales Police,North Wales Police,-3.057779,53.010161,On or near Supermarket,W01000411,Wrexham 015C,Anti-social behaviour,,
,2019-01,North Wales Police,North Wales Police,-3.060671,53.015655,On or near Llwn Einion Road,W01000411,Wrexham 015C,Anti-social behaviour,,
,2019-01,North Wales Police,North Wales Police,-3.078021,53.011426,On or near Stryt Yr Lampit,W01000411,Wrexham 015C,Anti-social behaviour,,
6a1f2f7d9d2d419873f350c8bb6c834505aceb212937af765f9e931ad3e06687,2019-01,North Wales Police,North Wales Police,-3.057779,53.010161,On or near Supermarket,W01000411,Wrexham 015C,Bicycle theft,Unable to prosecute suspect,
25b4eebfe479b3b3733d807089e0d3ad0f230ab7a15f4769259f26e555af2f31,2019-01,North Wales Police,North Wales Police,-3.078021,53.011426,On or near Stryt Yr Lampit,W01000411,Wrexham 015C,Burglary,Investigation complete; no suspect identified,
edfa8712edec8fcfdc49d06346a365b381471dff592815ba77e4b36ba18c1907,2019-01,North Wales Police,North Wales Police,-3.056144,53.012207,On or near Stryt Newydd,W01000411,Wrexham 015C,Burglary,Investigation complete; no suspect identified,
792affef066603b2510c9cf4da5bd24b8ae8a258620e829f32fe03bfe054ca30,2019-01,North Wales Police,North Wales Police,-3.070757,53.015430,On or near Stryt-Y-Plas,W01000411,Wrexham 015C,Criminal damage and arson,Investigation complete; no suspect identified,
f66a1b0549c2c055123a560a466b10e0ab80886126322f839f59df668d6053cf,2019-01,North Wales Police,North Wales Police,-3.058922,53.010609,On or near Stryt Yr Efail,W01000411,Wrexham 015C,Criminal damage and arson,Unable to prosecute suspect,
099804e82d1874593a6d367ce097378d5e13f3d04ec7c2f09af7611a803d34ed,2019-01,North Wales Police,North Wales Police,-3.056726,53.012822,On or near Stryt Pearson,W01000411,Wrexham 015C,Criminal damage and arson,Investigation complete; no suspect identified,
1e2678309b3eba0f36544326f6dc28a6be8540ee8f6ce3235b1f2ed3fae80a3a,2019-01,North Wales Police,North Wales Police,-3.056475,53.012914,On or near Penry Street,W01000411,Wrexham 015C,Criminal damage and arson,Investigation complete; no suspect identified,
9e6d1b911a7d4db8b8beffe3c9bbea01e883666df9d5d7ebec87a973425a1660,2019-01,North Wales Police,North Wales Police,-3.058922,53.010609,On or near Stryt Yr Efail,W01000411,Wrexham 015C,Drugs,Under investigation,
1e329adbbf80372b8819f56626cbb48d00672bbdd093ab6e66422e3fc10c06d2,2019-01,North Wales Police,North Wales Police,-3.056155,53.013870,On or near Savage Street,W01000411,Wrexham 015C,Other theft,Unable to prosecute suspect,
4ad6e581ef998253fb4fd49e9af4567136a9cb91c602cc4411842af124117a09,2019-01,North Wales Police,North Wales Police,-3.058922,53.010609,On or near Stryt Yr Efail,W01000411,Wrexham 015C,Public order,Investigation complete; no suspect identified,
f7695bb697d9816e5bfcaf25c49848728cbdd0ed44da317ba2859ef995248425,2019-01,North Wales Police,North Wales Police,-3.056726,53.012822,On or near Stryt Pearson,W01000411,Wrexham 015C,Public order,Investigation complete; no suspect identified,
3ca7250882817b817055998456431ee50ee8067b95857ad1f9cccc4b9aa2636a,2019-01,North Wales Police,North Wales Police,-3.060671,53.015655,On or near Llwn Einion Road,W01000411,Wrexham 015C,Public order,Unable to prosecute suspect,
b0abb3141fa2c73fe810b197ae1da4664587a41ea2c9e3ea95003283472e2135,2019-01,North Wales Police,North Wales Police,-3.060671,53.015655,On or near Llwn Einion Road,W01000411,Wrexham 015C,Public order,Further investigation is not in the public interest,
312ebf2978cc0f198ac2c7947f09cc0b5f2f04340659a4cfa2d673ac9118b1b0,2019-01,North Wales Police,North Wales Police,-3.058922,53.010609,On or near Stryt Yr Efail,W01000411,Wrexham 015C,Shoplifting,Under investigation,
efad6806e661ce7e186d9c597834c70487d2009dbe1026c24fb430057e646b7e,2019-01,North Wales Police,North Wales Police,-3.058922,53.010609,On or near Stryt Yr Efail,W01000411,Wrexham 015C,Shoplifting,Under investigation,
33a86acfde9722462c650ff96a79012dcf08f5181b97477242df81fcf1bb75a7,2019-01,North Wales Police,North Wales Police,-3.057779,53.010161,On or near Supermarket,W01000411,Wrexham 015C,Shoplifting,Under investigation,
a6626e80338243396dc9dcab8ae2a6d6a950d6648ed7fb62659b9a066bbaa766,2019-01,North Wales Police,North Wales Police,-3.058922,53.010609,On or near Stryt Yr Efail,W01000411,Wrexham 015C,Shoplifting,Offender sent to prison,
ec205416a7a8b9f24dd5452b5ced38172661cda35eddb60ab64c1a89d2afa47b,2019-01,North Wales Police,North Wales Police,-3.055176,53.010373,On or near Stryt Y Frenhines,W01000411,Wrexham 015C,Vehicle crime,Investigation complete; no suspect identified,
ec69597988c0590485fcaeff73c6b58f4f63b92605feb3f4ad85dcc549062b64,2019-01,North Wales Police,North Wales Police,-3.078021,53.011426,On or near Stryt Yr Lampit,W01000411,Wrexham 015C,Violence and sexual offences,Further investigation is not in the public interest,
67e642eaa74833da18181e2902f362cb18e31f1f783721160ba3a7a92a6fe836,2019-01,North Wales Police,North Wales Police,-3.061400,53.008906,On or near Maes Glan,W01000411,Wrexham 015C,Violence and sexual offences,Under investigation,
6e80457139d23f3f84b4f3eb40af57a177e9b46343a42ce7019712c6970d177f,2019-01,North Wales Police,North Wales Police,-3.053389,53.014110,On or near Lon Delph,W01000411,Wrexham 015C,Violence and sexual offences,Under investigation,
6a8450929ecdde33ad810326f1ac5c4d470db52d37a6217698f6cf80bc6a50f6,2019-01,North Wales Police,North Wales Police,-3.057779,53.010161,On or near Supermarket,W01000411,Wrexham 015C,Violence and sexual offences,Under investigation,
4219ca28f6ec0e2aca3003f16c85ba5901c4b008ed515086b4633311ecb908df,2019-01,North Wales Police,North Wales Police,-3.057613,53.012518,On or near Y Stryt Fawr,W01000411,Wrexham 015C,Violence and sexual offences,Formal action is not in the public interest,
17343d3f2234ba0ff1558a054c186e7a73f6be0ee3cc473cb03b4600de3eead4,2019-01,North Wales Police,North Wales Police,-3.060671,53.015655,On or near Llwn Einion Road,W01000411,Wrexham 015C,Violence and sexual offences,Further investigation is not in the public interest,
ce68eae29c8addcdc3b6a598caf3150f7bf604da7bdbe8327b69911dcad5aadc,2019-01,North Wales Police,North Wales Police,-3.060671,53.015655,On or near Llwn Einion Road,W01000411,Wrexham 015C,Violence and sexual offences,Further investigation is not in the public interest,
f5526d531d6390d6ba5945538a20826683579f0bb7f15546abdeb934e0279582,2019-01,North Wales Police,North Wales Police,-3.056155,53.013870,On or near Savage Street,W01000411,Wrexham 015C,Violence and sexual offences,Awaiting court outcome,
,2019-01,North Wales Police,North Wales Police,-3.060717,53.012068,On or near Stryt Y Weirglodd,W01000412,Wrexham 015D,Anti-social behaviour,,
,2019-01,North Wales Police,North Wales Police,-3.057303,53.015083,On or near Ty Gwyn,W01000412,Wrexham 015D,Anti-social behaviour,,
a586e91333f38a1ee4f62ee27eb5ffa3a40faab6f84fb318c0d6635e631bda0d,2019-01,North Wales Police,North Wales Police,-3.052939,53.014636,On or near Greek Road,W01000412,Wrexham 015D,Burglary,Investigation complete; no suspect identified,
2cde369df6469ea91e308031cb2ca2b87b0576ad8a1cd567a3af3dfc699fe676,2019-01,North Wales Police,North Wales Police,-3.058993,53.011058,On or near Parking Area,W01000412,Wrexham 015D,Other theft,Investigation complete; no suspect identified,
28df67e8afb337df1ad891c73dea8173af6fb9cc4ee75040a48e26a579aec25f,2019-01,North Wales Police,North Wales Police,-3.060717,53.012068,On or near Stryt Y Weirglodd,W01000412,Wrexham 015D,Other theft,Under investigation,
a291c5332a2a56b46ea7b11420f387c740d018657a402c94840a51a77cf8b240,2019-01,North Wales Police,North Wales Police,-3.061683,53.011340,On or near Stryt Sidney,W01000412,Wrexham 015D,Public order,Formal action is not in the public interest,
458eb0490b77a1f92fbe36f92239bd79f58d4926c52356e5fc3443c6b4d1035e,2019-01,North Wales Police,North Wales Police,-3.060717,53.012068,On or near Stryt Y Weirglodd,W01000412,Wrexham 015D,Vehicle crime,Formal action is not in the public interest,
b5a90d651e27f284b454a3ae63a5a1d2d230a764aadfbcba275b12a161647112,2019-01,North Wales Police,North Wales Police,-3.058500,53.014065,On or near Trem Y Mynydd,W01000412,Wrexham 015D,Vehicle crime,Investigation complete; no suspect identified,
ce07a9636c4affdf1bdceee80b59441bc44ae3172cce97034ea91df201af0a32,2019-01,North Wales Police,North Wales Police,-3.061683,53.011340,On or near Stryt Sidney,W01000412,Wrexham 015D,Violence and sexual offences,Unable to prosecute suspect,
f3fa476f4ae30dfcac457b17fcfd37c2d8d9ac62dcd3c8584650bbd09d839b9e,2019-01,North Wales Police,North Wales Police,-3.060717,53.012068,On or near Stryt Y Weirglodd,W01000412,Wrexham 015D,Violence and sexual offences,Formal action is not in the public interest,
db468ddf0462a3ab7c0d2cb889d82d0499343c3f13b29e9465dfc78e68cfd9fe,2019-01,North Wales Police,North Wales Police,-3.061683,53.011340,On or near Stryt Sidney,W01000412,Wrexham 015D,Violence and sexual offences,Unable to prosecute suspect,
175dd45801abeb77ae2e57ca2b3af1b193489137a2e20fe85c71ac0e57a8f086,2019-01,North Wales Police,North Wales Police,-3.060717,53.012068,On or near Stryt Y Weirglodd,W01000412,Wrexham 015D,Violence and sexual offences,Under investigation,
2d34197200a505293b378ed4120631a5073b259caedff3cd3a0efa42241f87cd,2019-01,North Wales Police,North Wales Police,-3.057303,53.015083,On or near Ty Gwyn,W01000412,Wrexham 015D,Other crime,Further investigation is not in the public interest,
11b14f20bcf523af3e106cb11bb58a5fb3f1166157152f1070611f3eea95ec8c,2019-01,North Wales Police,North Wales Police,-2.982296,53.009253,On or near Park/Open Space,W01000394,Wrexham 016A,Burglary,Investigation complete; no suspect identified,
fb0adfe8fa1174ca39cd38cdf7b26d588e5947b0f99a1c2f84f73c6bb2691e6b,2019-01,North Wales Police,North Wales Police,-2.922168,53.010427,On or near A525,W01000394,Wrexham 016A,Other theft,Investigation complete; no suspect identified,
1eae3f8c006a95784c1913087dbbcf30d1ac588a5a6b1abc7f042a9fd4b3ce5c,2019-01,North Wales Police,North Wales Police,-2.995513,53.019445,On or near Sontley Road,W01000394,Wrexham 016A,Other theft,Unable to prosecute suspect,
1356006afdcf8ea14fa6a7196244b7b2b02f8b6c55855e765ed389cb2a80cd44,2019-01,North Wales Police,North Wales Police,-2.993143,52.981170,On or near A539,W01000394,Wrexham 016A,Other theft,Investigation complete; no suspect identified,
e03ef70f68b9d2dcf148674128f4e59334ebbf515c4204799ea0fb2196a14f8a,2019-01,North Wales Police,North Wales Police,-2.993848,52.998927,On or near B5426,W01000394,Wrexham 016A,Vehicle crime,Under investigation,
75dfd392905721a84fe86126eb81e01d7505072900b042880bee485605957c23,2019-01,North Wales Police,North Wales Police,-2.971908,53.029808,On or near Bryn-Y-Grog,W01000394,Wrexham 016A,Violence and sexual offences,Unable to prosecute suspect,
6dce298d2e762d875d0797c00d027a4611df9382a20e3a4162713015cdd326c6,2019-01,North Wales Police,North Wales Police,-2.931736,53.017301,On or near Bedwell Crescent,W01000394,Wrexham 016A,Violence and sexual offences,Under investigation,
3a08a775cd1ce6e096d421fe3656419e41c8f2eb2b40c7f7a81fbcfc15e903d8,2019-01,North Wales Police,North Wales Police,-2.931736,53.017301,On or near Bedwell Crescent,W01000394,Wrexham 016A,Violence and sexual offences,Under investigation,
dcc8dc87f849fc83623eadd78936e78388f867e27d22d15891da7bc21c314969,2019-01,North Wales Police,North Wales Police,-2.958571,53.014068,On or near Overton Road,W01000394,Wrexham 016A,Violence and sexual offences,Offender given community sentence,
159a31857beef93faddecb08248dce77dfed5a255e6cc9e0d361adffae440f46,2019-01,North Wales Police,North Wales Police,-2.931736,53.017301,On or near Bedwell Crescent,W01000394,Wrexham 016A,Violence and sexual offences,Under investigation,
,2019-01,North Wales Police,North Wales Police,-2.962266,53.023360,On or near Wrexham Road,W01000395,Wrexham 016B,Anti-social behaviour,,
af9470e99d67aefcc99f1e81f192d50f125229e17d5e05206f24f2ee9ebfece1,2019-01,North Wales Police,North Wales Police,-2.954667,53.021524,On or near Yorke Close,W01000395,Wrexham 016B,Burglary,Under investigation,
c5c191e91e3d9c75574240e04074c7c703da4014bdf965a840220ce6ba6eda11,2019-01,North Wales Police,North Wales Police,-2.965089,53.026250,On or near Bells Way,W01000395,Wrexham 016B,Burglary,Offender sent to prison,
fa52b01846736387d072c65bc92aa1f28508b2f9491557c24398b34ba8401b97,2019-01,North Wales Police,North Wales Police,-2.954667,53.021524,On or near Yorke Close,W01000395,Wrexham 016B,Shoplifting,Investigation complete; no suspect identified,
34c7cfd1872991396b13878208f2bf80e907c02a6c107850ca67d735d46aee8c,2019-01,North Wales Police,North Wales Police,-2.954667,53.021524,On or near Yorke Close,W01000395,Wrexham 016B,Vehicle crime,Investigation complete; no suspect identified,
02ce6c81a8b8455e95b730d04e42906cef670fe5c4620bde179205d1be15e069,2019-01,North Wales Police,North Wales Police,-2.962037,53.024450,On or near The Glen,W01000395,Wrexham 016B,Violence and sexual offences,Unable to prosecute suspect,
bd0ac57936b0918c04e3417874760cafc0ddcfeea57628057364ddfae7ce4669,2019-01,North Wales Police,North Wales Police,-2.962669,53.025388,On or near Taliesin Close,W01000395,Wrexham 016B,Violence and sexual offences,Unable to prosecute suspect,
a85f1a272618022612bc1cf2a424d160a599d1a86c503ac7c55e59163446bbf7,2019-01,North Wales Police,North Wales Police,-2.962669,53.025388,On or near Taliesin Close,W01000395,Wrexham 016B,Violence and sexual offences,Unable to prosecute suspect,
459557d335f553cebdbea50f2364acb429703b0ee81d697ae8ac579c8301b09f,2019-01,North Wales Police,North Wales Police,-2.954170,53.022652,On or near Marcella Crescent,W01000395,Wrexham 016B,Violence and sexual offences,Under investigation,
39d7ecf255e873bc0ea7d68d816b976a0a05ff54a3d0e4c0d1cda22a3d2ba6ae,2019-01,North Wales Police,North Wales Police,-2.962669,53.025388,On or near Taliesin Close,W01000395,Wrexham 016B,Violence and sexual offences,Unable to prosecute suspect,
0300131ee75b4b72624443229d210e799d04c15503796c6a0e5f90c1d9e04caa,2019-01,North Wales Police,North Wales Police,-2.964024,53.025989,On or near Berwyn Drive,W01000395,Wrexham 016B,Violence and sexual offences,Action to be taken by another organisation,
9f50c4b3a0b3e747e5709c161c1ec8bb750a30b8840e9f4b5df6e88d95ebfe76,2019-01,North Wales Police,North Wales Police,-3.053000,52.985284,On or near Llangollen Road,W01000407,Wrexham 016C,Burglary,Formal action is not in the public interest,
83600e19de131b0b9c342862c96b2eb4a93aaad58f6b4b2b78b556a3fbb12058,2019-01,North Wales Police,North Wales Police,-3.053000,52.985284,On or near Llangollen Road,W01000407,Wrexham 016C,Burglary,Under investigation,
e820354897e218ab305a7ac0008e0896288cb62946377e5de88b5a9d1f9ed02a,2019-01,North Wales Police,North Wales Police,-3.043470,52.986654,On or near Parking Area,W01000407,Wrexham 016C,Criminal damage and arson,Investigation complete; no suspect identified,
e9b7df714bf52a058254fa20727e13cc2f651e325a0eae9019efc85994f80d64,2019-01,North Wales Police,North Wales Police,-3.040851,52.987414,On or near Church Street,W01000407,Wrexham 016C,Public order,Under investigation,
5c930dae58a095042ca210db93998ec8dd9bec1db5614f29e553212cb65d7a33,2019-01,North Wales Police,North Wales Police,-3.044101,52.988132,On or near West End Terrace,W01000407,Wrexham 016C,Vehicle crime,Investigation complete; no suspect identified,
6fa9650efd1d82d58ca51abaf2812ce2671ea782a894bc20c56e8ced0d90f525,2019-01,North Wales Police,North Wales Police,-3.044101,52.988132,On or near West End Terrace,W01000407,Wrexham 016C,Vehicle crime,Investigation complete; no suspect identified,
8496fe8046187f95812d84f8efc787a51b687a00941da38a7b48ae0b2a066d2d,2019-01,North Wales Police,North Wales Police,-3.059161,52.988097,On or near Plas Bennion Road,W01000407,Wrexham 016C,Violence and sexual offences,Under investigation,
f1880a9f70b32f44ce2ad2955d69dbb6f4fccabc386a65065b11673ad2b9d5df,2019-01,North Wales Police,North Wales Police,-3.053000,52.985284,On or near Llangollen Road,W01000407,Wrexham 016C,Violence and sexual offences,Under investigation,
34ba0a6ad259892efa9507b37d81a4e37cf9604fd0809fe892ade0489b0b2dad,2019-01,North Wales Police,North Wales Police,-3.041222,52.986125,On or near Duke Street,W01000407,Wrexham 016C,Other crime,Unable to prosecute suspect,
22539cd205591ce8abc348b85cfb88c0d1d94c1eeda2b94f8363ed0a5914a74f,2019-01,North Wales Police,North Wales Police,-3.059161,52.988097,On or near Plas Bennion Road,W01000407,Wrexham 016C,Other crime,Investigation complete; no suspect identified,
,2019-01,North Wales Police,North Wales Police,-3.035631,52.994624,On or near Daniels Drive,W01000419,Wrexham 016D,Anti-social behaviour,,
7ff316a6c40ef78bf903c4a308f546efdba6b791aa1883c51e54686164a41c89,2019-01,North Wales Police,North Wales Police,-3.033191,52.992875,On or near Lon Blackwood,W01000419,Wrexham 016D,Burglary,Under investigation,
eadb8bd33a8c4703dfe3c469134745c68c31c21090bde070278461c819eafd60,2019-01,North Wales Police,North Wales Police,-3.035631,52.994624,On or near Daniels Drive,W01000419,Wrexham 016D,Criminal damage and arson,Investigation complete; no suspect identified,
c702b0c9f7ea8dd21d0dd05c4ff0881e48ac32c7b42178759c71b8c47fd9699f,2019-01,North Wales Police,North Wales Police,-3.037088,52.992643,On or near East Avenue,W01000419,Wrexham 016D,Criminal damage and arson,Unable to prosecute suspect,
3e9594931fd87ea55f4be353729bd0ac8844c35f0987eb5eef9b84a6c8363387,2019-01,North Wales Police,North Wales Police,-3.035631,52.994624,On or near Daniels Drive,W01000419,Wrexham 016D,Criminal damage and arson,Investigation complete; no suspect identified,
92919931379305e9bd5ae69d78d871493409df6f19508bd1d68df0607369db01,2019-01,North Wales Police,North Wales Police,-3.031153,52.993656,On or near Petrol Station,W01000419,Wrexham 016D,Other theft,Awaiting court outcome,
c777ca24cc046ab141fd8e011863f34198cfe05b91580c2b9c20f975e99068ea,2019-01,North Wales Police,North Wales Police,-3.035632,52.991541,On or near Wynn Avenue,W01000419,Wrexham 016D,Other theft,Under investigation,
a7fa30f6bfdf1a6262a1cc8480d430133964e54f2c0f16ff00f33e83350bc33f,2019-01,North Wales Police,North Wales Police,-3.033010,52.994054,On or near Shellbrook Drive,W01000419,Wrexham 016D,Public order,Unable to prosecute suspect,
2a703db1785566072472d46bdc7613667a3d511da26f653c448bdd227a980f05,2019-01,North Wales Police,North Wales Police,-3.031527,52.994975,On or near Gorse Close,W01000419,Wrexham 016D,Violence and sexual offences,Unable to prosecute suspect,
59889eaa84eae2831ce112c238eef2b29f079eee041c12290ecf2ba982c5c0a3,2019-01,North Wales Police,North Wales Police,-3.035632,52.991541,On or near Wynn Avenue,W01000419,Wrexham 016D,Violence and sexual offences,Unable to prosecute suspect,
bdc2939f29b3f7394a432adbef43502cbb1f4cb1b6f08c39ddeb3769a14bb39f,2019-01,North Wales Police,North Wales Police,-3.035631,52.994624,On or near Daniels Drive,W01000419,Wrexham 016D,Violence and sexual offences,Formal action is not in the public interest,
e92b2b4bb1930a0fcbaefc79f8c1184af9dec5ada61753d867b6c78b6964452a,2019-01,North Wales Police,North Wales Police,-3.031527,52.994975,On or near Gorse Close,W01000419,Wrexham 016D,Violence and sexual offences,Under investigation,
,2019-01,North Wales Police,North Wales Police,-3.045576,52.988739,On or near Pont Adam,W01000420,Wrexham 016E,Anti-social behaviour,,
,2019-01,North Wales Police,North Wales Police,-3.037414,52.990698,On or near New High Street,W01000420,Wrexham 016E,Anti-social behaviour,,
,2019-01,North Wales Police,North Wales Police,-3.039627,52.989798,On or near Queen Street,W01000420,Wrexham 016E,Anti-social behaviour,,
9469a9e2fd3a5c6e924c6d240e26c602479f2fad6aa0c10c26efcc58d13df076,2019-01,North Wales Police,North Wales Police,-3.039748,52.987999,On or near Maelor Place,W01000420,Wrexham 016E,Other theft,Investigation complete; no suspect identified,
5e18998b38d7153c4afd549866d44e63eff4259c3e84e4ea03b5e3ca8df0cc84,2019-01,North Wales Police,North Wales Police,-3.038660,52.989213,On or near Cleveland Street,W01000420,Wrexham 016E,Other theft,Unable to prosecute suspect,
98c688abcf2544bd46101d9247a16263acb8b23febd82f2f5f1c20959dc25425,2019-01,North Wales Police,North Wales Police,-3.039748,52.987999,On or near Maelor Place,W01000420,Wrexham 016E,Other theft,Investigation complete; no suspect identified,
340cb5ff22eff26fc97b5744d023b8cd442197c8cd85ec952b5db96503007219,2019-01,North Wales Police,North Wales Police,-3.037412,52.988756,On or near Parking Area,W01000420,Wrexham 016E,Shoplifting,Formal action is not in the public interest,
e06d9b75b69596a98e72f36a66bd5843c7b472dabd0c5772c8a619a12cdfbccf,2019-01,North Wales Police,North Wales Police,-3.038660,52.989213,On or near Cleveland Street,W01000420,Wrexham 016E,Vehicle crime,Investigation complete; no suspect identified,
73250e7d7a4ee7c24962995ef88e9f87059a8d0a92c50118d46cf922d77bfdba,2019-01,North Wales Police,North Wales Police,-3.038683,52.989572,On or near Vincent Street,W01000420,Wrexham 016E,Vehicle crime,Under investigation,
59400598d316063cd851f81449a415024267cda3e27c0ec12e57c3f5d36f9924,2019-01,North Wales Police,North Wales Police,-3.039042,52.988976,On or near Henry Street,W01000420,Wrexham 016E,Violence and sexual offences,Further investigation is not in the public interest,
a88d605754d76018815129d188f3417c0e52d227f1d8ae81daf88d98b540ec9d,2019-01,North Wales Police,North Wales Police,-3.039042,52.988976,On or near Henry Street,W01000420,Wrexham 016E,Violence and sexual offences,Awaiting court outcome,
4f45d9ce4ada9cb570b8cd8b0932aa59502f9f2774e63c5bce8a5ef60f049a45,2019-01,North Wales Police,North Wales Police,-3.038287,52.990430,On or near Bryn Street,W01000420,Wrexham 016E,Violence and sexual offences,Formal action is not in the public interest,
,2019-01,North Wales Police,North Wales Police,-3.076513,52.981379,On or near Stryt-Y-Capel,W01000354,Wrexham 017A,Anti-social behaviour,,
,2019-01,North Wales Police,North Wales Police,-3.077992,52.971980,On or near Dolydd Road,W01000354,Wrexham 017A,Anti-social behaviour,,
,2019-01,North Wales Police,North Wales Police,-3.067317,52.984141,On or near Rhuddlan Road,W01000354,Wrexham 017A,Anti-social behaviour,,
e2c1bb4a1f5fc5c4060a57e8cefa14cc18da9e4817e83746e224b917f8fe6d0b,2019-01,North Wales Police,North Wales Police,-3.077992,52.971980,On or near Dolydd Road,W01000354,Wrexham 017A,Other theft,Under investigation,
f50beee4c507faa1ab6c197cc1329f26180a6dccde3c2b7c8a13831220823e80,2019-01,North Wales Police,North Wales Police,-3.077644,52.969359,On or near Heol Cefnydd,W01000354,Wrexham 017A,Violence and sexual offences,Under investigation,
9c802915bc241467a220378f49f6d44b5dce784346d3d5f755eecfcf8dd3fa72,2019-01,North Wales Police,North Wales Police,-3.077644,52.969359,On or near Heol Cefnydd,W01000354,Wrexham 017A,Violence and sexual offences,Under investigation,
,2019-01,North Wales Police,North Wales Police,-3.074790,52.972558,On or near Crane Street,W01000355,Wrexham 017B,Anti-social behaviour,,
,2019-01,North Wales Police,North Wales Police,-3.074790,52.972558,On or near Crane Street,W01000355,Wrexham 017B,Anti-social behaviour,,
,2019-01,North Wales Police,North Wales Police,-3.072445,52.973505,On or near Parking Area,W01000355,Wrexham 017B,Anti-social behaviour,,
,2019-01,North Wales Police,North Wales Police,-3.073362,52.972058,On or near Hill Street,W01000355,Wrexham 017B,Anti-social behaviour,,
,2019-01,North Wales Police,North Wales Police,-3.074790,52.972558,On or near Crane Street,W01000355,Wrexham 017B,Anti-social behaviour,,
,2019-01,North Wales Police,North Wales Police,-3.071489,52.970987,On or near Plas Kynaston Lane,W01000355,Wrexham 017B,Anti-social behaviour,,
,2019-01,North Wales Police,North Wales Police,-3.070851,52.972854,On or near Sports/Recreation Area,W01000355,Wrexham 017B,Anti-social behaviour,,
,2019-01,North Wales Police,North Wales Police,-3.074790,52.972558,On or near Crane Street,W01000355,Wrexham 017B,Anti-social behaviour,,
6168bd3719f671c569d1ff3661cddfae746ad72da8be94f97e212107b1d095fe,2019-01,North Wales Police,North Wales Police,-3.071999,52.974129,On or near Rock Hill,W01000355,Wrexham 017B,Burglary,Under investigation,
4479ff6ab073460249e95c6ab2c5f0558c47bb3e1447db1d33b3898d05a8fd1b,2019-01,North Wales Police,North Wales Police,-3.076384,52.979798,On or near Meredith Close,W01000355,Wrexham 017B,Criminal damage and arson,Unable to prosecute suspect,
b334840b630f861b7faf72edbda986ea1f465d736ce73839fdc2ba52681948c8,2019-01,North Wales Police,North Wales Police,-3.074790,52.972558,On or near Crane Street,W01000355,Wrexham 017B,Criminal damage and arson,Under investigation,
4cf5f8e130b959371a3b55a7c86fbcda3c4abb65628f403581595c580d5d07c8,2019-01,North Wales Police,North Wales Police,-3.072513,52.977451,On or near Cae-Coch Lane,W01000355,Wrexham 017B,Criminal damage and arson,Investigation complete; no suspect identified,
7098d664816932450f7f1eabf02430f26056c7ca598da71ffdcb8cda8761c363,2019-01,North Wales Police,North Wales Police,-3.073362,52.972058,On or near Hill Street,W01000355,Wrexham 017B,Public order,Unable to prosecute suspect,
980e1672f9685f62079e19eac821fcb8fdac2f7756ef3bcd13cc127a20b76c4d,2019-01,North Wales Police,North Wales Police,-3.067774,52.975507,On or near High Street,W01000355,Wrexham 017B,Public order,Investigation complete; no suspect identified,
e47cbc7b41282727ff7bbfeabdbe2f58ea717cd9244233268e63c7c8fb099899,2019-01,North Wales Police,North Wales Police,-3.070851,52.972854,On or near Sports/Recreation Area,W01000355,Wrexham 017B,Shoplifting,Investigation complete; no suspect identified,
8d752f51eea7e4c8e4513dfa65ff76eaf3a20610bc72232020a1c79a06bee7e0,2019-01,North Wales Police,North Wales Police,-3.076384,52.979798,On or near Meredith Close,W01000355,Wrexham 017B,Violence and sexual offences,Unable to prosecute suspect,
317af6c7c18e7a41f3711d48c19ff0380242c6375929ee0b1f0c1064d98f91e0,2019-01,North Wales Police,North Wales Police,-3.071999,52.974129,On or near Rock Hill,W01000355,Wrexham 017B,Violence and sexual offences,Under investigation,
b6cbc13f753fb423a6773de786a2241e3fbcbf18d417690c75f304ceddb6c0c7,2019-01,North Wales Police,North Wales Police,-3.070851,52.972854,On or near Sports/Recreation Area,W01000355,Wrexham 017B,Violence and sexual offences,Offender given a caution,
21d75c90da6ad60b974f43643c1e343bcbb430a2b87f5eae981a391f03d6c8c8,2019-01,North Wales Police,North Wales Police,-3.075610,52.972622,On or near Parking Area,W01000355,Wrexham 017B,Violence and sexual offences,Unable to prosecute suspect,
67ef17a8350806e7d5bd0bb1fccd000bd601b4e73557cd5ac14491f78ef44da3,2019-01,North Wales Police,North Wales Police,-3.074790,52.972558,On or near Crane Street,W01000355,Wrexham 017B,Violence and sexual offences,Awaiting court outcome,
17ffa82f0337984fd61fb196c24c51670383732ded70a6f42e1883dcd05477b4,2019-01,North Wales Police,North Wales Police,-3.071489,52.970987,On or near Plas Kynaston Lane,W01000355,Wrexham 017B,Violence and sexual offences,Further investigation is not in the public interest,
33df66a797f021b18c63da71f59bd30910f41d8272a7446c86f356c6a1ca8a91,2019-01,North Wales Police,North Wales Police,-3.076384,52.979798,On or near Meredith Close,W01000355,Wrexham 017B,Violence and sexual offences,Under investigation,
395f0bf474ed004acd952d12c626df68dced1ed83cfc36a9bedef0ff9ddba28d,2019-01,North Wales Police,North Wales Police,-3.076384,52.979798,On or near Meredith Close,W01000355,Wrexham 017B,Violence and sexual offences,Unable to prosecute suspect,
7eea1d9ebc242a2d6472280a6a17af0f9a7098535615984c3fda1d7f5701a837,2019-01,North Wales Police,North Wales Police,-3.070140,52.973606,On or near Bus/Coach Station,W01000355,Wrexham 017B,Violence and sexual offences,Unable to prosecute suspect,
8e2ffc44ec7282b7c896687303620631984d8ca4b5b4b55392d806af256c97a9,2019-01,North Wales Police,North Wales Police,-3.074790,52.972558,On or near Crane Street,W01000355,Wrexham 017B,Violence and sexual offences,Under investigation,
8646f11ac06246156ea0e2b1cbbf033ac5b8c4acb5e4c1497ec83de9844d9b2f,2019-01,North Wales Police,North Wales Police,-3.076384,52.979798,On or near Meredith Close,W01000355,Wrexham 017B,Violence and sexual offences,Unable to prosecute suspect,
f1bd106e7678c85f8f7c0ab064100644c29dfefc4eeb46818d3f662b5638c072,2019-01,North Wales Police,North Wales Police,-3.070196,52.981912,On or near Lancaster Terrace,W01000355,Wrexham 017B,Violence and sexual offences,Action to be taken by another organisation,
aaf85c34ac216ece1bb7d67cd3e71fc209a7c6cdbffb1744383f6a8869c88699,2019-01,North Wales Police,North Wales Police,-3.069265,52.976167,On or near Rock Road,W01000355,Wrexham 017B,Other crime,Unable to prosecute suspect,
,2019-01,North Wales Police,North Wales Police,-3.072096,52.969633,On or near Emmanuel Grove,W01000356,Wrexham 017C,Anti-social behaviour,,
2928a1452a7d04a3a350c1905fd6bd1dd79e0884f052c272ff351150b7cac41b,2019-01,North Wales Police,North Wales Police,-3.072096,52.969633,On or near Emmanuel Grove,W01000356,Wrexham 017C,Criminal damage and arson,Investigation complete; no suspect identified,
40902f7d0652bf54d79c5cd0065bc9dd819305186f7f268ae5bc629c365880ff,2019-01,North Wales Police,North Wales Police,-3.068955,52.965428,On or near Park/Open Space,W01000356,Wrexham 017C,Criminal damage and arson,Investigation complete; no suspect identified,
3957167cf9117aa352f7fa3edb4c2a4e7abb3bc7df71eeb72159216f87643433,2019-01,North Wales Police,North Wales Police,-3.070152,52.967484,On or near Ffordd Kayton,W01000356,Wrexham 017C,Criminal damage and arson,Under investigation,
fab28dc4d832343b61981fe8710d3abe4cad9aa3a2b0dfa3e4a96e11a49921a6,2019-01,North Wales Police,North Wales Police,-3.073441,52.966799,On or near Heol Abon,W01000356,Wrexham 017C,Vehicle crime,Under investigation,
54819e25ce79f334c90e5f4896092b286b8b1f6002297e6c45e319053e3a3f21,2019-01,North Wales Police,North Wales Police,-3.073441,52.966799,On or near Heol Abon,W01000356,Wrexham 017C,Violence and sexual offences,Further investigation is not in the public interest,
c1d3bada7fa15829292c37cb6740577b4e787be5e9476dcb707c06df7b82c00f,2019-01,North Wales Police,North Wales Police,-3.073085,52.968051,On or near Lon-Cae-Gwilym,W01000356,Wrexham 017C,Violence and sexual offences,Under investigation,
6b4d9a15553e9110799777b6f0a42a951bb55d1f29c5e36afdd9a8207c084387,2019-01,North Wales Police,North Wales Police,-3.072096,52.969633,On or near Emmanuel Grove,W01000356,Wrexham 017C,Violence and sexual offences,Further investigation is not in the public interest,
18b57b9f4eb036c5c4130031f2041171f7f587a801241c2404d4e6ce65904f1d,2019-01,North Wales Police,North Wales Police,-3.070336,52.968903,On or near Hoel-Y-Plas,W01000356,Wrexham 017C,Violence and sexual offences,Further investigation is not in the public interest,
a3c92c99a30cb8cd6a74208a12b6d892c23862cd11e04cfe951fa793e544ee80,2019-01,North Wales Police,North Wales Police,-3.073441,52.966799,On or near Heol Abon,W01000356,Wrexham 017C,Violence and sexual offences,Further investigation is not in the public interest,
045132afa9487370e3b1cb2b6daeeb1bd526282b907c513f45f34a88182e17f0,2019-01,North Wales Police,North Wales Police,-3.070336,52.968903,On or near Hoel-Y-Plas,W01000356,Wrexham 017C,Violence and sexual offences,Under investigation,
a6b49342b8ddd72456871d781df54fd51c19413fda9d73b201b6caa0f799fa09,2019-01,North Wales Police,North Wales Police,-3.073441,52.966799,On or near Heol Abon,W01000356,Wrexham 017C,Violence and sexual offences,Unable to prosecute suspect,
671a28615cb8f2c1b61df203bc4f20e7bce1cffdb58d559c7c8a6689a8ab38ce,2019-01,North Wales Police,North Wales Police,-3.073441,52.966799,On or near Heol Abon,W01000356,Wrexham 017C,Violence and sexual offences,Further investigation is not in the public interest,
108aec3ed90101ce8f272f0fe6329b91070eaabc9b6f31271085cebca335b7ec,2019-01,North Wales Police,North Wales Police,-3.073085,52.968051,On or near Lon-Cae-Gwilym,W01000356,Wrexham 017C,Violence and sexual offences,Under investigation,
68aa2f0be3e5191022a8d2ef658e908799a64796ec7f18412058332c234094b3,2019-01,North Wales Police,North Wales Police,-3.072096,52.969633,On or near Emmanuel Grove,W01000356,Wrexham 017C,Violence and sexual offences,Unable to prosecute suspect,
,2019-01,North Wales Police,North Wales Police,-3.090426,52.974357,On or near Charles Avenue,W01000389,Wrexham 017D,Anti-social behaviour,,
ade25c47367b0a0490ac4907e240edc30a2711f4c2aa1da9b1d73de129863537,2019-01,North Wales Police,North Wales Police,-3.088887,52.971755,On or near B5434,W01000389,Wrexham 017D,Criminal damage and arson,Investigation complete; no suspect identified,
20bde96cfc416d429ed52b9bd041eee09137a32dba693b3c0761b5018182facc,2019-01,North Wales Police,North Wales Police,-3.088285,52.972705,On or near Pen-Y-Bont,W01000389,Wrexham 017D,Drugs,Offender given a drugs possession warning,
ab00607cddb5fa3cd15fe55ef8c0ccc4f37096aac8aaa9a8c6c90c3ea60b270f,2019-01,North Wales Police,North Wales Police,-3.087981,52.974218,On or near Pencoed,W01000389,Wrexham 017D,Other theft,Investigation complete; no suspect identified,
6f04007b9fef2af16653869e67fedef502011c7b456d5cc97748039621d8c45c,2019-01,North Wales Police,North Wales Police,-3.089192,52.975016,On or near Maes Telford,W01000389,Wrexham 017D,Public order,Unable to prosecute suspect,
8678baa9afc413556489ceceb34ad9b1d26667b4b23f2953d7ce3db8ce1ea9bf,2019-01,North Wales Police,North Wales Police,-3.090778,52.973518,On or near Telford Avenue,W01000389,Wrexham 017D,Violence and sexual offences,Under investigation,
66f3430d8379e3b1b32413b2b4a3b5b729f0c0e5b4fa5ca59975353e38680961,2019-01,North Wales Police,North Wales Police,-3.089192,52.975016,On or near Maes Telford,W01000389,Wrexham 017D,Violence and sexual offences,Under investigation,
ada0e0c587d590aed8e7081abfebf3f62df93c06f3491b32caf20296897b6c1e,2019-01,North Wales Police,North Wales Police,-3.087864,52.973724,On or near Sports/Recreation Area,W01000389,Wrexham 017D,Violence and sexual offences,Unable to prosecute suspect,
a50e5c8df31281b350c3f1522ba469bbadd7f1daa419b40702eb81164b4f5202,2019-01,North Wales Police,North Wales Police,-3.095913,52.975179,On or near Y Deri,W01000389,Wrexham 017D,Violence and sexual offences,Unable to prosecute suspect,
4e7e18708289fd9379c2df7c4c888d2781282aa89b37b4e4eedc5444acf2dcac,2019-01,North Wales Police,North Wales Police,-3.089192,52.975016,On or near Maes Telford,W01000389,Wrexham 017D,Violence and sexual offences,Under investigation,
c464a48d1a13e56960a690d32a892bc54c3fc638069460d7bdede68413d9991d,2019-01,North Wales Police,North Wales Police,-3.101744,52.975502,On or near Tir Griffin Close,W01000389,Wrexham 017D,Violence and sexual offences,Unable to prosecute suspect,
e32f0fd5a907964ddbeee494fe88b9ec0e4ce79b5eaea959130a73113bbbc439,2019-01,North Wales Police,North Wales Police,-3.095913,52.975179,On or near Y Deri,W01000389,Wrexham 017D,Violence and sexual offences,Unable to prosecute suspect,
d712118b3dfac74eb5648004e91909e68101d832147f81daa8e00f888509b846,2019-01,North Wales Police,North Wales Police,-3.087864,52.973724,On or near Sports/Recreation Area,W01000389,Wrexham 017D,Violence and sexual offences,Unable to prosecute suspect,
cc44a9a06e90a3264ac0c5cf4b9ec24503ae23cfc1982e03df8ccf454cca4030,2019-01,North Wales Police,North Wales Police,-3.086049,52.961335,On or near Woodlands Road,W01000389,Wrexham 017D,Violence and sexual offences,Action to be taken by another organisation,
aa1b2398774af9bf04d29941ef5975316690f2eac644e72b6222e5ce4c910972,2019-01,North Wales Police,North Wales Police,-3.105469,52.977895,On or near Oakfield,W01000389,Wrexham 017D,Violence and sexual offences,Unable to prosecute suspect,
7619a57a80815d2b6a8d719c6333c8282b2c1212cc669c53b6b032b9e79ed7f4,2019-01,North Wales Police,North Wales Police,-3.095913,52.975179,On or near Y Deri,W01000389,Wrexham 017D,Violence and sexual offences,Action to be taken by another organisation,
,2019-01,North Wales Police,North Wales Police,-3.059700,52.981494,On or near Ogwen,W01000409,Wrexham 017E,Anti-social behaviour,,
,2019-01,North Wales Police,North Wales Police,-3.062337,52.981551,On or near Tegid,W01000409,Wrexham 017E,Anti-social behaviour,,
,2019-01,North Wales Police,North Wales Police,-3.059700,52.981494,On or near Ogwen,W01000409,Wrexham 017E,Anti-social behaviour,,
,2019-01,North Wales Police,North Wales Police,-3.059700,52.981494,On or near Ogwen,W01000409,Wrexham 017E,Anti-social behaviour,,
5b2c085b0e64096c1d38de98ba97053a583be3e5afed13b6517604a1666abe8f,2019-01,North Wales Police,North Wales Police,-3.062337,52.981551,On or near Tegid,W01000409,Wrexham 017E,Bicycle theft,Investigation complete; no suspect identified,
93c854a54c5698f5556ea1b65c832d68f20c38d6c5107c9319f06d55db38cb3b,2019-01,North Wales Police,North Wales Police,-3.062337,52.981551,On or near Tegid,W01000409,Wrexham 017E,Criminal damage and arson,Investigation complete; no suspect identified,
892453c497ffeec330cb4deeb183da86f5191eba1efc01c2d6eecd75952c445d,2019-01,North Wales Police,North Wales Police,-3.064957,52.982067,On or near Whalley'S Way,W01000409,Wrexham 017E,Drugs,Awaiting court outcome,
d9f0a70d9c0d6b68c2ea2891cec219d6514dad769d73bc1b12d9a66d0072eb79,2019-01,North Wales Police,North Wales Police,-3.062337,52.981551,On or near Tegid,W01000409,Wrexham 017E,Other theft,Investigation complete; no suspect identified,
9c221a23ff04c5bd8b272b6cf850421be861edea89de2a75152149f9f975fc56,2019-01,North Wales Police,North Wales Police,-3.059700,52.981494,On or near Ogwen,W01000409,Wrexham 017E,Public order,Under investigation,
73b196c1df0426ac0091de062938e48ad32ff6ea0e3366d96b17892d783130df,2019-01,North Wales Police,North Wales Police,-3.059700,52.981494,On or near Ogwen,W01000409,Wrexham 017E,Vehicle crime,Investigation complete; no suspect identified,
ab7dd9d6fc55765a414a77f13ff40d2c48d4c691cc19616a452ee258d62aeb1b,2019-01,North Wales Police,North Wales Police,-3.062337,52.981551,On or near Tegid,W01000409,Wrexham 017E,Violence and sexual offences,Action to be taken by another organisation,
c3cfdfce37a8c1dcedf864d41fa8fa368b0013d4b32f53b6ba69ee9ba6fc7252,2019-01,North Wales Police,North Wales Police,-3.059700,52.981494,On or near Ogwen,W01000409,Wrexham 017E,Violence and sexual offences,Unable to prosecute suspect,
fe170534b5eb276f43d257ce6d77584857276a26401eb88e9b10c307016ed27e,2019-01,North Wales Police,North Wales Police,-3.064957,52.982067,On or near Whalley'S Way,W01000409,Wrexham 017E,Violence and sexual offences,Unable to prosecute suspect,
544fcd51d6c61e091f42d5ff688f2db1695a5bcbaedb7fc91e8c08c493c49a93,2019-01,North Wales Police,North Wales Police,-3.059700,52.981494,On or near Ogwen,W01000409,Wrexham 017E,Violence and sexual offences,Under investigation,
4ec90ca2b7a800855640330399d9c4be4e2e6a0f9d01ba202a00da521ee0a179,2019-01,North Wales Police,North Wales Police,-3.059700,52.981494,On or near Ogwen,W01000409,Wrexham 017E,Violence and sexual offences,Under investigation,
6f5931e9fcffbf6f80b00fd42f6c20de3e930039598159293a92bac33172c767,2019-01,North Wales Police,North Wales Police,-3.064957,52.982067,On or near Whalley'S Way,W01000409,Wrexham 017E,Violence and sexual offences,Unable to prosecute suspect,
cc6fec8dbb34dcc8e03a850884e534a525f3bd58b98635461dbbd06cec31a1ce,2019-01,North Wales Police,North Wales Police,-3.059700,52.981494,On or near Ogwen,W01000409,Wrexham 017E,Violence and sexual offences,Awaiting court outcome,
098e0a049fe383c68e8e685571936523421603446fe9fb38a6fe90f1ed9c1085,2019-01,North Wales Police,North Wales Police,-3.062337,52.981551,On or near Tegid,W01000409,Wrexham 017E,Violence and sexual offences,Action to be taken by another organisation,
d110c29ec1213544422993e758d0af15ace3404f901cf975ffe831d0db6fe479,2019-01,North Wales Police,North Wales Police,-3.059700,52.981494,On or near Ogwen,W01000409,Wrexham 017E,Violence and sexual offences,Unable to prosecute suspect,
4a2d2c0441b83bbc573c0b4cf9887e35d7bfcd44d8e44fe5f75af7a0ed4c4ddd,2019-01,North Wales Police,North Wales Police,-3.059700,52.981494,On or near Ogwen,W01000409,Wrexham 017E,Violence and sexual offences,Unable to prosecute suspect,
a1301fef5e8f45b8b6484f6fd114a1f919b71a04d116641a09598b42253941a2,2019-01,North Wales Police,North Wales Police,-3.062337,52.981551,On or near Tegid,W01000409,Wrexham 017E,Violence and sexual offences,Action to be taken by another organisation,
7eeee0dc0f019d42c3bcf2d9ddf6578dcbdef4e8d559a2ab1614b3867b7507b6,2019-01,North Wales Police,North Wales Police,-3.059700,52.981494,On or near Ogwen,W01000409,Wrexham 017E,Violence and sexual offences,Unable to prosecute suspect,
30e8aca7f459980d844b08f8aa3208bb425fc6a5e7c15fc62ca52a0b216ee385,2019-01,North Wales Police,North Wales Police,-3.064957,52.982067,On or near Whalley'S Way,W01000409,Wrexham 017E,Violence and sexual offences,Action to be taken by another organisation,
809d5a4f77bfeae339ac54fca839ac2e733567127b983d4303bcf657a7c7809d,2019-01,North Wales Police,North Wales Police,-3.059700,52.981494,On or near Ogwen,W01000409,Wrexham 017E,Violence and sexual offences,Further investigation is not in the public interest,
8ec088fdcef98a8668c2cfb9f3e12182cdb76b87376b3c90b913db73f3b2830b,2019-01,North Wales Police,North Wales Police,-3.059700,52.981494,On or near Ogwen,W01000409,Wrexham 017E,Violence and sexual offences,Awaiting court outcome,
98343cafccd75e08cb90fd85c78f24f85c1b0529d7ee501aac878f7bb563178a,2019-01,North Wales Police,North Wales Police,-3.059700,52.981494,On or near Ogwen,W01000409,Wrexham 017E,Other crime,Unable to prosecute suspect,
c5d157dd88efd0971121f12ced3e532d3f5003d77e952346434cd1a672a160ac,2019-01,North Wales Police,North Wales Police,-3.059700,52.981494,On or near Ogwen,W01000409,Wrexham 017E,Other crime,Under investigation,
8f4af427ff21c1aee4000f33ea1c3a29bf72d6d3a8ed6196dc034e75e654b5ee,2019-01,North Wales Police,North Wales Police,-3.059700,52.981494,On or near Ogwen,W01000409,Wrexham 017E,Other crime,Awaiting court outcome,
564ee5a44ac3ef01347685704625bf389ce45e99b3645275bf46b5c9c7345639,2019-01,North Wales Police,North Wales Police,-2.864950,53.009689,On or near Emral Court,W01000345,Wrexham 018A,Burglary,Investigation complete; no suspect identified,
8e9b3f2f48b2bc69e923b44e57543e6704eceb0147d404d25a90b995165b7461,2019-01,North Wales Police,North Wales Police,-2.909942,53.004516,On or near Abbots Way,W01000345,Wrexham 018A,Criminal damage and arson,Unable to prosecute suspect,
65de5a89eaa005bfc2475520661d89ecdaf082da9a59caeb76a1faf9acf9c2f3,2019-01,North Wales Police,North Wales Police,-2.909216,53.003308,On or near Chester Way,W01000345,Wrexham 018A,Other theft,Under investigation,
ab3e64af1a33bf735a6df3a28f8be17de67ea9f2b200662555da4eab5256f81b,2019-01,North Wales Police,North Wales Police,-2.911495,53.003255,On or near High Street,W01000345,Wrexham 018A,Violence and sexual offences,Investigation complete; no suspect identified,
392396c560920b14970b65d56d215a03dd900751abf5f3187357373539a9a1b1,2019-01,North Wales Police,North Wales Police,-2.866592,53.009047,On or near Whitehouse Mews,W01000345,Wrexham 018A,Violence and sexual offences,Unable to prosecute suspect,
5a9c5334688a395b007bc3f0975c8c7022d0fc547aa1edc6bad4481b7fbd6476,2019-01,North Wales Police,North Wales Police,-2.908538,53.000850,On or near Abbey Gardens,W01000345,Wrexham 018A,Violence and sexual offences,Unable to prosecute suspect,
e1b6a473c998386c181706e59850ade2e97244ca961dbb7c33f8b157f9bb9437,2019-01,North Wales Police,North Wales Police,-2.911495,53.003255,On or near High Street,W01000345,Wrexham 018A,Violence and sexual offences,Investigation complete; no suspect identified,
fcb7ac4a6a8566759b8701358a92df74bdb02f18f713ef0cbcd952ad4874e649,2019-01,North Wales Police,North Wales Police,-2.908538,53.000850,On or near Abbey Gardens,W01000345,Wrexham 018A,Violence and sexual offences,Unable to prosecute suspect,
9cb0f755d32b8e23b9eb0038305973189c57adc6c6a966ebca5f976fe5010af2,2019-01,North Wales Police,North Wales Police,-2.911495,53.003255,On or near High Street,W01000345,Wrexham 018A,Violence and sexual offences,Unable to prosecute suspect,
41abd8ed0ba13647a3c82c651f08afc4c976a561902c19a959bce9dc48c227b6,2019-01,North Wales Police,North Wales Police,-2.769613,52.951293,On or near Maesllwyn Close,W01000346,Wrexham 018B,Bicycle theft,Investigation complete; no suspect identified,
e8193df6d25c638f51dbe297e71668f0e12929dcf4b18e46718b1310688d683c,2019-01,North Wales Police,North Wales Police,-2.749356,52.965059,On or near Whitewell Road,W01000346,Wrexham 018B,Criminal damage and arson,Investigation complete; no suspect identified,
b61d26f360fa7ebd78cfbfc52cffa8c62788b8a26ce188cd22e3ca9c0975df96,2019-01,North Wales Police,North Wales Police,-2.749356,52.965059,On or near Whitewell Road,W01000346,Wrexham 018B,Criminal damage and arson,Formal action is not in the public interest,
1b777626165f0b513e3495390e413f720a181c840a7cf6fdbbc559e2af091064,2019-01,North Wales Police,North Wales Police,-2.762797,52.960641,On or near A525,W01000346,Wrexham 018B,Violence and sexual offences,Unable to prosecute suspect,
b52bca09d580043f74dc42d0968f571e66842379a30cf41c7faf6c523b54aaf1,2019-01,North Wales Police,North Wales Police,-2.823485,52.956361,On or near Brook Lane,W01000403,Wrexham 018C,Burglary,Investigation complete; no suspect identified,
bee13cac9063a512c149993dc994c8929eb31930477ce6ce74ea0bb89f9656f9,2019-01,North Wales Police,North Wales Police,-2.845135,52.958951,On or near Pigeon Lane,W01000403,Wrexham 018C,Violence and sexual offences,Unable to prosecute suspect,
017ae6a9c3cc4e6f64f15f9630468c6e70fb5fcd5f8b3015419a0fda2e0dc922,2019-01,North Wales Police,North Wales Police,-2.811969,52.950300,On or near Glendower Place,W01000403,Wrexham 018C,Violence and sexual offences,Investigation complete; no suspect identified,
be0a240da15fc762408b55bad4c7cc79c3ac2aa58458cd2fdf2bbe7963513ba6,2019-01,North Wales Police,North Wales Police,-2.935609,52.969636,On or near Peel Close,W01000404,Wrexham 018D,Criminal damage and arson,Under investigation,
3db87887eb3576d7703adc8347d155596e137028428268156944b967540418ab,2019-01,North Wales Police,North Wales Police,-2.869829,52.955096,On or near Winston Way,W01000404,Wrexham 018D,Criminal damage and arson,Unable to prosecute suspect,
79dd0c96fbccc713ab6213709fc35de81eaad5fd2e5bde25f67a5352c09f1222,2019-01,North Wales Police,North Wales Police,-2.934752,52.967853,On or near Millwood Rise,W01000404,Wrexham 018D,Public order,Further investigation is not in the public interest,
16120efbe7c15bbe57cf6dab1a84757e05097f2e097e042d9511fb8789f4fb38,2019-01,North Wales Police,North Wales Police,-2.867758,52.954266,On or near Parc Coed Derw,W01000404,Wrexham 018D,Violence and sexual offences,Under investigation,
c1c365e5a11ffb25da2d190e211057d0412b8de3a5996a564492f1f3425d90f1,2019-01,North Wales Police,North Wales Police,-2.874988,52.954051,On or near A539,W01000404,Wrexham 018D,Violence and sexual offences,Unable to prosecute suspect,
,2019-01,North Wales Police,North Wales Police,-3.053788,52.939322,On or near Rhodfa'R Tywysoges,W01000360,Wrexham 019D,Anti-social behaviour,,
f1e83359a5469d52c48fa3ae48c6b8916c1787a2b6f4430e981ec08cd21de3bf,2019-01,North Wales Police,North Wales Police,-3.053788,52.939322,On or near Rhodfa'R Tywysoges,W01000360,Wrexham 019D,Criminal damage and arson,Unable to prosecute suspect,
3182950b8ee9938470cdef4a95fcd70a786215d3ac23ad55f5212eb19b2d03ca,2019-01,North Wales Police,North Wales Police,-3.057285,52.940541,On or near South View,W01000360,Wrexham 019D,Vehicle crime,Investigation complete; no suspect identified,
937f5ce48f3174d71404657dcfe1e873bda6de9519540d3dba3f12240bae7d10,2019-01,North Wales Police,North Wales Police,-3.054437,52.940314,On or near Walden Crescent,W01000360,Wrexham 019D,Violence and sexual offences,Unable to prosecute suspect,
2b8cc7d46ef1db185a1324692f6e34f56da5187a00a2860fe26cdd1abe6ddccb,2019-01,North Wales Police,North Wales Police,-3.053788,52.939322,On or near Rhodfa'R Tywysoges,W01000360,Wrexham 019D,Violence and sexual offences,Unable to prosecute suspect,
,2019-01,North Wales Police,North Wales Police,-3.053777,52.935214,On or near Maes Hir,W01000361,Wrexham 019E,Anti-social behaviour,,
b91e2762dfb0e31e6525b50b2aea65eeac0814084fbb7794830b9345803b4a62,2019-01,North Wales Police,North Wales Police,-3.053057,52.933135,On or near Church View,W01000361,Wrexham 019E,Burglary,Investigation complete; no suspect identified,
e8f657287cf98c2512a258272135d84b97b1f2d4f21137a2a19079f944a90ad5,2019-01,North Wales Police,North Wales Police,-3.066020,52.933280,On or near Parking Area,W01000361,Wrexham 019E,Criminal damage and arson,Investigation complete; no suspect identified,
5d76deced24b5494f6e72019b6c55b29d0c701c149b575f2c0202608da70b817,2019-01,North Wales Police,North Wales Police,-3.040120,52.947668,On or near Green Lane,W01000361,Wrexham 019E,Criminal damage and arson,Under investigation,
66faf7063adb0ef94b9398e81a00c2efd2aed7b6c3385f7de51f8459e9324876,2019-01,North Wales Police,North Wales Police,-3.048893,52.938116,On or near Chirk Green Road,W01000361,Wrexham 019E,Criminal damage and arson,Investigation complete; no suspect identified,
cccf0a89a84817404d0ca9d6a19f7a51b5d47c0763f9443ed40f5fd8a8805e76,2019-01,North Wales Police,North Wales Police,-3.040120,52.947668,On or near Green Lane,W01000361,Wrexham 019E,Criminal damage and arson,Under investigation,
34facc2ec41c3c43e73c5ff15cb5086a6d71f060334b19a11ebfd0dd8f942e3c,2019-01,North Wales Police,North Wales Police,-3.052578,52.934209,On or near Hadley Close,W01000361,Wrexham 019E,Other theft,Under investigation,
1e70a15699d93a42b06d9f1781eac99790322c1178f26e5f8b9ee4050aa795fe,2019-01,North Wales Police,North Wales Police,-3.053777,52.935214,On or near Maes Hir,W01000361,Wrexham 019E,Other theft,Investigation complete; no suspect identified,
9b0bf82340fdd022ad5682e59d9313595aefb409e6973ccf0362ce7dfa73bb4a,2019-01,North Wales Police,North Wales Police,-3.053057,52.933135,On or near Church View,W01000361,Wrexham 019E,Vehicle crime,Under investigation,
4ec5f111457a896962f34f4b3167fca416fb7b6df824e6d05dbaf8c1c88f3b5f,2019-01,North Wales Police,North Wales Police,-3.053057,52.933135,On or near Church View,W01000361,Wrexham 019E,Violence and sexual offences,Under investigation,
6923582f26d7e2f2f3525bd8af35290bacf04380e14d962cd9e0fce63c82373e,2019-01,North Wales Police,North Wales Police,-3.054217,52.931246,On or near Trevor Road,W01000361,Wrexham 019E,Violence and sexual offences,Under investigation,
8e82c3b88bde129aaa7452aaffe7b638ee73667be479a82bdc90cd8aaf5775f3,2019-01,North Wales Police,North Wales Police,-3.051505,52.938444,On or near Pen Y Waun,W01000361,Wrexham 019E,Violence and sexual offences,Unable to prosecute suspect,
a41562865f470b35bf734651b72260fdfffbf2f018cf5c25bb607e2d79aa1b1b,2019-01,North Wales Police,North Wales Police,-3.060997,52.932300,On or near Oakcroft,W01000361,Wrexham 019E,Violence and sexual offences,Investigation complete; no suspect identified,
45f89d86f45dc018431d3131a4d32cbb2fd91b5c3a979e5ec70be4f05523e38a,2019-01,North Wales Police,North Wales Police,-3.054217,52.931246,On or near Trevor Road,W01000361,Wrexham 019E,Violence and sexual offences,Under investigation,
549a445bcdb0975899ffd2c86e64af5135b97484bb5e199916a10ae5eb91c6ad,2019-01,North Wales Police,North Wales Police,-3.050451,52.936089,On or near Colliery Road,W01000361,Wrexham 019E,Violence and sexual offences,Under investigation,
a86ae0f8d7467927c7f09d074b3e98d5a2e0e34a5f53fc3b3585a9371706436a,2019-01,North Wales Police,North Wales Police,-3.054744,52.933974,On or near Longfield,W01000361,Wrexham 019E,Violence and sexual offences,Action to be taken by another organisation,
,2019-01,North Wales Police,North Wales Police,-3.194834,52.931605,On or near Quarry Road,W01001930,Wrexham 019F,Anti-social behaviour,,
,2019-01,North Wales Police,North Wales Police,-3.182869,52.933675,On or near Y Gamer,W01001930,Wrexham 019F,Anti-social behaviour,,
,2019-01,North Wales Police,North Wales Police,-3.165676,52.929476,On or near Old Road,W01001930,Wrexham 019F,Anti-social behaviour,,
eea66c3c3aa194821cddf86f8f49a4e907a4e90b39800f6fb6569300915fca1f,2019-01,North Wales Police,North Wales Police,-3.256940,52.886617,On or near Cysgod Y Berwyn,W01001930,Wrexham 019F,Criminal damage and arson,Investigation complete; no suspect identified,
f79625b39be8782ae23e073cd2fed46dce6cf17a5f27806abc99a40fc28baf8d,2019-01,North Wales Police,North Wales Police,-3.187921,52.931252,On or near Maybury Avenue,W01001930,Wrexham 019F,Criminal damage and arson,Offender given a caution,
c9bd358427324a0245893ae90e258a4dc8c9624bb38663f16642e7c146ee5fe1,2019-01,North Wales Police,North Wales Police,-3.187921,52.931252,On or near Maybury Avenue,W01001930,Wrexham 019F,Public order,Unable to prosecute suspect,
67db141ae783ef116a49265102c3201f52e9d1e7c9d9ead8065cbd0f1193af4f,2019-01,North Wales Police,North Wales Police,-3.194553,52.929486,On or near Tyn Y Cestyll Road,W01001930,Wrexham 019F,Violence and sexual offences,Under investigation,
eaf1aa71e3f894c4f31fd74e2034c8194fae4e9106d950b4da07f69db53c2adf,2019-01,North Wales Police,North Wales Police,-3.256940,52.886617,On or near Cysgod Y Berwyn,W01001930,Wrexham 019F,Violence and sexual offences,Under investigation,
8f64f0b5cb1dbf44582d869433b55d8390b0542560671cd5cee50882a85866ad,2019-01,North Wales Police,North Wales Police,-3.187921,52.931252,On or near Maybury Avenue,W01001930,Wrexham 019F,Violence and sexual offences,Formal action is not in the public interest,
,2019-01,North Wales Police,North Wales Police,-2.924972,53.039055,On or near Redwither Road,W01000383,Wrexham 020A,Anti-social behaviour,,
,2019-01,North Wales Police,North Wales Police,-2.958703,53.052290,On or near Sports/Recreation Area,W01000383,Wrexham 020A,Anti-social behaviour,,
,2019-01,North Wales Police,North Wales Police,-2.958703,53.052290,On or near Sports/Recreation Area,W01000383,Wrexham 020A,Anti-social behaviour,,
ac71eaec40e85f9329e64269d4b94024dce00dd1f2b0c451ae67c4d4d261bf25,2019-01,North Wales Police,North Wales Police,-2.897155,53.061966,On or near B5130,W01000383,Wrexham 020A,Burglary,Investigation complete; no suspect identified,
eff8d928817e1513a7e5f2043a42a48d73a5c08efa3ad42b99caf1966396a462,2019-01,North Wales Police,North Wales Police,-2.893256,53.028573,On or near Sun Lane,W01000383,Wrexham 020A,Burglary,Investigation complete; no suspect identified,
57fdb9028283565f31dd9d2b2331d7aed380b3531160c57e1f029a6907439f54,2019-01,North Wales Police,North Wales Police,-2.898926,53.045259,On or near Sports/Recreation Area,W01000383,Wrexham 020A,Burglary,Under investigation,
9fad99ac7ea45233d54a1c39a94ff60f34287650c225fad749e29a370843f6f0,2019-01,North Wales Police,North Wales Police,-2.902557,53.054131,On or near Ridley Wood Road,W01000383,Wrexham 020A,Burglary,Investigation complete; no suspect identified,
969bf1eaf52e1f4d19bfa4745a6fb8b356baf17673f5da9fb2d3059d4420827a,2019-01,North Wales Police,North Wales Police,-2.964502,53.056054,On or near Ryder Close,W01000383,Wrexham 020A,Burglary,Under investigation,
535b52fc2442bf81f2fa589d9c34ccc7942014ba8b2e4fb93080d93577631a34,2019-01,North Wales Police,North Wales Police,-2.902557,53.054131,On or near Ridley Wood Road,W01000383,Wrexham 020A,Burglary,Investigation complete; no suspect identified,
bab3ba086610987639c6f2ebe53f4305e84e6898114345f7ef241e0ad72d3a2d,2019-01,North Wales Police,North Wales Police,-2.909043,53.038342,On or near Park/Open Space,W01000383,Wrexham 020A,Burglary,Investigation complete; no suspect identified,
8a36ded1373a4ea1f2e9cbf1ff86df0c4f6e40c30d4973eb377e485597547719,2019-01,North Wales Police,North Wales Police,-2.902557,53.054131,On or near Ridley Wood Road,W01000383,Wrexham 020A,Burglary,Investigation complete; no suspect identified,
ea10156628d095a48ef17e17f5468d67f8da46882f0e0096b50ad6ab74289243,2019-01,North Wales Police,North Wales Police,-2.924972,53.039055,On or near Redwither Road,W01000383,Wrexham 020A,Criminal damage and arson,Investigation complete; no suspect identified,
29e3d60c5aaf6fe30e6c8ff292c4cb2f4ee11ad53462ba80c0a84630c6387513,2019-01,North Wales Police,North Wales Police,-2.924972,53.039055,On or near Redwither Road,W01000383,Wrexham 020A,Criminal damage and arson,Investigation complete; no suspect identified,
e64ba22a6940e769c4b983a28795832e04040ce363c52b16748c34dd00b67677,2019-01,North Wales Police,North Wales Police,-2.924972,53.039055,On or near Redwither Road,W01000383,Wrexham 020A,Criminal damage and arson,Investigation complete; no suspect identified,
9742c448c24cb072197fc43e52504800f8cf9dc275dc8b3940543d888ffe1d05,2019-01,North Wales Police,North Wales Police,-2.937878,53.060582,On or near A534,W01000383,Wrexham 020A,Criminal damage and arson,Investigation complete; no suspect identified,
3460f1f91d8f1d6b4c98f8325f4c7d14023a4b4f6167b2c87bab2c4951652b4e,2019-01,North Wales Police,North Wales Police,-2.929550,53.036970,On or near Bridge Road,W01000383,Wrexham 020A,Criminal damage and arson,Awaiting court outcome,
eb277b4c30da58be9a510322ae89d03430af5192c73b431ef6002ec8120890bb,2019-01,North Wales Police,North Wales Police,-2.958703,53.052290,On or near Sports/Recreation Area,W01000383,Wrexham 020A,Criminal damage and arson,Investigation complete; no suspect identified,
9852977aad5dac4be643703f887f322d6c91500696d82e34226dc8242ff9ac58,2019-01,North Wales Police,North Wales Police,-2.929550,53.036970,On or near Bridge Road,W01000383,Wrexham 020A,Drugs,Action to be taken by another organisation,
afa501e6542dbd66380365ecd2d0052f9e74cab3f34aad7d9fd2aeda1a7cda3d,2019-01,North Wales Police,North Wales Police,-2.928956,53.056472,On or near Hugmore Lane,W01000383,Wrexham 020A,Other theft,Investigation complete; no suspect identified,
c61e62352f181f1e0485107d066346740e05b8ece993b874b2a8d41e5692869a,2019-01,North Wales Police,North Wales Police,-2.909043,53.038342,On or near Park/Open Space,W01000383,Wrexham 020A,Vehicle crime,Investigation complete; no suspect identified,
faf79382e94a6ae48c1f7299b30f198ecdc446d838560a40aea6c002d8a6f1fb,2019-01,North Wales Police,North Wales Police,-2.936422,53.033347,On or near Bridgeway West,W01000383,Wrexham 020A,Violence and sexual offences,Action to be taken by another organisation,
98d4995c17d5e68ea2209d0a9d74432895c626b1a74fea4e353a5359dd0ec416,2019-01,North Wales Police,North Wales Police,-2.929550,53.036970,On or near Bridge Road,W01000383,Wrexham 020A,Violence and sexual offences,Under investigation,
2cf1f3b9e95366eef03be21a4ce995db2846b451678dc510a79d6a9903e7ce63,2019-01,North Wales Police,North Wales Police,-2.929550,53.036970,On or near Bridge Road,W01000383,Wrexham 020A,Violence and sexual offences,Under investigation,
c19630ba9438c736c897bcfc050daf79cd889e38e2ec0f916a13e7fd7bc521ec,2019-01,North Wales Police,North Wales Police,-2.929550,53.036970,On or near Bridge Road,W01000383,Wrexham 020A,Violence and sexual offences,Action to be taken by another organisation,
2638d520d435231ea8f858166fd7516c08e1ba087c19a17c27da98f6e73dc884,2019-01,North Wales Police,North Wales Police,-2.918121,53.040924,On or near Marlborough Road,W01000383,Wrexham 020A,Violence and sexual offences,Under investigation,
5ea2bd9b2b15ac66bc1c74f52bd2309255e3de816a6614a19ad2d09936cb5920,2019-01,North Wales Police,North Wales Police,-2.929550,53.036970,On or near Bridge Road,W01000383,Wrexham 020A,Violence and sexual offences,Under investigation,
61357d8ee4652358e67eaf85918a7dfbd06e7900df8fe70f68f48fda72fcc043,2019-01,North Wales Police,North Wales Police,-2.929550,53.036970,On or near Bridge Road,W01000383,Wrexham 020A,Violence and sexual offences,Under investigation,
dd7e811bdd1683f48eb0418bf2b3e393879552f165e960805c640e3a2f3d29d8,2019-01,North Wales Police,North Wales Police,-2.938366,53.034302,On or near Pilgrim Way,W01000383,Wrexham 020A,Violence and sexual offences,Action to be taken by another organisation,
1972d2b6054e5ac7ab4149a75b0e9229349930f20f061a76b3235ea7a733b6f6,2019-01,North Wales Police,North Wales Police,-2.929550,53.036970,On or near Bridge Road,W01000383,Wrexham 020A,Violence and sexual offences,Action to be taken by another organisation,
690f587a53ec6b6a453b5d9dae0de88a36a570bd4d25769818c8538091dc65ed,2019-01,North Wales Police,North Wales Police,-2.927765,53.073283,On or near Buck Road,W01000383,Wrexham 020A,Violence and sexual offences,Unable to prosecute suspect,
e99588e0599249dd20b6aa277850f0c0b40e64fe6e5ef572a11df23ffabaee66,2019-01,North Wales Police,North Wales Police,-2.929550,53.036970,On or near Bridge Road,W01000383,Wrexham 020A,Violence and sexual offences,Under investigation,
a021326b06f032ecc7c6ec430175e4928810e1373158317b02a59ea6fcbe3d37,2019-01,North Wales Police,North Wales Police,-2.929550,53.036970,On or near Bridge Road,W01000383,Wrexham 020A,Violence and sexual offences,Action to be taken by another organisation,
2b1c834a68426b556df1d698f9941f52c12484ecad57a057a38887779558dc12,2019-01,North Wales Police,North Wales Police,-2.938366,53.034302,On or near Pilgrim Way,W01000383,Wrexham 020A,Violence and sexual offences,Action to be taken by another organisation,
62200c5ea997cfc768564430b5ad475d508e0212831b7755da0f53306b372e90,2019-01,North Wales Police,North Wales Police,-2.929550,53.036970,On or near Bridge Road,W01000383,Wrexham 020A,Violence and sexual offences,Action to be taken by another organisation,
bbe088f2c917d5986004dc801c72680fad3048a66db4fb8e71c31373466c5f78,2019-01,North Wales Police,North Wales Police,-2.929550,53.036970,On or near Bridge Road,W01000383,Wrexham 020A,Violence and sexual offences,Further investigation is not in the public interest,
064204abbfd1d398f1f03e5817a13e7edc3ed3a875116406afec003a865563f0,2019-01,North Wales Police,North Wales Police,-2.929550,53.036970,On or near Bridge Road,W01000383,Wrexham 020A,Violence and sexual offences,Under investigation,
d0512513280e721b1496318cb27796e64e89160dee8ea827664c43398560d87f,2019-01,North Wales Police,North Wales Police,-2.929550,53.036970,On or near Bridge Road,W01000383,Wrexham 020A,Violence and sexual offences,Under investigation,
9db49ef387989bef64d7096298da367e33e7220e6293bc6abb1d2851eb4bea67,2019-01,North Wales Police,North Wales Police,-2.929550,53.036970,On or near Bridge Road,W01000383,Wrexham 020A,Violence and sexual offences,Under investigation,
49b51c4ad7df56de4ff8d1d147cc2940680c91ca4e6e799b5f848915bb3a5c41,2019-01,North Wales Police,North Wales Police,-2.929550,53.036970,On or near Bridge Road,W01000383,Wrexham 020A,Violence and sexual offences,Action to be taken by another organisation,
ea418be2a64a12df6dfd0c951bc91ba009db906f3e46531fbd00ac4e96891cb3,2019-01,North Wales Police,North Wales Police,-2.929550,53.036970,On or near Bridge Road,W01000383,Wrexham 020A,Violence and sexual offences,Action to be taken by another organisation,
9043dd50a755bfde82bc56d04c9a9ab676a2e07a8e8e740d65fe984a2f8af913,2019-01,North Wales Police,North Wales Police,-2.929550,53.036970,On or near Bridge Road,W01000383,Wrexham 020A,Violence and sexual offences,Under investigation,
7dd36e6e2f2d7bbf722b90e04bca3be2c0c57df1b84c15a3a88832a21891de5f,2019-01,North Wales Police,North Wales Police,-2.929550,53.036970,On or near Bridge Road,W01000383,Wrexham 020A,Violence and sexual offences,Under investigation,
9f4bd79824fdb8ce62af14bd009627be3ba3d069d3b87eeedda0c00ece912f9a,2019-01,North Wales Police,North Wales Police,-2.929550,53.036970,On or near Bridge Road,W01000383,Wrexham 020A,Other crime,Unable to prosecute suspect,
1de282f312def7caf7df3cab801534301f7420844275c91932aca5df7fbe4de7,2019-01,North Wales Police,North Wales Police,-2.929550,53.036970,On or near Bridge Road,W01000383,Wrexham 020A,Other crime,Action to be taken by another organisation,
6f095428294d587e3a383578699645c30a112f9d09e71b9dfb3d58ff7c1114e6,2019-01,North Wales Police,North Wales Police,-2.929550,53.036970,On or near Bridge Road,W01000383,Wrexham 020A,Other crime,Awaiting court outcome,
b7f69e164f267f9f454bf088044c9ef7f6d7cd879c15a879c347cfcaa157292c,2019-01,North Wales Police,North Wales Police,-2.929550,53.036970,On or near Bridge Road,W01000383,Wrexham 020A,Other crime,Under investigation,
58504db6c245a751c6d12f9d8722e1909937b2bd0d3e95e0337ab2297f0e9033,2019-01,North Wales Police,North Wales Police,-2.929550,53.036970,On or near Bridge Road,W01000383,Wrexham 020A,Other crime,Under investigation,
90f6a195d249fce9190cf812d2effac9015ebd36a0e4cbeedbb38131a32ebd61,2019-01,North Wales Police,North Wales Police,-2.929550,53.036970,On or near Bridge Road,W01000383,Wrexham 020A,Other crime,Under investigation,
e8a954cbb25e8c02857aff5ea3075de6e5b6a7260dcb017fe5ccc966363188da,2019-01,North Wales Police,North Wales Police,-2.929550,53.036970,On or near Bridge Road,W01000383,Wrexham 020A,Other crime,Under investigation,
,2019-01,North Wales Police,North Wales Police,-2.881791,53.078316,On or near Castle Mews,W01000384,Wrexham 020B,Anti-social behaviour,,
dc3ff7a04dd08bf7f8f647939fb32759f7f0fc1ebd8d9e29ec589bc14242f86f,2019-01,North Wales Police,North Wales Police,-2.881600,53.079189,On or near The Cross,W01000384,Wrexham 020B,Vehicle crime,Investigation complete; no suspect identified,
,2019-01,North Wales Police,North Wales Police,-2.992350,53.095963,On or near Rhodfa'R Llwfen,W01000390,Wrexham 020C,Anti-social behaviour,,
e0dcabfc1f1dec3e77828f01ebd50d4da6c0af6ee0f25c3e1ef50a6da5bd4f4d,2019-01,North Wales Police,North Wales Police,-3.008305,53.100665,On or near Miners Road,W01000390,Wrexham 020C,Burglary,Investigation complete; no suspect identified,
4ee199a37c17f330b591b2af1649366a5cd54af8b327f6ea65bada6122352893,2019-01,North Wales Police,North Wales Police,-2.996640,53.096116,On or near St Martins Mews,W01000390,Wrexham 020C,Criminal damage and arson,Investigation complete; no suspect identified,
86a7d0ac420e37af7119e0313cd849a8a4081a860079782e19dfe0034703b83e,2019-01,North Wales Police,North Wales Police,-2.996640,53.096116,On or near St Martins Mews,W01000390,Wrexham 020C,Criminal damage and arson,Investigation complete; no suspect identified,
e75150fc6ec2bddfb145a32fec9116fbd57902a48633fe0c6b86b58987a8f7c1,2019-01,North Wales Police,North Wales Police,-3.015011,53.099359,On or near Parc Glowyr,W01000390,Wrexham 020C,Vehicle crime,Under investigation,
7a1526c5e35fb01d444f0122e00118c104a884760d6502565cbe833f40654515,2019-01,North Wales Police,North Wales Police,-3.003448,53.097983,On or near Aerial Road,W01000390,Wrexham 020C,Violence and sexual offences,Unable to prosecute suspect,
34282e48fc00e805c8e6ecde641126cb09802d0061db2a61f05fd0c9da4d50cf,2019-01,North Wales Police,North Wales Police,-3.011242,53.102960,On or near Fford Davy,W01000390,Wrexham 020C,Violence and sexual offences,Awaiting court outcome,
4052a8333b7e51e32bc9b26c2b769f0e196075189b89fb06043e604af81683b7,2019-01,North Wales Police,North Wales Police,-3.000605,53.096460,On or near Rhodfa Gyntaf,W01000390,Wrexham 020C,Violence and sexual offences,Unable to prosecute suspect,
,2019-01,North Wales Police,North Wales Police,-2.935704,53.113816,On or near Broadoaks,W01000417,Wrexham 020D,Anti-social behaviour,,
,2019-01,North Wales Police,North Wales Police,-2.940069,53.117315,On or near Beech Hollows,W01000417,Wrexham 020D,Anti-social behaviour,,
5f82612be4d9cc33ed5bc7cf115be1324d897a0ee36a90ad05c76fc359cfb1c4,2019-01,North Wales Police,North Wales Police,-2.924594,53.096635,On or near Daisy Lane,W01000417,Wrexham 020D,Other theft,Investigation complete; no suspect identified,
c71ac207767743128aaba3c3bd1a6774ef6e9a9169ba0137307ee31c9c42247d,2019-01,North Wales Police,North Wales Police,-2.940069,53.117315,On or near Beech Hollows,W01000417,Wrexham 020D,Other theft,Under investigation,
2b0f41e9a7d8167f95e3896635220eb3a84f359222593c452b0e25b04c8865b8,2019-01,North Wales Police,North Wales Police,-2.937980,53.118824,On or near Mill Brook Close,W01000417,Wrexham 020D,Violence and sexual offences,Unable to prosecute suspect,
073ac59bedae6ac83c1f36cc57688b2dabcb3d257208c0b4b33a14ba40566f08,2019-01,North Wales Police,North Wales Police,-2.941566,53.109968,On or near Holt Road,W01000417,Wrexham 020D,Violence and sexual offences,Under investigation,
a32aa5f6617740f5d6ab40eba0aa0080bc21654772f117088b22287519a56f43,2019-01,North Wales Police,North Wales Police,-2.935704,53.113816,On or near Broadoaks,W01000417,Wrexham 020D,Violence and sexual offences,Unable to prosecute suspect,
,2019-01,North Wales Police,North Wales Police,-2.939537,53.112105,On or near Waverley Crescent,W01000418,Wrexham 020E,Anti-social behaviour,,
9902f2590d11696c67075c46ef327bec5d6acd9a979d494cf44b7c3e868e31d5,2019-01,North Wales Police,North Wales Police,-2.943329,53.110655,On or near The Smithy,W01000418,Wrexham 020E,Burglary,Further investigation is not in the public interest,
8048e29e4c2607d84fa457b3d26fe795df4117256ae3a118751ab2c2e2ac4f84,2019-01,North Wales Police,North Wales Police,-2.967378,53.117141,On or near Burton Hall Road,W01000418,Wrexham 020E,Criminal damage and arson,Investigation complete; no suspect identified,
820bd6333d3d00e115cbab47949cd269d1cbf6f558374685c86a44ad8fa2081b,2019-01,North Wales Police,North Wales Police,-2.943329,53.110655,On or near The Smithy,W01000418,Wrexham 020E,Other theft,Investigation complete; no suspect identified,
27f85c410342382fbf9e120c8e039fca3db8d78bd694f0298c13b6b90d5034ce,2019-01,North Wales Police,North Wales Police,-2.953530,53.107841,On or near Station Road,W01000418,Wrexham 020E,Vehicle crime,Investigation complete; no suspect identified,
,2019-01,North Wales Police,North Wales Police,-2.973604,53.087875,On or near Springfield Court,W01000369,Wrexham 020F,Anti-social behaviour,,
1f6ccab6cef8a61dcc8c5659d2ec6ca40666f19b8f5d8ccf0c680a91e5f4b87b,2019-01,North Wales Police,North Wales Police,-2.968551,53.088249,On or near Chestnut Close,W01000369,Wrexham 020F,Criminal damage and arson,Further investigation is not in the public interest,
,2019-01,North Wales Police,North Wales Police,-2.977283,53.084806,On or near Clappers Lane,W01000370,Wrexham 020G,Anti-social behaviour,,
,2019-01,North Wales Police,North Wales Police,-2.977283,53.084806,On or near Clappers Lane,W01000370,Wrexham 020G,Anti-social behaviour,,
,2019-01,North Wales Police,North Wales Police,-2.976568,53.080263,On or near Pikey Lane,W01000370,Wrexham 020G,Anti-social behaviour,,
64e734be16d925000138fe446571587004a6bfea8e6ea03be757be1269871e2d,2019-01,North Wales Police,North Wales Police,-2.991841,53.080317,On or near Pont-Y-Capel Lane,W01000370,Wrexham 020G,Vehicle crime,Under investigation,
2c04d48ef2d6afb4db80caebc123c4c7d70c8558d2a56e1d82c3f7479bc06335,2019-01,North Wales Police,North Wales Police,-2.970638,53.085445,On or near Chester Road,W01000370,Wrexham 020G,Violence and sexual offences,Further investigation is not in the public interest,
,2019-01,North Wales Police,North Wales Police,-2.959528,53.086713,On or near Gorse Crescent,W01000396,Wrexham 020H,Anti-social behaviour,,
,2019-01,North Wales Police,North Wales Police,-2.958952,53.088983,On or near Sandrock Road,W01000396,Wrexham 020H,Anti-social behaviour,,
,2019-01,North Wales Police,North Wales Police,-2.958315,53.093240,On or near Woodridge Avenue,W01000397,Wrexham 020I,Anti-social behaviour,,
1ffd8bb12dacbb75752aab5d585840cc8b036660fec080da27f768173bdf55bf,2019-01,North Wales Police,North Wales Police,-2.958315,53.093240,On or near Woodridge Avenue,W01000397,Wrexham 020I,Violence and sexual offences,Further investigation is not in the public interest,
